1.831854
0.038969
0.039239
0.039258
0.039273
0.039289
0.039303
0.039318
0.039332
0.039346
0.039361
0.039377
0.037664
0.037905
0.037933
0.037948
0.037962
0.037977
0.037992
0.038005
0.038018
0.038033
0.038046
0.029612
0.029847
0.029864
0.029880
0.029893
0.029906
0.029919
0.029933
0.029946
0.029959
0.029973
0.038134
0.038383
0.038403
0.038430
0.038449
0.038467
0.038484
0.038503
0.038521
0.038538
0.038557
0.033115
0.033345
0.033363
0.033377
0.033391
0.033404
0.033417
0.033430
0.033445
0.033458
0.033471
0.029986
0.030210
0.030228
0.030243
0.030256
0.030269
0.030287
0.030300
0.030313
0.030326
0.030339
0.030024
0.030252
0.030269
0.030283
0.030297
0.030311
0.030326
0.030339
0.030352
0.030365
0.030378
0.029461
0.029676
0.029702
0.029716
0.029729
0.029742
0.029756
0.029769
0.029782
0.029795
0.029809
0.029608
0.029833
0.029851
0.029865
0.029879
0.029892
0.029905
0.029918
0.029931
0.029945
0.029958
0.052674
0.052897
0.052914
0.052928
0.052942
0.052955
0.052968
0.052984
0.052997
0.053010
0.053023
0.033699
0.033937
0.033967
0.033994
0.034020
0.034045
0.034070
0.034094
0.034117
0.034142
0.034166
0.030375
0.030612
0.030641
0.030668
0.030694
0.030722
0.030746
0.030770
0.030794
0.030818
0.030841
0.030398
0.030625
0.030642
0.030656
0.030669
0.030683
0.030696
0.030709
0.030723
0.030735
0.030749
0.030137
0.030361
0.030378
0.030392
0.030405
0.030421
0.030435
0.030448
0.030460
0.030473
0.030486
0.031502
0.031725
0.031742
0.031756
0.031770
0.031784
0.031797
0.031810
0.031823
0.031836
0.031849
0.032203
0.032430
0.032447
0.032461
0.032475
0.032488
0.032501
0.032514
0.032529
0.032541
0.032554
0.030032
0.030247
0.030263
0.030287
0.030301
0.030315
0.030328
0.030341
0.030354
0.030367
0.030380
0.029602
0.029828
0.029845
0.029859
0.029872
0.029886
0.029899
0.029911
0.029925
0.029938
0.029950
0.030713
0.030936
0.030954
0.030971
0.030984
0.030998
0.031011
0.031024
0.031037
0.031051
0.031064
0.056352
0.056579
0.056596
0.056610
0.056623
0.056636
0.056649
0.056662
0.056675
0.056689
0.056701
0.032071
0.032308
0.032325
0.032339
0.032353
0.032366
0.032380
0.032393
0.032405
0.032422
0.032435
0.030272
0.030500
0.030541
0.030566
0.030585
0.030605
0.030625
0.030644
0.030665
0.030685
0.030706
0.030790
0.031006
0.031033
0.031047
0.031060
0.031074
0.031087
0.031101
0.031114
0.031127
0.031141
0.030714
0.030942
0.030959
0.030973
0.030987
0.031001
0.031015
0.031028
0.031041
0.031054
0.031067
0.030379
0.030596
0.030622
0.030637
0.030651
0.030667
0.030681
0.030694
0.030707
0.030720
0.030733
0.031354
0.031570
0.031596
0.031611
0.031625
0.031638
0.031652
0.031665
0.031678
0.031691
0.031704
0.029314
0.029540
0.029558
0.029572
0.029586
0.029599
0.029612
0.029625
0.029639
0.029651
0.029665
0.031149
0.031376
0.031394
0.031408
0.031421
0.031435
0.031448
0.031461
0.031475
0.031487
0.031501
0.030303
0.030532
0.030550
0.030564
0.030578
0.030591
0.030605
0.030618
0.030631
0.030644
0.030658
0.055099
0.055324
0.055342
0.055356
0.055370
0.055383
0.055397
0.055410
0.055423
0.055435
0.055449
0.031544
0.031768
0.031786
0.031801
0.031815
0.031828
0.031841
0.031854
0.031868
0.031881
0.031894
0.030101
0.030327
0.030344
0.030358
0.030371
0.030385
0.030398
0.030411
0.030424
0.030437
0.030450
0.030471
0.030688
0.030717
0.030732
0.030746
0.030758
0.030772
0.030785
0.030798
0.030812
0.030825
0.030826
0.031044
0.031071
0.031085
0.031098
0.031112
0.031125
0.031138
0.031151
0.031164
0.031177
0.029926
0.030151
0.030168
0.030182
0.030196
0.030210
0.030223
0.030237
0.030251
0.030264
0.030277
0.032412
0.032639
0.032656
0.032670
0.032684
0.032697
0.032710
0.032723
0.032736
0.032749
0.032762
0.031583
0.031811
0.031828
0.031843
0.031857
0.031870
0.031884
0.031898
0.031911
0.031929
0.031942
0.030699
0.030925
0.030942
0.030957
0.030970
0.030984
0.030997
0.031010
0.031023
0.031037
0.031050
0.031226
0.031453
0.031470
0.031485
0.031498
0.031512
0.031526
0.031539
0.031553
0.031566
0.031579
0.058604
0.058828
0.058846
0.058860
0.058874
0.058887
0.058900
0.058914
0.058927
0.058940
0.058953
0.032339
0.032569
0.032587
0.032601
0.032615
0.032629
0.032642
0.032655
0.032668
0.032681
0.032694
0.029241
0.029467
0.029484
0.029498
0.029512
0.029526
0.029539
0.029551
0.029564
0.029578
0.029591
0.032068
0.032294
0.032311
0.032326
0.032340
0.032352
0.032366
0.032379
0.032392
0.032405
0.032418
0.031490
0.031706
0.031732
0.031746
0.031759
0.031772
0.031785
0.031799
0.031811
0.031825
0.031838
0.031860
0.032087
0.032105
0.032120
0.032133
0.032146
0.032159
0.032172
0.032186
0.032198
0.032211
0.031832
0.032061
0.032079
0.032093
0.032107
0.032120
0.032134
0.032147
0.032160
0.032173
0.032186
0.029620
0.029848
0.029865
0.029880
0.029893
0.029907
0.029920
0.029933
0.029946
0.029959
0.029972
0.030227
0.030456
0.030473
0.030488
0.030501
0.030515
0.030528
0.030541
0.030554
0.030571
0.030584
0.033016
0.033232
0.033258
0.033273
0.033286
0.033299
0.033313
0.033326
0.033340
0.033353
0.033366
0.058151
0.058376
0.058394
0.058408
0.058421
0.058434
0.058447
0.058460
0.058472
0.058485
0.058498
0.032717
0.032940
0.032957
0.032972
0.032985
0.032999
0.033012
0.033025
0.033038
0.033051
0.033064
0.031770
0.031996
0.032014
0.032028
0.032042
0.032055
0.032068
0.032081
0.032094
0.032108
0.032121
0.031329
0.031556
0.031574
0.031588
0.031601
0.031615
0.031628
0.031641
0.031655
0.031668
0.031681
0.030513
0.030737
0.030755
0.030769
0.030782
0.030795
0.030808
0.030822
0.030835
0.030848
0.030861
0.032466
0.032691
0.032708
0.032723
0.032739
0.032753
0.032766
0.032779
0.032792
0.032805
0.032818
0.031203
0.031431
0.031448
0.031463
0.031477
0.031490
0.031503
0.031516
0.031530
0.031543
0.031556
0.031294
0.031522
0.031540
0.031554
0.031568
0.031581
0.031594
0.031607
0.031620
0.031633
0.031646
0.030276
0.030500
0.030517
0.030532
0.030545
0.030559
0.030572
0.030586
0.030599
0.030612
0.030625
0.030123
0.030349
0.030366
0.030381
0.030394
0.030408
0.030421
0.030434
0.030447
0.030459
0.030472
0.053577
0.053802
0.053819
0.053833
0.053847
0.053860
0.053874
0.053887
0.053900
0.053914
0.053927
0.032189
0.032418
0.032436
0.032450
0.032464
0.032477
0.032490
0.032503
0.032516
0.032529
0.032542
0.035422
0.035652
0.035670
0.035685
0.035699
0.035712
0.035726
0.035739
0.035756
0.035769
0.035782
0.032392
0.032619
0.032636
0.032650
0.032664
0.032677
0.032690
0.032703
0.032716
0.032729
0.032743
0.032149
0.032377
0.032395
0.032410
0.032424
0.032437
0.032451
0.032464
0.032477
0.032494
0.032510
0.032043
0.032309
0.032340
0.032357
0.032372
0.032389
0.032405
0.032421
0.032436
0.032452
0.032469
0.028836
0.029068
0.029088
0.029104
0.029121
0.029137
0.029153
0.029169
0.029185
0.029200
0.029216
0.030283
0.030516
0.030537
0.030554
0.030569
0.030585
0.030600
0.030615
0.030630
0.030645
0.030660
0.031044
0.031279
0.031298
0.031316
0.031334
0.031351
0.031368
0.031383
0.031399
0.031415
0.031430
0.032023
0.032237
0.032274
0.032299
0.032324
0.032349
0.032373
0.032398
0.032422
0.032445
0.032470
0.057091
0.057320
0.057346
0.057372
0.057395
0.057420
0.057444
0.057468
0.057492
0.057516
0.057540
0.032087
0.032321
0.032349
0.032373
0.032399
0.032423
0.032448
0.032471
0.032496
0.032519
0.032543
0.028607
0.028846
0.028877
0.028905
0.028932
0.028956
0.028981
0.029005
0.029029
0.029054
0.029077
0.030726
0.030953
0.030977
0.031003
0.031027
0.031052
0.031077
0.031101
0.031125
0.031149
0.031173
0.030380
0.030617
0.030646
0.030675
0.030700
0.030727
0.030751
0.030775
0.030799
0.030822
0.030845
0.029089
0.029319
0.029338
0.029356
0.029372
0.029388
0.029404
0.029419
0.029435
0.029452
0.029468
0.031938
0.032166
0.032187
0.032205
0.032221
0.032237
0.032256
0.032272
0.032287
0.032303
0.032317
0.031389
0.031622
0.031643
0.031660
0.031676
0.031692
0.031708
0.031724
0.031740
0.031756
0.031771
0.029076
0.029302
0.029321
0.029338
0.029354
0.029370
0.029386
0.029401
0.029417
0.029432
0.029448
0.031435
0.031665
0.031685
0.031707
0.031725
0.031740
0.031757
0.031772
0.031788
0.031803
0.031819
0.058996
0.059214
0.059232
0.059259
0.059275
0.059295
0.059311
0.059326
0.059342
0.059357
0.059372
0.031595
0.031823
0.031843
0.031860
0.031877
0.031897
0.031914
0.031929
0.031945
0.031962
0.031978
0.029563
0.029803
0.029823
0.029839
0.029855
0.029871
0.029887
0.029903
0.029918
0.029934
0.029949
0.026969
0.027193
0.027211
0.027225
0.027239
0.027253
0.027266
0.027279
0.027292
0.027305
0.027319
0.029072
0.029288
0.029314
0.029328
0.029342
0.029355
0.029368
0.029381
0.029393
0.029406
0.029419
0.030381
0.030606
0.030623
0.030638
0.030652
0.030665
0.030678
0.030692
0.030704
0.030718
0.030731
0.032696
0.032914
0.032930
0.032944
0.032967
0.032980
0.032994
0.033007
0.033020
0.033033
0.033046
0.031108
0.031327
0.031353
0.031373
0.031386
0.031399
0.031413
0.031426
0.031439
0.031452
0.031465
0.031141
0.031367
0.031385
0.031400
0.031414
0.031427
0.031441
0.031454
0.031467
0.031481
0.031494
0.030958
0.031188
0.031205
0.031219
0.031233
0.031247
0.031260
0.031273
0.031286
0.031299
0.031313
0.059433
0.059657
0.059675
0.059689
0.059702
0.059716
0.059729
0.059741
0.059755
0.059768
0.059781
0.032371
0.032611
0.032644
0.032669
0.032695
0.032720
0.032744
0.032768
0.032791
0.032815
0.032838
0.031018
0.031247
0.031271
0.031292
0.031317
0.031341
0.031365
0.031389
0.031413
0.031437
0.031461
0.030457
0.030679
0.030718
0.030743
0.030767
0.030792
0.030816
0.030840
0.030864
0.030888
0.030911
0.030742
0.030974
0.030994
0.031011
0.031027
0.031042
0.031058
0.031072
0.031088
0.031103
0.031119
0.032257
0.032490
0.032511
0.032528
0.032544
0.032560
0.032576
0.032591
0.032607
0.032623
0.032637
0.030914
0.031138
0.031157
0.031183
0.031200
0.031216
0.031232
0.031248
0.031264
0.031280
0.031295
0.030352
0.030588
0.030607
0.030624
0.030641
0.030658
0.030673
0.030689
0.030704
0.030720
0.030735
0.030124
0.030343
0.030372
0.030389
0.030405
0.030421
0.030437
0.030453
0.030469
0.030484
0.030500
0.029627
0.029850
0.029880
0.029897
0.029915
0.029929
0.029942
0.029955
0.029970
0.029983
0.029996
0.056788
0.057012
0.057030
0.057045
0.057061
0.057078
0.057096
0.057112
0.057127
0.057143
0.057158
0.031990
0.032212
0.032230
0.032244
0.032258
0.032271
0.032284
0.032297
0.032310
0.032324
0.032337
0.030369
0.030593
0.030611
0.030625
0.030639
0.030653
0.030666
0.030679
0.030692
0.030711
0.030724
0.030152
0.030375
0.030401
0.030416
0.030429
0.030443
0.030456
0.030470
0.030483
0.030496
0.030509
0.029395
0.029623
0.029640
0.029655
0.029669
0.029682
0.029695
0.029708
0.029721
0.029734
0.029747
0.028975
0.029207
0.029224
0.029238
0.029251
0.029265
0.029278
0.029290
0.029304
0.029316
0.029329
0.030789
0.031009
0.031035
0.031050
0.031064
0.031077
0.031090
0.031104
0.031116
0.031130
0.031142
0.029256
0.029486
0.029513
0.029527
0.029541
0.029555
0.029568
0.029581
0.029594
0.029607
0.029620
0.029330
0.029560
0.029578
0.029593
0.029607
0.029620
0.029633
0.029646
0.029659
0.029672
0.029685
0.029593
0.029820
0.029838
0.029852
0.029866
0.029879
0.029892
0.029905
0.029918
0.029931
0.029944
0.056030
0.056259
0.056277
0.056291
0.056305
0.056318
0.056331
0.056345
0.056358
0.056370
0.056383
0.031280
0.031509
0.031527
0.031541
0.031555
0.031568
0.031581
0.031594
0.031607
0.031621
0.031633
0.030332
0.030555
0.030573
0.030588
0.030601
0.030614
0.030627
0.030641
0.030654
0.030667
0.030680
0.030414
0.030640
0.030658
0.030672
0.030686
0.030699
0.030712
0.030726
0.030739
0.030752
0.030766
0.030386
0.030608
0.030626
0.030640
0.030654
0.030667
0.030680
0.030693
0.030706
0.030719
0.030732
0.030402
0.030629
0.030646
0.030661
0.030674
0.030688
0.030701
0.030714
0.030727
0.030741
0.030754
0.031477
0.031705
0.031725
0.031740
0.031753
0.031766
0.031780
0.031793
0.031806
0.031819
0.031832
0.030596
0.030822
0.030839
0.030854
0.030867
0.030880
0.030894
0.030910
0.030928
0.030945
0.030961
0.031245
0.031476
0.031496
0.031512
0.031529
0.031545
0.031560
0.031576
0.031592
0.031607
0.031623
0.030401
0.030617
0.030644
0.030658
0.030672
0.030685
0.030698
0.030712
0.030725
0.030739
0.030752
0.056398
0.056617
0.056646
0.056664
0.056680
0.056696
0.056711
0.056727
0.056742
0.056758
0.056773
0.032700
0.032923
0.032941
0.032956
0.032969
0.032983
0.032996
0.033010
0.033024
0.033037
0.033050
0.031365
0.031583
0.031610
0.031624
0.031637
0.031650
0.031664
0.031677
0.031690
0.031703
0.031716
0.030449
0.030674
0.030691
0.030706
0.030719
0.030733
0.030747
0.030760
0.030773
0.030786
0.030799
0.030506
0.030719
0.030745
0.030760
0.030773
0.030787
0.030800
0.030813
0.030827
0.030839
0.030852
0.031877
0.032106
0.032123
0.032138
0.032152
0.032166
0.032179
0.032192
0.032205
0.032218
0.032232
0.030544
0.030759
0.030786
0.030801
0.030814
0.030828
0.030841
0.030854
0.030867
0.030880
0.030893
0.030345
0.030571
0.030588
0.030604
0.030617
0.030631
0.030644
0.030658
0.030671
0.030684
0.030696
0.031093
0.031325
0.031342
0.031357
0.031371
0.031384
0.031397
0.031410
0.031423
0.031436
0.031449
0.030336
0.030561
0.030579
0.030594
0.030607
0.030621
0.030634
0.030647
0.030660
0.030673
0.030686
0.054150
0.054378
0.054395
0.054409
0.054423
0.054437
0.054450
0.054463
0.054476
0.054489
0.054502
0.030259
0.030486
0.030506
0.030520
0.030534
0.030547
0.030560
0.030574
0.030586
0.030599
0.030612
0.033656
0.033888
0.033905
0.033919
0.033932
0.033946
0.033959
0.033972
0.033985
0.033998
0.034011
0.029425
0.029654
0.029672
0.029686
0.029699
0.029713
0.029726
0.029739
0.029752
0.029765
0.029778
0.029148
0.029378
0.029395
0.029410
0.029424
0.029437
0.029450
0.029463
0.029476
0.029489
0.029502
0.030592
0.030827
0.030845
0.030859
0.030873
0.030886
0.030900
0.030913
0.030925
0.030938
0.030951
0.029023
0.029241
0.029268
0.029283
0.029296
0.029310
0.029323
0.029335
0.029348
0.029362
0.029375
0.028896
0.029122
0.029139
0.029153
0.029167
0.029180
0.029194
0.029207
0.029220
0.029233
0.029246
0.036268
0.036527
0.036547
0.036575
0.036593
0.036611
0.036628
0.036646
0.036664
0.036682
0.036699
0.030296
0.030528
0.030546
0.030560
0.030574
0.030587
0.030600
0.030613
0.030627
0.030640
0.030653
0.054647
0.054865
0.054891
0.054906
0.054919
0.054932
0.054945
0.054958
0.054972
0.054985
0.054998
0.029304
0.029532
0.029549
0.029563
0.029577
0.029590
0.029603
0.029617
0.029630
0.029642
0.029656
0.029159
0.029386
0.029404
0.029418
0.029432
0.029445
0.029458
0.029472
0.029485
0.029498
0.029510
0.028196
0.028417
0.028445
0.028459
0.028473
0.028486
0.028500
0.028513
0.028526
0.028539
0.028553
0.028506
0.028726
0.028752
0.028767
0.028780
0.028795
0.028808
0.028821
0.028834
0.028847
0.028861
0.028422
0.028651
0.028669
0.028683
0.028697
0.028710
0.028723
0.028736
0.028749
0.028763
0.028775
0.027646
0.027874
0.027892
0.027907
0.027921
0.027935
0.027948
0.027961
0.027975
0.027988
0.028001
0.027691
0.027920
0.027938
0.027952
0.027966
0.027979
0.027992
0.028006
0.028024
0.028038
0.028051
0.028417
0.028651
0.028669
0.028684
0.028697
0.028711
0.028724
0.028737
0.028750
0.028763
0.028775
0.029367
0.029597
0.029614
0.029629
0.029643
0.029655
0.029669
0.029682
0.029695
0.029708
0.029721
0.054151
0.054386
0.054404
0.054419
0.054433
0.054446
0.054459
0.054472
0.054486
0.054499
0.054511
0.029733
0.029964
0.029982
0.029996
0.030010
0.030023
0.030036
0.030049
0.030063
0.030076
0.030089
0.028620
0.028855
0.028872
0.028887
0.028900
0.028914
0.028927
0.028940
0.028953
0.028966
0.028979
0.030194
0.030433
0.030460
0.030475
0.030488
0.030501
0.030514
0.030528
0.030540
0.030557
0.030575
0.027735
0.027974
0.027995
0.028012
0.028029
0.028045
0.028060
0.028077
0.028093
0.028110
0.028125
0.036523
0.036761
0.036783
0.036800
0.036817
0.036835
0.036852
0.036868
0.036884
0.036899
0.036915
0.038127
0.038379
0.038412
0.038430
0.038448
0.038466
0.038484
0.038502
0.038519
0.038536
0.038553
0.028636
0.028865
0.028882
0.028896
0.028909
0.028923
0.028935
0.028948
0.028962
0.028975
0.028989
0.027121
0.027351
0.027369
0.027383
0.027397
0.027410
0.027423
0.027436
0.027450
0.027462
0.027476
0.027693
0.027921
0.027938
0.027953
0.027967
0.027980
0.027993
0.028007
0.028020
0.028033
0.028047
0.054010
0.054228
0.054254
0.054268
0.054282
0.054296
0.054309
0.054322
0.054335
0.054348
0.054361
0.029298
0.029525
0.029542
0.029557
0.029571
0.029584
0.029598
0.029611
0.029625
0.029638
0.029651
0.028017
0.028255
0.028272
0.028286
0.028300
0.028313
0.028327
0.028340
0.028353
0.028366
0.028379
0.027753
0.027974
0.028000
0.028015
0.028029
0.028043
0.028056
0.028069
0.028082
0.028095
0.028109
0.027866
0.028082
0.028109
0.028123
0.028136
0.028149
0.028162
0.028176
0.028188
0.028201
0.028214
0.028635
0.028857
0.028884
0.028899
0.028913
0.028936
0.028967
0.028983
0.028997
0.029011
0.029024
0.028453
0.028683
0.028701
0.028715
0.028729
0.028743
0.028756
0.028769
0.028782
0.028803
0.028831
0.028245
0.028478
0.028496
0.028511
0.028525
0.028538
0.028552
0.028565
0.028579
0.028591
0.028605
0.029274
0.029492
0.029519
0.029534
0.029548
0.029561
0.029575
0.029588
0.029601
0.029614
0.029627
0.028403
0.028630
0.028647
0.028662
0.028676
0.028689
0.028702
0.028715
0.028729
0.028742
0.028755
0.053508
0.053741
0.053759
0.053773
0.053787
0.053800
0.053813
0.053827
0.053839
0.053852
0.053865
0.028949
0.029182
0.029201
0.029215
0.029230
0.029243
0.029257
0.029271
0.029284
0.029297
0.029310
0.028080
0.028313
0.028331
0.028345
0.028359
0.028372
0.028385
0.028398
0.028411
0.028424
0.028437
0.027912
0.028141
0.028159
0.028173
0.028186
0.028200
0.028213
0.028226
0.028239
0.028252
0.028265
0.027887
0.028126
0.028145
0.028160
0.028173
0.028187
0.028200
0.028214
0.028227
0.028240
0.028253
0.027840
0.028059
0.028086
0.028100
0.028114
0.028126
0.028140
0.028153
0.028166
0.028178
0.028191
0.043295
0.043636
0.043669
0.043695
0.043720
0.043744
0.043768
0.043792
0.043816
0.043840
0.043864
0.030231
0.030459
0.030477
0.030491
0.030505
0.030518
0.030531
0.030545
0.030558
0.030571
0.030584
0.027559
0.027777
0.027804
0.027818
0.027832
0.027845
0.027858
0.027871
0.027884
0.027898
0.027911
0.027430
0.027650
0.027677
0.027691
0.027704
0.027718
0.027731
0.027745
0.027757
0.027771
0.027784
0.052432
0.052660
0.052677
0.052691
0.052705
0.052718
0.052731
0.052744
0.052758
0.052771
0.052784
0.028039
0.028268
0.028286
0.028300
0.028314
0.028328
0.028341
0.028354
0.028368
0.028381
0.028394
0.028563
0.028780
0.028807
0.028821
0.028835
0.028848
0.028862
0.028875
0.028889
0.028902
0.028915
0.027992
0.028210
0.028244
0.028261
0.028275
0.028289
0.028302
0.028315
0.028328
0.028341
0.028354
0.027893
0.028124
0.028141
0.028156
0.028169
0.028182
0.028196
0.028209
0.028223
0.028236
0.028249
0.029061
0.029290
0.029308
0.029323
0.029336
0.029350
0.029363
0.029376
0.029389
0.029402
0.029415
0.028954
0.029170
0.029186
0.029200
0.029223
0.029237
0.029250
0.029264
0.029277
0.029290
0.029303
0.028940
0.029172
0.029190
0.029204
0.029218
0.029231
0.029245
0.029258
0.029271
0.029284
0.029297
0.029261
0.029488
0.029505
0.029519
0.029532
0.029547
0.029561
0.029574
0.029587
0.029600
0.029613
0.028486
0.028713
0.028734
0.028749
0.028763
0.028776
0.028789
0.028802
0.028815
0.028828
0.028841
0.053477
0.053696
0.053722
0.053736
0.053751
0.053764
0.053777
0.053790
0.053803
0.053816
0.053829
0.028874
0.029092
0.029108
0.029122
0.029145
0.029158
0.029172
0.029185
0.029198
0.029211
0.029224
0.028962
0.029187
0.029205
0.029220
0.029233
0.029247
0.029260
0.029273
0.029285
0.029299
0.029311
0.028631
0.028856
0.028874
0.028888
0.028902
0.028915
0.028929
0.028941
0.028954
0.028967
0.028980
0.028563
0.028794
0.028811
0.028825
0.028839
0.028852
0.028865
0.028879
0.028892
0.028905
0.028918
0.028669
0.028899
0.028931
0.028959
0.028983
0.029006
0.029031
0.029058
0.029091
0.029119
0.029149
0.028553
0.028775
0.028793
0.028818
0.028835
0.028851
0.028867
0.028883
0.028899
0.028914
0.028929
0.028585
0.028813
0.028832
0.028850
0.028868
0.028884
0.028901
0.028917
0.028934
0.028949
0.028965
0.030019
0.030240
0.030269
0.030287
0.030303
0.030318
0.030334
0.030350
0.030365
0.030380
0.030395
0.030200
0.030432
0.030452
0.030469
0.030485
0.030501
0.030517
0.030532
0.030547
0.030564
0.030579
0.054814
0.055040
0.055057
0.055072
0.055085
0.055099
0.055112
0.055125
0.055138
0.055151
0.055164
0.031844
0.032073
0.032090
0.032105
0.032119
0.032132
0.032145
0.032159
0.032172
0.032185
0.032199
0.030002
0.030222
0.030249
0.030262
0.030276
0.030290
0.030303
0.030316
0.030329
0.030342
0.030355
0.030730
0.030967
0.030987
0.031004
0.031021
0.031038
0.031053
0.031070
0.031086
0.031102
0.031117
0.031153
0.031376
0.031395
0.031411
0.031436
0.031452
0.031467
0.031482
0.031497
0.031512
0.031527
0.030344
0.030575
0.030596
0.030615
0.030632
0.030648
0.030664
0.030680
0.030697
0.030712
0.030728
0.031504
0.031732
0.031753
0.031770
0.031787
0.031802
0.031818
0.031833
0.031849
0.031864
0.031879
0.028708
0.028939
0.028956
0.028970
0.028984
0.028998
0.029011
0.029025
0.029037
0.029051
0.029064
0.026552
0.026777
0.026794
0.026818
0.026836
0.026850
0.026863
0.026876
0.026897
0.026913
0.026927
0.025019
0.025248
0.025265
0.025280
0.025294
0.025307
0.025320
0.025333
0.025347
0.025360
0.025373
0.050624
0.050841
0.050867
0.050882
0.050895
0.050909
0.050922
0.050936
0.050949
0.050962
0.050976
0.026131
0.026380
0.026414
0.026440
0.026466
0.026490
0.026515
0.026539
0.026564
0.026588
0.026613
0.026551
0.026782
0.026814
0.026848
0.026874
0.026899
0.026923
0.026947
0.026971
0.026996
0.027020
0.026980
0.027243
0.027277
0.027302
0.027328
0.027352
0.027376
0.027400
0.027424
0.027448
0.027472
0.026092
0.026337
0.026363
0.026379
0.026393
0.026406
0.026420
0.026433
0.026447
0.026460
0.026473
0.025751
0.025977
0.025994
0.026009
0.026023
0.026036
0.026050
0.026064
0.026077
0.026090
0.026103
0.025698
0.025916
0.025942
0.025957
0.025970
0.025984
0.025997
0.026011
0.026024
0.026037
0.026050
0.026202
0.026423
0.026450
0.026464
0.026478
0.026491
0.026504
0.026517
0.026530
0.026544
0.026557
0.026668
0.026886
0.026914
0.026927
0.026941
0.026954
0.026967
0.026980
0.026994
0.027006
0.027020
0.026261
0.026479
0.026505
0.026519
0.026533
0.026547
0.026560
0.026573
0.026586
0.026599
0.026613
0.051511
0.051736
0.051753
0.051767
0.051780
0.051794
0.051807
0.051820
0.051833
0.051847
0.051860
0.026281
0.026495
0.026521
0.026536
0.026550
0.026564
0.026577
0.026590
0.026604
0.026617
0.026630
0.026955
0.027186
0.027205
0.027219
0.027233
0.027246
0.027259
0.027272
0.027285
0.027299
0.027312
0.026866
0.027097
0.027114
0.027128
0.027142
0.027155
0.027168
0.027181
0.027194
0.027207
0.027220
0.027410
0.027623
0.027649
0.027664
0.027678
0.027691
0.027704
0.027718
0.027731
0.027745
0.027758
0.026574
0.026800
0.026817
0.026832
0.026845
0.026859
0.026873
0.026886
0.026900
0.026913
0.026926
0.026522
0.026742
0.026769
0.026783
0.026797
0.026810
0.026824
0.026838
0.026851
0.026865
0.026878
0.028079
0.028305
0.028323
0.028337
0.028351
0.028364
0.028378
0.028391
0.028404
0.028417
0.028430
0.026933
0.027161
0.027179
0.027193
0.027208
0.027221
0.027235
0.027249
0.027262
0.027276
0.027289
0.026800
0.027028
0.027055
0.027070
0.027084
0.027097
0.027110
0.027124
0.027137
0.027150
0.027163
0.051700
0.051926
0.051943
0.051957
0.051971
0.051985
0.051998
0.052011
0.052024
0.052037
0.052050
0.026276
0.026500
0.026518
0.026532
0.026545
0.026559
0.026572
0.026586
0.026599
0.026612
0.026625
0.026912
0.027130
0.027156
0.027171
0.027184
0.027198
0.027211
0.027224
0.027237
0.027251
0.027264
0.027285
0.027545
0.027579
0.027605
0.027631
0.027655
0.027678
0.027702
0.027727
0.027750
0.027775
0.026618
0.026843
0.026875
0.026910
0.026936
0.026961
0.026985
0.027009
0.027033
0.027057
0.027080
0.026335
0.026572
0.026602
0.026628
0.026653
0.026678
0.026702
0.026726
0.026750
0.026774
0.026797
0.026217
0.026453
0.026483
0.026510
0.026536
0.026562
0.026586
0.026610
0.026634
0.026657
0.026681
0.026457
0.026683
0.026722
0.026748
0.026771
0.026796
0.026820
0.026843
0.026866
0.026890
0.026914
0.026568
0.026806
0.026835
0.026863
0.026888
0.026913
0.026937
0.026960
0.026984
0.027008
0.027031
0.026257
0.026494
0.026521
0.026558
0.026583
0.026609
0.026633
0.026657
0.026681
0.026704
0.026728
0.051836
0.052062
0.052079
0.052093
0.052107
0.052120
0.052134
0.052147
0.052160
0.052172
0.052186
0.027682
0.027915
0.027933
0.027947
0.027961
0.027974
0.027988
0.028001
0.028014
0.028027
0.028041
0.026715
0.026948
0.026965
0.026979
0.026993
0.027006
0.027020
0.027033
0.027046
0.027059
0.027072
0.026453
0.026679
0.026696
0.026710
0.026724
0.026738
0.026751
0.026764
0.026778
0.026791
0.026804
0.026322
0.026544
0.026561
0.026576
0.026589
0.026603
0.026616
0.026629
0.026642
0.026655
0.026669
0.027588
0.027804
0.027830
0.027845
0.027858
0.027872
0.027885
0.027899
0.027912
0.027926
0.027939
0.026712
0.026929
0.026954
0.026968
0.026982
0.026996
0.027009
0.027022
0.027036
0.027049
0.027062
0.026504
0.026728
0.026746
0.026760
0.026774
0.026787
0.026801
0.026814
0.026828
0.026842
0.026855
0.026320
0.026538
0.026565
0.026579
0.026592
0.026606
0.026619
0.026632
0.026645
0.026658
0.026671
0.026291
0.026515
0.026532
0.026546
0.026560
0.026574
0.026587
0.026601
0.026614
0.026627
0.026640
0.051849
0.052074
0.052091
0.052105
0.052119
0.052133
0.052146
0.052159
0.052172
0.052185
0.052198
0.026540
0.026772
0.026789
0.026804
0.026818
0.026832
0.026845
0.026859
0.026872
0.026886
0.026899
0.027228
0.027467
0.027502
0.027530
0.027557
0.027584
0.027610
0.027637
0.027663
0.027689
0.027716
0.026947
0.027170
0.027188
0.027202
0.027216
0.027229
0.027242
0.027256
0.027269
0.027282
0.027294
0.026296
0.026520
0.026537
0.026551
0.026565
0.026579
0.026592
0.026605
0.026618
0.026632
0.026645
0.026071
0.026296
0.026314
0.026328
0.026342
0.026355
0.026368
0.026381
0.026394
0.026407
0.026420
0.026092
0.026311
0.026337
0.026352
0.026366
0.026379
0.026392
0.026405
0.026418
0.026431
0.026444
0.025739
0.025964
0.025982
0.025996
0.026010
0.026024
0.026037
0.026051
0.026064
0.026078
0.026091
0.025816
0.026042
0.026059
0.026073
0.026087
0.026100
0.026113
0.026126
0.026139
0.026152
0.026165
0.025602
0.025826
0.025843
0.025857
0.025871
0.025885
0.025898
0.025912
0.025925
0.025938
0.025951
0.050652
0.050872
0.050890
0.050904
0.050918
0.050931
0.050944
0.050957
0.050970
0.050983
0.050996
0.025632
0.025870
0.025890
0.025905
0.025919
0.025932
0.025946
0.025959
0.025972
0.025985
0.025998
0.025437
0.025654
0.025680
0.025695
0.025708
0.025722
0.025745
0.025759
0.025772
0.025786
0.025800
0.025965
0.026196
0.026214
0.026229
0.026243
0.026256
0.026269
0.026283
0.026295
0.026309
0.026321
0.026854
0.027085
0.027103
0.027117
0.027131
0.027145
0.027158
0.027171
0.027185
0.027198
0.027212
0.027335
0.027570
0.027588
0.027603
0.027617
0.027630
0.027643
0.027656
0.027670
0.027683
0.027696
0.030937
0.031175
0.031193
0.031207
0.031221
0.031235
0.031248
0.031261
0.031275
0.031288
0.031302
0.030629
0.030846
0.030872
0.030886
0.030900
0.030913
0.030927
0.030941
0.030954
0.030967
0.030980
0.032379
0.032612
0.032630
0.032645
0.032659
0.032671
0.032685
0.032699
0.032712
0.032725
0.032739
0.031602
0.031818
0.031844
0.031859
0.031873
0.031886
0.031899
0.031912
0.031935
0.031949
0.031968
0.055648
0.055863
0.055889
0.055904
0.055918
0.055931
0.055945
0.055958
0.055971
0.055984
0.055997
