1.839978
0.035568
0.035841
0.035860
0.035875
0.035890
0.035903
0.035918
0.035932
0.035946
0.035961
0.035975
0.035018
0.035289
0.035310
0.035338
0.035356
0.035375
0.035393
0.035411
0.035429
0.035447
0.035465
0.029778
0.030011
0.030027
0.030041
0.030057
0.030071
0.030085
0.030098
0.030112
0.030125
0.030138
0.028691
0.028924
0.028943
0.028960
0.028975
0.028990
0.029006
0.029021
0.029037
0.029052
0.029068
0.025114
0.025348
0.025368
0.025385
0.025401
0.025417
0.025434
0.025451
0.025467
0.025483
0.025499
0.025485
0.025715
0.025735
0.025754
0.025772
0.025788
0.025804
0.025820
0.025836
0.025851
0.025867
0.025763
0.025990
0.026011
0.026028
0.026044
0.026060
0.026078
0.026093
0.026109
0.026124
0.026140
0.025004
0.025233
0.025251
0.025268
0.025284
0.025300
0.025316
0.025331
0.025347
0.025363
0.025380
0.025141
0.025360
0.025389
0.025406
0.025422
0.025437
0.025454
0.025469
0.025485
0.025501
0.025516
0.047550
0.047782
0.047802
0.047820
0.047837
0.047853
0.047869
0.047887
0.047902
0.047918
0.047934
0.025640
0.025854
0.025881
0.025895
0.025910
0.025923
0.025937
0.025950
0.025963
0.025976
0.025989
0.025735
0.025960
0.025978
0.025992
0.026005
0.026020
0.026033
0.026047
0.026060
0.026074
0.026086
0.025031
0.025260
0.025277
0.025291
0.025305
0.025319
0.025332
0.025345
0.025358
0.025371
0.025384
0.024069
0.024295
0.024312
0.024327
0.024340
0.024356
0.024369
0.024382
0.024395
0.024409
0.024422
0.024125
0.024354
0.024374
0.024391
0.024407
0.024423
0.024439
0.024454
0.024475
0.024492
0.024508
0.026601
0.026830
0.026850
0.026866
0.026883
0.026899
0.026915
0.026930
0.026948
0.026966
0.026982
0.024364
0.024587
0.024605
0.024619
0.024632
0.024646
0.024659
0.024672
0.024685
0.024698
0.024711
0.024843
0.025076
0.025093
0.025107
0.025120
0.025133
0.025147
0.025161
0.025173
0.025186
0.025199
0.024918
0.025136
0.025165
0.025184
0.025203
0.025219
0.025235
0.025250
0.025266
0.025281
0.025297
0.048556
0.048774
0.048804
0.048821
0.048838
0.048855
0.048872
0.048887
0.048903
0.048920
0.048936
0.025267
0.025486
0.025513
0.025527
0.025541
0.025555
0.025568
0.025581
0.025595
0.025608
0.025620
0.032295
0.032547
0.032580
0.032598
0.032616
0.032634
0.032651
0.032669
0.032686
0.032704
0.032721
0.031858
0.032112
0.032133
0.032160
0.032178
0.032196
0.032214
0.032232
0.032250
0.032267
0.032285
0.031577
0.031822
0.031843
0.031871
0.031890
0.031908
0.031926
0.031944
0.031961
0.031979
0.031997
0.032732
0.032985
0.033016
0.033034
0.033053
0.033074
0.033091
0.033109
0.033127
0.033144
0.033162
0.032405
0.032630
0.032647
0.032661
0.032675
0.032688
0.032701
0.032715
0.032727
0.032741
0.032753
0.025007
0.025222
0.025249
0.025264
0.025277
0.025290
0.025304
0.025317
0.025330
0.025343
0.025357
0.025337
0.025560
0.025577
0.025591
0.025605
0.025618
0.025631
0.025644
0.025658
0.025671
0.025683
0.026012
0.026230
0.026256
0.026271
0.026284
0.026298
0.026311
0.026324
0.026337
0.026350
0.026363
0.049332
0.049543
0.049571
0.049585
0.049599
0.049612
0.049625
0.049639
0.049652
0.049665
0.049678
0.025427
0.025650
0.025668
0.025682
0.025696
0.025709
0.025722
0.025735
0.025748
0.025762
0.025775
0.025460
0.025686
0.025704
0.025718
0.025732
0.025745
0.025759
0.025772
0.025785
0.025798
0.025811
0.026346
0.026567
0.026586
0.026600
0.026614
0.026628
0.026641
0.026654
0.026668
0.026681
0.026695
0.026614
0.026841
0.026859
0.026873
0.026887
0.026900
0.026914
0.026927
0.026941
0.026953
0.026966
0.025863
0.026085
0.026102
0.026116
0.026129
0.026143
0.026156
0.026169
0.026183
0.026196
0.026209
0.025115
0.025345
0.025362
0.025377
0.025390
0.025403
0.025417
0.025430
0.025443
0.025456
0.025469
0.024918
0.025131
0.025157
0.025172
0.025186
0.025199
0.025213
0.025227
0.025240
0.025256
0.025269
0.025156
0.025413
0.025448
0.025471
0.025495
0.025519
0.025544
0.025568
0.025592
0.025615
0.025640
0.025547
0.025762
0.025788
0.025803
0.025817
0.025831
0.025845
0.025858
0.025871
0.025884
0.025898
0.048358
0.048582
0.048599
0.048614
0.048628
0.048641
0.048655
0.048668
0.048681
0.048694
0.048707
0.025232
0.025456
0.025473
0.025487
0.025501
0.025514
0.025527
0.025541
0.025554
0.025567
0.025580
0.025692
0.025923
0.025941
0.025955
0.025969
0.025983
0.025997
0.026011
0.026024
0.026037
0.026050
0.025768
0.025991
0.026009
0.026024
0.026037
0.026051
0.026064
0.026078
0.026091
0.026104
0.026117
0.026094
0.026314
0.026341
0.026356
0.026370
0.026383
0.026396
0.026409
0.026423
0.026436
0.026449
0.026058
0.026285
0.026303
0.026317
0.026331
0.026344
0.026358
0.026371
0.026384
0.026397
0.026410
0.025921
0.026148
0.026165
0.026179
0.026192
0.026205
0.026218
0.026231
0.026244
0.026257
0.026270
0.025341
0.025554
0.025580
0.025594
0.025608
0.025622
0.025635
0.025648
0.025661
0.025674
0.025687
0.025813
0.026039
0.026057
0.026072
0.026085
0.026099
0.026112
0.026126
0.026139
0.026154
0.026168
0.025241
0.025466
0.025483
0.025497
0.025511
0.025524
0.025537
0.025551
0.025567
0.025583
0.025599
0.047915
0.048145
0.048166
0.048184
0.048200
0.048216
0.048232
0.048248
0.048263
0.048279
0.048295
0.025208
0.025432
0.025452
0.025469
0.025485
0.025501
0.025516
0.025537
0.025557
0.025573
0.025589
0.025528
0.025771
0.025793
0.025810
0.025836
0.025851
0.025867
0.025882
0.025898
0.025913
0.025929
0.026057
0.026275
0.026304
0.026322
0.026337
0.026354
0.026369
0.026385
0.026400
0.026416
0.026431
0.026218
0.026442
0.026462
0.026479
0.026496
0.026513
0.026528
0.026544
0.026560
0.026576
0.026591
0.026498
0.026716
0.026746
0.026762
0.026782
0.026798
0.026814
0.026829
0.026845
0.026860
0.026876
0.025955
0.026178
0.026200
0.026217
0.026234
0.026250
0.026266
0.026282
0.026298
0.026313
0.026329
0.025618
0.025841
0.025871
0.025888
0.025904
0.025920
0.025937
0.025954
0.025970
0.025985
0.026001
0.024718
0.024948
0.024968
0.024985
0.025001
0.025017
0.025033
0.025049
0.025065
0.025080
0.025096
0.024854
0.025083
0.025103
0.025120
0.025136
0.025152
0.025168
0.025183
0.025199
0.025214
0.025230
0.048696
0.048919
0.048936
0.048950
0.048964
0.048978
0.048991
0.049004
0.049017
0.049031
0.049044
0.027437
0.027672
0.027703
0.027732
0.027757
0.027782
0.027807
0.027830
0.027854
0.027877
0.027901
0.024843
0.025071
0.025096
0.025120
0.025145
0.025169
0.025193
0.025217
0.025244
0.025267
0.025291
0.025015
0.025248
0.025272
0.025295
0.025316
0.025337
0.025361
0.025386
0.025410
0.025434
0.025459
0.025229
0.025456
0.025481
0.025506
0.025530
0.025555
0.025578
0.025603
0.025627
0.025650
0.025673
0.024866
0.025124
0.025154
0.025191
0.025215
0.025240
0.025265
0.025289
0.025313
0.025337
0.025360
0.025805
0.026028
0.026052
0.026085
0.026109
0.026134
0.026159
0.026183
0.026208
0.026232
0.026255
0.025614
0.025852
0.025881
0.025909
0.025936
0.025960
0.025985
0.026010
0.026033
0.026057
0.026081
0.025140
0.025374
0.025397
0.025420
0.025444
0.025468
0.025492
0.025517
0.025540
0.025564
0.025587
0.025691
0.025923
0.025947
0.025971
0.025994
0.026019
0.026043
0.026067
0.026092
0.026115
0.026139
0.047950
0.048172
0.048190
0.048204
0.048218
0.048231
0.048245
0.048258
0.048271
0.048284
0.048297
0.025523
0.025751
0.025769
0.025783
0.025796
0.025810
0.025823
0.025836
0.025850
0.025863
0.025876
0.026750
0.026976
0.026994
0.027008
0.027022
0.027035
0.027048
0.027061
0.027075
0.027087
0.027100
0.026380
0.026597
0.026623
0.026637
0.026651
0.026665
0.026678
0.026691
0.026704
0.026718
0.026731
0.025012
0.025223
0.025250
0.025264
0.025278
0.025291
0.025305
0.025318
0.025331
0.025345
0.025358
0.025087
0.025312
0.025330
0.025346
0.025381
0.025402
0.025421
0.025435
0.025449
0.025463
0.025476
0.025489
0.025712
0.025729
0.025743
0.025757
0.025771
0.025784
0.025798
0.025811
0.025824
0.025837
0.026203
0.026426
0.026444
0.026459
0.026472
0.026486
0.026499
0.026513
0.026526
0.026539
0.026552
0.026237
0.026463
0.026480
0.026495
0.026509
0.026522
0.026535
0.026548
0.026561
0.026574
0.026587
0.026325
0.026549
0.026567
0.026581
0.026595
0.026608
0.026623
0.026636
0.026649
0.026663
0.026676
0.049115
0.049355
0.049374
0.049388
0.049402
0.049420
0.049433
0.049447
0.049460
0.049473
0.049486
0.026514
0.026737
0.026754
0.026768
0.026782
0.026796
0.026810
0.026823
0.026837
0.026850
0.026863
0.027076
0.027347
0.027366
0.027380
0.027394
0.027408
0.027421
0.027435
0.027448
0.027461
0.027474
0.027262
0.027478
0.027504
0.027518
0.027532
0.027546
0.027560
0.027573
0.027586
0.027599
0.027612
0.026464
0.026688
0.026705
0.026719
0.026733
0.026747
0.026760
0.026773
0.026787
0.026800
0.026813
0.025581
0.025805
0.025836
0.025865
0.025884
0.025899
0.025913
0.025926
0.025940
0.025953
0.025966
0.024581
0.024796
0.024823
0.024837
0.024851
0.024864
0.024877
0.024891
0.024904
0.024917
0.024930
0.024570
0.024806
0.024823
0.024838
0.024852
0.024865
0.024879
0.024894
0.024912
0.024927
0.024943
0.025500
0.025719
0.025748
0.025765
0.025782
0.025797
0.025813
0.025829
0.025844
0.025859
0.025875
0.025834
0.026064
0.026084
0.026102
0.026118
0.026136
0.026149
0.026162
0.026178
0.026191
0.026205
0.048860
0.049090
0.049107
0.049121
0.049134
0.049148
0.049161
0.049174
0.049191
0.049208
0.049224
0.026185
0.026427
0.026449
0.026466
0.026483
0.026498
0.026515
0.026530
0.026546
0.026562
0.026577
0.025813
0.026037
0.026058
0.026076
0.026092
0.026108
0.026124
0.026139
0.026155
0.026170
0.026186
0.025463
0.025684
0.025703
0.025730
0.025746
0.025762
0.025778
0.025795
0.025810
0.025826
0.025841
0.026834
0.027063
0.027083
0.027100
0.027116
0.027132
0.027147
0.027163
0.027178
0.027195
0.027210
0.025313
0.025531
0.025557
0.025571
0.025585
0.025599
0.025611
0.025625
0.025638
0.025651
0.025663
0.024961
0.025197
0.025215
0.025230
0.025243
0.025257
0.025270
0.025283
0.025297
0.025310
0.025324
0.024886
0.025119
0.025138
0.025152
0.025166
0.025179
0.025192
0.025206
0.025219
0.025232
0.025245
0.024534
0.024761
0.024785
0.024802
0.024817
0.024830
0.024843
0.024857
0.024870
0.024883
0.024896
0.024694
0.024909
0.024936
0.024950
0.024964
0.024977
0.024990
0.025003
0.025016
0.025030
0.025043
0.048487
0.048716
0.048739
0.048753
0.048768
0.048780
0.048794
0.048808
0.048821
0.048834
0.048846
0.025599
0.025813
0.025840
0.025855
0.025868
0.025882
0.025895
0.025908
0.025921
0.025934
0.025947
0.025670
0.025889
0.025907
0.025920
0.025944
0.025958
0.025971
0.025985
0.025998
0.026014
0.026027
0.025834
0.026057
0.026075
0.026089
0.026103
0.026116
0.026130
0.026143
0.026156
0.026169
0.026182
0.026325
0.026541
0.026569
0.026583
0.026597
0.026611
0.026623
0.026637
0.026650
0.026663
0.026676
0.026456
0.026681
0.026699
0.026714
0.026727
0.026741
0.026754
0.026767
0.026780
0.026793
0.026806
0.025967
0.026195
0.026213
0.026228
0.026242
0.026255
0.026269
0.026282
0.026295
0.026309
0.026321
0.025955
0.026179
0.026196
0.026211
0.026225
0.026238
0.026251
0.026264
0.026277
0.026290
0.026304
0.024970
0.025198
0.025216
0.025231
0.025245
0.025258
0.025272
0.025285
0.025299
0.025312
0.025325
0.024814
0.025037
0.025054
0.025068
0.025082
0.025096
0.025109
0.025122
0.025135
0.025148
0.025161
0.047773
0.048000
0.048017
0.048031
0.048045
0.048058
0.048071
0.048085
0.048098
0.048111
0.048124
0.025233
0.025444
0.025470
0.025485
0.025499
0.025512
0.025526
0.025539
0.025553
0.025565
0.025579
0.025667
0.025892
0.025911
0.025925
0.025939
0.025953
0.025965
0.025979
0.025992
0.026005
0.026017
0.024502
0.024733
0.024751
0.024765
0.024779
0.024792
0.024805
0.024818
0.024832
0.024844
0.024857
0.024978
0.025204
0.025222
0.025236
0.025250
0.025264
0.025277
0.025290
0.025303
0.025317
0.025329
0.026624
0.026853
0.026871
0.026886
0.026899
0.026912
0.026925
0.026938
0.026952
0.026965
0.026978
0.026069
0.026299
0.026320
0.026334
0.026348
0.026361
0.026375
0.026388
0.026401
0.026414
0.026428
0.026622
0.026845
0.026863
0.026878
0.026892
0.026906
0.026919
0.026932
0.026946
0.026959
0.026972
0.026191
0.026427
0.026444
0.026466
0.026482
0.026495
0.026507
0.026520
0.026533
0.026546
0.026558
0.025625
0.025848
0.025865
0.025879
0.025892
0.025905
0.025919
0.025932
0.025946
0.025959
0.025972
0.048376
0.048602
0.048620
0.048634
0.048647
0.048661
0.048674
0.048687
0.048701
0.048713
0.048727
0.025305
0.025530
0.025548
0.025563
0.025577
0.025590
0.025604
0.025617
0.025630
0.025644
0.025661
0.025524
0.025747
0.025765
0.025779
0.025792
0.025805
0.025818
0.025832
0.025845
0.025858
0.025871
0.026157
0.026397
0.026416
0.026431
0.026463
0.026488
0.026509
0.026524
0.026537
0.026551
0.026564
0.026875
0.027100
0.027117
0.027131
0.027145
0.027158
0.027171
0.027184
0.027197
0.027210
0.027223
0.026291
0.026521
0.026539
0.026553
0.026567
0.026581
0.026595
0.026608
0.026621
0.026635
0.026648
0.025812
0.026036
0.026055
0.026069
0.026083
0.026096
0.026109
0.026123
0.026136
0.026150
0.026162
0.026267
0.026493
0.026510
0.026525
0.026539
0.026552
0.026565
0.026578
0.026591
0.026604
0.026617
0.024890
0.025113
0.025131
0.025145
0.025159
0.025172
0.025186
0.025199
0.025213
0.025225
0.025239
0.025993
0.026217
0.026234
0.026249
0.026263
0.026276
0.026290
0.026304
0.026317
0.026330
0.026343
0.048591
0.048800
0.048826
0.048841
0.048854
0.048868
0.048882
0.048895
0.048908
0.048921
0.048934
0.026256
0.026487
0.026511
0.026525
0.026539
0.026552
0.026566
0.026579
0.026592
0.026606
0.026618
0.026116
0.026342
0.026359
0.026373
0.026387
0.026401
0.026414
0.026428
0.026440
0.026454
0.026467
0.026259
0.026484
0.026501
0.026515
0.026529
0.026542
0.026555
0.026568
0.026581
0.026594
0.026607
0.026444
0.026667
0.026685
0.026700
0.026713
0.026726
0.026739
0.026752
0.026766
0.026778
0.026792
0.025333
0.025546
0.025572
0.025587
0.025600
0.025614
0.025627
0.025641
0.025654
0.025667
0.025680
0.025413
0.025639
0.025657
0.025671
0.025685
0.025698
0.025712
0.025724
0.025738
0.025751
0.025764
0.025817
0.026033
0.026060
0.026075
0.026088
0.026102
0.026115
0.026128
0.026142
0.026155
0.026168
0.025681
0.025916
0.025944
0.025959
0.025973
0.025986
0.026000
0.026013
0.026026
0.026040
0.026052
0.025724
0.025950
0.025968
0.025982
0.025997
0.026010
0.026024
0.026037
0.026051
0.026064
0.026077
0.048544
0.048758
0.048785
0.048799
0.048813
0.048826
0.048840
0.048854
0.048867
0.048880
0.048898
0.025121
0.025346
0.025364
0.025378
0.025392
0.025405
0.025419
0.025432
0.025445
0.025458
0.025471
0.025350
0.025566
0.025592
0.025607
0.025621
0.025634
0.025647
0.025661
0.025674
0.025687
0.025701
0.025970
0.026195
0.026212
0.026226
0.026240
0.026253
0.026266
0.026279
0.026292
0.026305
0.026318
0.026372
0.026599
0.026616
0.026630
0.026644
0.026658
0.026672
0.026691
0.026704
0.026717
0.026730
0.026500
0.026715
0.026742
0.026756
0.026770
0.026783
0.026796
0.026809
0.026822
0.026836
0.026849
0.026063
0.026290
0.026307
0.026321
0.026335
0.026349
0.026363
0.026376
0.026389
0.026402
0.026415
0.025819
0.026044
0.026062
0.026076
0.026090
0.026104
0.026118
0.026131
0.026144
0.026157
0.026170
0.025250
0.025479
0.025497
0.025511
0.025525
0.025538
0.025551
0.025564
0.025577
0.025590
0.025603
0.024987
0.025201
0.025228
0.025242
0.025256
0.025270
0.025283
0.025296
0.025309
0.025322
0.025335
0.048443
0.048654
0.048681
0.048695
0.048709
0.048723
0.048736
0.048750
0.048763
0.048776
0.048789
0.025667
0.025895
0.025912
0.025926
0.025940
0.025954
0.025967
0.025980
0.025993
0.026006
0.026019
0.025671
0.025887
0.025914
0.025928
0.025942
0.025955
0.025968
0.025981
0.025994
0.026007
0.026020
0.026597
0.026828
0.026846
0.026860
0.026874
0.026888
0.026901
0.026915
0.026928
0.026942
0.026955
0.026721
0.026948
0.026966
0.026980
0.026994
0.027007
0.027020
0.027033
0.027045
0.027058
0.027071
0.026498
0.026721
0.026738
0.026752
0.026766
0.026780
0.026793
0.026806
0.026819
0.026832
0.026846
0.026199
0.026426
0.026444
0.026458
0.026472
0.026486
0.026499
0.026512
0.026525
0.026538
0.026551
0.026372
0.026602
0.026619
0.026634
0.026648
0.026661
0.026674
0.026687
0.026700
0.026714
0.026727
0.026209
0.026436
0.026453
0.026468
0.026481
0.026495
0.026508
0.026520
0.026533
0.026546
0.026560
0.026216
0.026433
0.026461
0.026475
0.026489
0.026502
0.026518
0.026533
0.026549
0.026564
0.026580
0.048503
0.048731
0.048752
0.048770
0.048788
0.048804
0.048820
0.048836
0.048852
0.048867
0.048882
0.025572
0.025805
0.025826
0.025844
0.025860
0.025876
0.025891
0.025907
0.025923
0.025939
0.025954
0.026049
0.026282
0.026302
0.026320
0.026336
0.026352
0.026368
0.026384
0.026399
0.026415
0.026430
0.026419
0.026647
0.026668
0.026685
0.026701
0.026717
0.026735
0.026751
0.026768
0.026783
0.026799
0.026037
0.026266
0.026287
0.026304
0.026320
0.026336
0.026351
0.026367
0.026382
0.026398
0.026413
0.026065
0.026293
0.026313
0.026330
0.026347
0.026363
0.026379
0.026394
0.026411
0.026428
0.026444
0.026170
0.026385
0.026412
0.026426
0.026440
0.026455
0.026472
0.026488
0.026503
0.026518
0.026533
0.026183
0.026412
0.026429
0.026443
0.026457
0.026470
0.026483
0.026496
0.026509
0.026522
0.026535
0.025774
0.026000
0.026017
0.026032
0.026046
0.026060
0.026073
0.026086
0.026099
0.026112
0.026125
0.026166
0.026382
0.026408
0.026423
0.026436
0.026449
0.026463
0.026476
0.026489
0.026502
0.026515
0.049107
0.049329
0.049345
0.049360
0.049373
0.049387
0.049400
0.049413
0.049426
0.049439
0.049452
0.025155
0.025383
0.025405
0.025423
0.025440
0.025455
0.025472
0.025488
0.025503
0.025519
0.025534
0.025486
0.025715
0.025735
0.025751
0.025768
0.025784
0.025800
0.025816
0.025833
0.025848
0.025864
0.025838
0.026055
0.026074
0.026100
0.026116
0.026132
0.026147
0.026163
0.026179
0.026194
0.026210
0.025370
0.025595
0.025615
0.025633
0.025650
0.025666
0.025682
0.025697
0.025713
0.025728
0.025744
0.026581
0.026812
0.026833
0.026850
0.026866
0.026882
0.026898
0.026913
0.026929
0.026944
0.026960
0.026331
0.026570
0.026591
0.026608
0.026626
0.026641
0.026657
0.026673
0.026689
0.026704
0.026721
0.025551
0.025787
0.025818
0.025835
0.025851
0.025867
0.025882
0.025897
0.025913
0.025928
0.025943
0.025104
0.025338
0.025357
0.025374
0.025391
0.025406
0.025422
0.025437
0.025453
0.025469
0.025485
0.024665
0.024884
0.024914
0.024931
0.024948
0.024963
0.024980
0.024995
0.025011
0.025026
0.025042
0.047878
0.048095
0.048124
0.048141
0.048159
0.048175
0.048191
0.048207
0.048223
0.048239
0.048255
0.026133
0.026358
0.026379
0.026397
0.026413
0.026429
0.026445
0.026461
0.026476
0.026492
0.026507
0.024819
0.025051
0.025072
0.025090
0.025106
0.025122
0.025138
0.025154
0.025171
0.025187
0.025203
0.026039
0.026268
0.026290
0.026307
0.026323
0.026340
0.026356
0.026373
0.026389
0.026405
0.026420
0.025671
0.025907
0.025928
0.025946
0.025963
0.025979
0.025996
0.026013
0.026028
0.026044
0.026060
0.025751
0.025969
0.025998
0.026015
0.026033
0.026049
0.026066
0.026081
0.026097
0.026112
0.026128
0.026364
0.026595
0.026615
0.026633
0.026649
0.026666
0.026682
0.026697
0.026713
0.026730
0.026746
0.025178
0.025411
0.025431
0.025448
0.025464
0.025480
0.025496
0.025512
0.025527
0.025543
0.025558
0.025400
0.025619
0.025648
0.025665
0.025682
0.025700
0.025716
0.025732
0.025748
0.025763
0.025779
0.025000
0.025218
0.025238
0.025265
0.025281
0.025297
0.025313
0.025328
0.025344
0.025360
0.025375
0.048317
0.048536
0.048565
0.048583
0.048599
0.048616
0.048631
0.048647
0.048663
0.048679
0.048694
0.025206
0.025424
0.025453
0.025470
0.025485
0.025501
0.025516
0.025532
0.025547
0.025563
0.025578
0.025399
0.025628
0.025649
0.025666
0.025683
0.025699
0.025714
0.025730
0.025746
0.025760
0.025773
0.025846
0.026060
0.026077
0.026100
0.026114
0.026130
0.026148
0.026164
0.026179
0.026195
0.026210
0.025915
0.026147
0.026167
0.026185
0.026201
0.026217
0.026232
0.026248
0.026263
0.026279
0.026294
0.026092
0.026321
0.026341
0.026358
0.026373
0.026389
0.026403
0.026419
0.026433
0.026448
0.026464
0.026685
0.026920
0.026940
0.026957
0.026973
0.026988
0.027004
0.027020
0.027037
0.027052
0.027069
0.025107
0.025339
0.025357
0.025371
0.025385
0.025398
0.025412
0.025425
0.025438
0.025451
0.025465
0.025543
0.025767
0.025785
0.025799
0.025813
0.025842
0.025866
0.025882
0.025896
0.025917
0.025938
0.024641
0.024865
0.024883
0.024897
0.024910
0.024924
0.024936
0.024950
0.024963
0.024976
0.024990
0.047878
0.048087
0.048113
0.048128
0.048141
0.048155
0.048169
0.048182
0.048195
0.048208
0.048222
0.024658
0.024883
0.024900
0.024915
0.024929
0.024943
0.024956
0.024969
0.024982
0.024996
0.025009
0.024535
0.024760
0.024778
0.024792
0.024806
0.024819
0.024832
0.024845
0.024858
0.024871
0.024884
0.024998
0.025221
0.025239
0.025253
0.025266
0.025280
0.025293
0.025306
0.025320
0.025332
0.025346
0.029164
0.029399
0.029417
0.029432
0.029445
0.029459
0.029472
0.029486
0.029499
0.029512
0.029525
0.026001
0.026215
0.026242
0.026256
0.026270
0.026284
0.026297
0.026310
0.026324
0.026336
0.026350
0.026816
0.027040
0.027058
0.027072
0.027086
0.027099
0.027112
0.027125
0.027139
0.027152
0.027165
0.024340
0.024565
0.024582
0.024596
0.024610
0.024624
0.024637
0.024651
0.024663
0.024677
0.024690
0.024508
0.024731
0.024748
0.024762
0.024776
0.024789
0.024802
0.024815
0.024828
0.024841
0.024853
0.024605
0.024829
0.024847
0.024861
0.024875
0.024889
0.024902
0.024915
0.024929
0.024942
0.024955
0.049569
0.049797
0.049815
0.049830
0.049844
0.049858
0.049871
0.049884
0.049897
0.049910
0.049923
0.024737
0.024964
0.024982
0.024997
0.025010
0.025024
0.025037
0.025051
0.025064
0.025077
0.025090
0.024409
0.024637
0.024655
0.024669
0.024682
0.024703
0.024716
0.024729
0.024742
0.024755
0.024769
0.033102
0.033355
0.033386
0.033405
0.033424
0.033443
0.033461
0.033479
0.033497
0.033515
0.033533
0.026056
0.026271
0.026298
0.026312
0.026326
0.026340
0.026353
0.026367
0.026380
0.026393
0.026406
0.024724
0.024936
0.024963
0.024977
0.024991
0.025004
0.025018
0.025031
0.025044
0.025057
0.025070
0.024480
0.024704
0.024721
0.024735
0.024749
0.024762
0.024775
0.024788
0.024801
0.024814
0.024827
0.024498
0.024720
0.024737
0.024752
0.024765
0.024779
0.024793
0.024806
0.024819
0.024832
0.024845
0.024255
0.024488
0.024506
0.024520
0.024534
0.024547
0.024560
0.024574
0.024591
0.024607
0.024622
0.025384
0.025616
0.025636
0.025653
0.025671
0.025687
0.025703
0.025718
0.025734
0.025751
0.025767
0.049290
0.049519
0.049540
0.049558
0.049575
0.049591
0.049607
0.049622
0.049638
0.049653
0.049669
0.024319
0.024579
0.024604
0.024635
0.024662
0.024684
0.024713
0.024736
0.024758
0.024781
0.024802
0.024174
0.024390
0.024416
0.024430
0.024443
0.024456
0.024469
0.024482
0.024509
0.024535
0.024559
0.024537
0.024784
0.024812
0.024828
0.024842
0.024856
0.024869
0.024882
0.024895
0.024908
0.024921
0.024196
0.024422
0.024440
0.024454
0.024467
0.024481
0.024494
0.024507
0.024520
0.024534
0.024547
0.024229
0.024453
0.024479
0.024494
0.024507
0.024521
0.024534
0.024547
0.024560
0.024573
0.024586
0.024142
0.024377
0.024397
0.024414
0.024429
0.024445
0.024460
0.024475
0.024491
0.024505
0.024520
0.024374
0.024600
0.024621
0.024638
0.024656
0.024673
0.024689
0.024705
0.024720
0.024736
0.024753
0.024182
0.024398
0.024428
0.024446
0.024462
0.024478
0.024495
0.024511
0.024526
0.024542
0.024558
0.024208
0.024435
0.024456
0.024474
0.024491
0.024508
0.024523
0.024541
0.024557
0.024573
0.024588
0.048650
0.048882
0.048903
0.048919
0.048936
0.048957
0.048977
0.048991
0.049009
0.049024
0.049037
0.024253
0.024492
0.024525
0.024552
0.024578
0.024603
0.024627
0.024652
0.024676
0.024700
0.024724
0.024254
0.024491
0.024521
0.024549
0.024574
0.024599
0.024623
0.024648
0.024672
0.024695
0.024719
0.024829
0.025051
0.025069
0.025083
0.025096
0.025110
0.025123
0.025136
0.025149
0.025162
0.025175
0.024502
0.024726
0.024760
0.024776
0.024789
0.024802
0.024816
0.024829
0.024842
0.024855
0.024867
0.025014
0.025241
0.025258
0.025273
0.025287
0.025300
0.025313
0.025326
0.025339
0.025351
0.025368
0.024315
0.024541
0.024561
0.024578
0.024594
0.024611
0.024627
0.024643
0.024660
0.024675
0.024690
0.024245
0.024470
0.024490
0.024506
0.024523
0.024539
0.024556
0.024571
0.024587
0.024602
0.024618
0.024061
0.024289
0.024309
0.024327
0.024342
0.024355
0.024368
0.024381
0.024396
0.024409
0.024422
0.024607
0.024823
0.024850
0.024864
0.024878
0.024894
0.024907
0.024924
0.024941
0.024958
0.024973
0.047201
0.047424
0.047446
0.047463
0.047479
0.047496
0.047511
0.047527
0.047543
0.047559
0.047574
0.024311
0.024537
0.024557
0.024575
0.024592
0.024610
0.024625
0.024641
0.024657
0.024673
0.024689
0.024307
0.024537
0.024557
0.024575
0.024592
0.024608
0.024624
0.024640
0.024656
0.024672
0.024687
0.024378
0.024593
0.024622
0.024640
0.024657
0.024674
0.024691
0.024707
0.024722
0.024738
0.024754
0.025668
0.025896
0.025916
0.025934
0.025951
0.025968
0.025985
0.026001
0.026017
0.026033
0.026049
0.024520
0.024741
0.024758
0.024772
0.024786
0.024799
0.024812
0.024826
0.024839
0.024853
0.024866
0.026644
0.026879
0.026897
0.026912
0.026926
0.026939
0.026952
0.026965
0.026978
0.026990
0.027003
0.025650
0.025860
0.025886
0.025900
0.025913
0.025926
0.025940
0.025954
0.025967
0.025980
0.025993
0.025607
0.025827
0.025844
0.025858
0.025872
0.025885
0.025898
0.025911
0.025923
0.025937
0.025949
0.025660
0.025878
0.025905
0.025920
0.025933
0.025947
0.025960
0.025974
0.025987
0.026000
0.026013
0.048612
0.048834
0.048852
0.048866
0.048881
0.048894
0.048908
0.048921
0.048934
0.048946
0.048959
0.024540
0.024763
0.024781
0.024795
0.024809
0.024823
0.024836
0.024849
0.024863
0.024876
0.024889
0.024740
0.024965
0.024982
0.024997
0.025011
0.025024
0.025037
0.025050
0.025063
0.025076
0.025089
0.025605
0.025820
0.025846
0.025861
0.025875
0.025888
0.025901
0.025915
0.025928
0.025941
0.025954
0.024572
0.024802
0.024822
0.024838
0.024854
0.024869
0.024884
0.024899
0.024914
0.024928
0.024943
0.025189
0.025411
0.025428
0.025443
0.025457
0.025471
0.025484
0.025498
0.025511
0.025524
0.025537
0.024657
0.024871
0.024897
0.024911
0.024925
0.024938
0.024951
0.024965
0.024977
0.024991
0.025003
0.033181
0.033478
0.033509
0.033546
0.033573
0.033600
0.033627
0.033653
0.033682
0.033710
0.033739
0.039301
0.039622
0.039656
0.039683
0.039709
0.039746
0.039775
0.039804
0.039833
0.039863
0.039893
0.033120
0.033354
0.033372
0.033386
0.033400
0.033413
0.033426
0.033439
0.033452
0.033465
0.033478
0.047939
0.048162
0.048188
0.048203
0.048217
0.048230
0.048243
0.048256
0.048269
0.048283
0.048296
0.025125
0.025345
0.025372
0.025386
0.025399
0.025413
0.025426
0.025440
0.025453
0.025465
0.025478
0.025320
0.025542
0.025572
0.025589
0.025604
0.025619
0.025634
0.025649
0.025664
0.025680
0.025695
0.024837
0.025070
0.025091
0.025109
0.025125
0.025141
0.025156
0.025172
0.025187
0.025203
0.025218
0.033890
0.034127
0.034147
0.034164
0.034181
0.034196
0.034212
0.034228
0.034244
0.034260
0.034275
0.024715
0.024931
0.024960
0.024976
0.024991
0.025007
0.025023
0.025039
0.025054
0.025069
0.025084
0.024707
0.024942
0.024962
0.024980
0.024996
0.025012
0.025028
0.025045
0.025061
0.025077
0.025092
0.025044
0.025278
0.025295
0.025310
0.025324
0.025337
0.025351
0.025364
0.025384
0.025415
0.025433
0.032553
0.032810
0.032841
0.032860
0.032878
0.032895
0.032913
0.032931
0.032949
0.032966
0.032984
0.032368
0.032624
0.032655
0.032674
0.032692
0.032710
0.032728
0.032746
0.032763
0.032781
0.032801
0.058357
0.058611
0.058631
0.058658
0.058677
0.058695
0.058713
0.058731
0.058748
0.058767
0.058784
0.032725
0.032943
0.032970
0.032984
0.032998
0.033011
0.033024
0.033037
0.033050
0.033063
0.033076
0.034992
0.035220
0.035237
0.035251
0.035265
0.035279
0.035292
0.035305
0.035318
0.035331
0.035343
0.034470
0.034695
0.034722
0.034737
0.034751
0.034765
0.034778
0.034791
0.034805
0.034818
0.034831
0.034606
0.034820
0.034846
0.034861
0.034875
0.034888
0.034901
0.034914
0.034927
0.034940
0.034953
0.032532
0.032759
0.032778
0.032792
0.032806
0.032819
0.032832
0.032846
0.032859
0.032872
0.032885
0.029781
0.030013
0.030033
0.030050
0.030067
0.030084
0.030101
0.030117
0.030132
0.030148
0.030164
0.025918
0.026145
0.026163
0.026177
0.026191
0.026205
0.026218
0.026231
0.026244
0.026257
0.026270
0.027120
0.027347
0.027364
0.027378
0.027395
0.027412
0.027429
0.027445
0.027461
0.027477
0.027492
0.028109
0.028341
0.028361
0.028378
0.028394
0.028410
0.028426
0.028443
0.028458
0.028474
0.028489
0.057153
0.057384
0.057404
0.057421
0.057438
0.057454
0.057470
0.057485
0.057501
0.057516
0.057532
0.027302
0.027514
0.027541
0.027555
0.027572
0.027590
0.027607
0.027624
0.027640
0.027656
0.027672
0.037960
0.038197
0.038215
0.038230
0.038246
0.038259
0.038273
0.038285
0.038299
0.038312
0.038325
0.027411
0.027634
0.027652
0.027667
0.027680
0.027694
0.027707
0.027720
0.027733
0.027746
0.027760
0.028352
0.028582
0.028607
0.028623
0.028636
0.028650
0.028663
0.028676
0.028689
0.028702
0.028715
0.031941
0.032167
0.032185
0.032199
0.032213
0.032226
0.032240
0.032253
0.032267
0.032280
0.032293
0.026929
0.027159
0.027178
0.027192
0.027206
0.027220
0.027233
0.027246
0.027259
0.027272
0.027284
0.025039
0.025265
0.025282
0.025297
0.025310
0.025325
0.025338
0.025351
0.025365
0.025378
0.025392
0.025032
0.025258
0.025275
0.025290
0.025303
0.025316
0.025330
0.025343
0.025356
0.025369
0.025382
0.024698
0.024927
0.024945
0.024959
0.024973
0.024987
0.025000
0.025014
0.025027
0.025040
0.025053
0.052475
0.052707
0.052725
0.052739
0.052753
0.052766
0.052779
0.052793
0.052805
0.052818
0.052831
0.024710
0.024936
0.024954
0.024969
0.024983
0.024996
0.025010
0.025024
0.025037
0.025050
0.025064
0.027266
0.027594
0.027633
0.027667
0.027699
0.027741
0.027774
0.027807
0.027839
0.027872
0.027904
0.025757
0.025983
0.026011
0.026025
0.026039
0.026052
0.026066
0.026079
0.026092
0.026105
0.026118
0.025704
0.025920
0.025946
0.025961
0.025975
0.025988
0.026001
0.026015
0.026028
0.026041
0.026054
0.025879
0.026101
0.026119
0.026133
0.026147
0.026161
0.026174
0.026188
0.026201
0.026214
0.026227
0.025167
0.025392
0.025410
0.025424
0.025437
0.025451
0.025465
0.025478
0.025491
0.025504
0.025517
0.025229
0.025448
0.025466
0.025481
0.025495
0.025508
0.025522
0.025535
0.025548
0.025561
0.025574
0.025017
0.025242
0.025259
0.025273
0.025287
0.025301
0.025314
0.025327
0.025340
0.025352
0.025366
0.025260
0.025475
0.025501
0.025516
0.025530
0.025544
0.025557
0.025570
0.025583
0.025596
0.025609
0.047850
0.048072
0.048089
0.048104
0.048118
0.048131
0.048145
0.048158
0.048171
0.048185
0.048198
0.025330
0.025554
0.025572
0.025586
0.025600
0.025614
0.025627
0.025640
0.025653
0.025667
0.025680
0.025549
0.025774
0.025790
0.025805
0.025818
0.025832
0.025845
0.025858
0.025872
0.025885
0.025898
0.025178
0.025437
0.025457
0.025483
0.025500
0.025515
0.025531
0.025546
0.025562
0.025578
0.025593
0.025303
0.025534
0.025554
0.025572
0.025588
0.025604
0.025620
0.025636
0.025651
0.025686
0.025704
0.025502
0.025721
0.025752
0.025769
0.025785
0.025801
0.025817
0.025832
0.025848
0.025863
0.025879
0.025640
0.025873
0.025892
0.025908
0.025922
0.025937
0.025951
0.025966
0.025980
0.025993
0.026007
0.025558
0.025794
0.025814
0.025831
0.025847
0.025868
0.025897
0.025916
0.025930
0.025944
0.025958
0.025441
0.025664
0.025681
0.025696
0.025709
0.025723
0.025735
0.025749
0.025762
0.025775
0.025789
0.025088
0.025309
0.025335
0.025350
0.025363
0.025378
0.025391
0.025404
0.025418
0.025431
0.025444
0.048153
0.048376
0.048393
0.048408
0.048422
0.048435
0.048449
0.048462
0.048475
0.048488
0.048501
0.024480
0.024693
0.024720
0.024735
0.024748
0.024762
0.024775
0.024788
0.024801
0.024814
0.024827
0.024264
0.024485
0.024502
0.024516
0.024530
0.024543
0.024557
0.024570
0.024583
0.024596
0.024609
0.024355
0.024584
0.024603
0.024617
0.024631
0.024644
0.024658
0.024671
0.024684
0.024697
0.024710
0.024394
0.024623
0.024640
0.024654
0.024668
0.024682
0.024696
0.024709
0.024722
0.024735
0.024748
0.024454
0.024677
0.024695
0.024709
0.024723
0.024736
0.024750
0.024762
0.024775
0.024789
0.024801
0.024450
0.024674
0.024691
0.024705
0.024719
0.024733
0.024746
0.024760
0.024773
0.024786
0.024799
0.024453
0.024679
0.024697
0.024711
0.024725
0.024738
0.024751
0.024764
0.024777
0.024790
0.024803
0.024266
0.024500
0.024518
0.024532
0.024546
0.024559
0.024573
0.024586
0.024600
0.024613
0.024626
0.024275
0.024496
0.024513
0.024527
0.024541
0.024554
0.024568
0.024581
0.024594
0.024607
0.024620
0.049213
0.049436
0.049453
0.049468
0.049482
0.049495
0.049508
0.049521
0.049534
0.049547
0.049560
0.024484
0.024710
0.024727
0.024741
0.024755
0.024769
0.024782
0.024795
0.024808
0.024822
0.024834
0.024523
0.024748
0.024765
0.024780
0.024793
0.024807
0.024820
0.024842
0.024856
0.024870
0.024883
0.024493
0.024716
0.024734
0.024748
0.024762
0.024775
0.024788
0.024801
0.024814
0.024828
0.024841
0.024396
0.024611
0.024638
0.024652
0.024666
0.024679
0.024692
0.024705
0.024718
0.024731
0.024744
0.024405
0.024627
0.024644
0.024658
0.024672
0.024685
0.024698
0.024712
0.024725
0.024739
0.024752
0.024694
0.024918
0.024935
0.024949
0.024962
0.024976
0.024988
0.025001
0.025014
0.025027
0.025040
0.024608
0.024817
0.024844
0.024859
0.024873
0.024887
0.024900
0.024913
0.024926
0.024940
0.024954
0.024555
0.024770
0.024796
0.024810
0.024824
0.024838
0.024851
0.024864
0.024877
0.024891
0.024904
0.025689
0.025915
0.025932
0.025946
0.025960
0.025974
0.025987
0.026001
0.026014
0.026027
0.026040
0.049017
0.049257
0.049283
0.049309
0.049324
0.049338
0.049356
0.049369
0.049383
0.049396
0.049409
0.024602
0.024817
0.024843
0.024857
0.024871
0.024884
0.024898
0.024911
0.024924
0.024937
0.024950
0.024444
0.024669
0.024686
0.024700
0.024714
0.024728
0.024741
0.024754
0.024768
0.024781
0.024794
0.024803
0.025026
0.025043
0.025058
0.025072
0.025086
0.025100
0.025113
0.025126
0.025139
0.025152
0.024277
0.024555
0.024574
0.024589
0.024604
0.024617
0.024630
0.024643
0.024656
0.024670
0.024683
0.024550
0.024803
0.024830
0.024845
0.024858
0.024872
0.024885
0.024899
0.024912
0.024925
0.024938
0.024272
0.024530
0.024549
0.024564
0.024577
0.024592
0.024605
0.024618
0.024634
0.024650
0.024666
0.036899
0.037187
0.037212
0.037242
0.037264
0.037286
0.037307
0.037327
0.037349
0.037369
0.037390
0.024772
0.024998
0.025015
0.025029
0.025043
0.025057
0.025069
0.025083
0.025096
0.025109
0.025121
0.024779
0.025007
0.025025
0.025040
0.025054
0.025068
0.025081
0.025094
0.025107
0.025120
0.025133
0.047554
0.047779
0.047796
0.047811
0.047825
0.047838
0.047852
0.047865
0.047879
0.047891
0.047904
0.024277
0.024488
0.024506
0.024520
0.024543
0.024556
0.024570
0.024583
0.024596
0.024609
0.024622
0.024248
0.024473
0.024491
0.024505
0.024519
0.024532
0.024548
0.024561
0.024575
0.024588
0.024601
0.024239
0.024450
0.024476
0.024490
0.024504
0.024518
0.024531
0.024544
0.024558
0.024570
0.024584
0.024321
0.024545
0.024562
0.024577
0.024590
0.024603
0.024616
0.024630
0.024643
0.024656
0.024669
0.024403
0.024631
0.024650
0.024664
0.024678
0.024691
0.024704
0.024717
0.024730
0.024742
0.024755
0.025010
0.025234
0.025251
0.025265
0.025279
0.025301
0.025315
0.025329
0.025342
0.025355
0.025369
0.024044
0.024267
0.024284
0.024299
0.024313
0.024326
0.024339
0.024353
0.024366
0.024379
0.024392
0.024238
0.024460
0.024478
0.024508
0.024532
0.024553
0.024567
0.024581
0.024594
0.024607
0.024621
0.024334
0.024548
0.024564
0.024578
0.024602
0.024615
0.024629
0.024642
0.024655
0.024669
0.024682
0.048691
0.048914
0.048931
0.048945
0.048959
0.048972
0.048985
0.048998
0.049011
0.049025
0.049038
0.028840
0.029062
0.029079
0.029094
0.029107
0.029121
0.029134
0.029147
0.029160
0.029173
0.029186
0.024246
0.024471
0.024489
0.024503
0.024517
0.024530
0.024543
0.024556
0.024570
0.024583
0.024596
0.024168
0.024389
0.024406
0.024421
0.024434
0.024447
0.024461
0.024474
0.024487
0.024500
0.024513
0.024105
0.024326
0.024343
0.024358
0.024371
0.024384
0.024398
0.024411
0.024424
0.024445
0.024459
0.024210
0.024437
0.024454
0.024469
0.024483
0.024496
0.024510
0.024523
0.024536
0.024549
0.024563
0.024103
0.024331
0.024348
0.024362
0.024376
0.024390
0.024403
0.024416
0.024430
0.024442
0.024455
0.024390
0.024617
0.024635
0.024649
0.024664
0.024677
0.024691
0.024704
0.024718
0.024730
0.024744
0.024528
0.024758
0.024776
0.024790
0.024804
0.024818
0.024832
0.024845
0.024858
0.024872
0.024885
0.024468
0.024687
0.024713
0.024727
0.024741
0.024754
0.024768
0.024781
0.024797
0.024814
0.024830
0.048926
0.049148
0.049177
0.049195
0.049212
0.049228
0.049244
0.049261
0.049278
0.049294
0.049310
0.024796
0.025030
0.025050
0.025067
0.025083
0.025100
0.025115
0.025132
0.025147
0.025163
0.025179
0.024630
0.024858
0.024888
0.024905
0.024922
0.024938
0.024953
0.024968
0.024984
0.024999
0.025014
0.024320
0.024546
0.024566
0.024583
0.024600
0.024616
0.024632
0.024648
0.024664
0.024680
0.024696
0.024392
0.024620
0.024640
0.024656
0.024672
0.024688
0.024704
0.024719
0.024734
0.024750
0.024765
0.024151
0.024375
0.024393
0.024407
0.024421
0.024434
0.024448
0.024461
0.024474
0.024487
0.024500
0.024492
0.024716
0.024734
0.024748
0.024761
0.024785
0.024800
0.024813
0.024826
0.024839
0.024853
0.024279
0.024506
0.024524
0.024538
0.024552
0.024565
0.024578
0.024591
0.024605
0.024617
0.024631
0.024112
0.024324
0.024350
0.024364
0.024378
0.024391
0.024405
0.024418
0.024431
0.024444
0.024456
0.024295
0.024516
0.024554
0.024579
0.024603
0.024628
0.024653
0.024677
0.024711
0.024732
0.024747
0.046249
0.046479
0.046507
0.046543
0.046567
0.046592
0.046616
0.046640
0.046663
0.046687
0.046710
0.025632
0.025851
0.025877
0.025892
0.025906
0.025920
0.025933
0.025947
0.025960
0.025974
0.025987
0.025115
0.025352
0.025371
0.025385
0.025399
0.025413
0.025426
0.025439
0.025452
0.025465
0.025478
0.025690
0.025913
0.025930
0.025945
0.025959
0.025973
0.025986
0.026000
0.026014
0.026027
0.026040
0.025457
0.025679
0.025697
0.025712
0.025726
0.025739
0.025753
0.025766
0.025779
0.025792
0.025805
0.025769
0.026001
0.026023
0.026042
0.026058
0.026074
0.026089
0.026105
0.026121
0.026136
0.026152
0.024957
0.025187
0.025208
0.025224
0.025240
0.025256
0.025271
0.025287
0.025302
0.025318
0.025334
0.024896
0.025123
0.025140
0.025155
0.025168
0.025182
0.025195
0.025208
0.025221
0.025234
0.025247
0.024917
0.025141
0.025158
0.025173
0.025187
0.025200
0.025214
0.025227
0.025240
0.025253
0.025266
0.024751
0.024976
0.024993
0.025007
0.025021
0.025035
0.025049
0.025062
0.025075
0.025089
0.025102
0.047775
0.048007
0.048038
0.048075
0.048101
0.048125
0.048146
0.048162
0.048178
0.048194
0.048210
0.024477
0.024717
0.024752
0.024779
0.024803
0.024828
0.024853
0.024877
0.024901
0.024925
0.024949
0.024619
0.024858
0.024892
0.024918
0.024943
0.024967
0.024991
0.025016
0.025039
0.025063
0.025087
0.024543
0.024788
0.024822
0.024848
0.024873
0.024897
0.024922
0.024946
0.024971
0.024995
0.025018
0.024570
0.024810
0.024845
0.024872
0.024898
0.024922
0.024946
0.024971
0.024995
0.025019
0.025043
0.024605
0.024842
0.024876
0.024903
0.024928
0.024953
0.024978
0.025002
0.025026
0.025057
0.025080
0.024846
0.025072
0.025104
0.025128
0.025162
0.025187
0.025211
0.025234
0.025258
0.025282
0.025306
0.026174
0.026390
0.026420
0.026437
0.026454
0.026470
0.026487
0.026502
0.026518
0.026534
0.026550
0.025938
0.026170
0.026191
0.026209
0.026226
0.026242
0.026258
0.026274
0.026289
0.026305
0.026320
0.026088
0.026303
0.026333
0.026351
0.026368
0.026385
0.026401
0.026416
0.026432
0.026447
0.026463
0.048730
0.048957
0.048978
0.048995
0.049013
0.049029
0.049046
0.049062
0.049078
0.049094
0.049110
0.026594
0.026851
0.026886
0.026915
0.026943
0.026966
0.026982
0.026997
0.027019
0.027040
0.027066
0.025492
0.025715
0.025732
0.025746
0.025760
0.025774
0.025800
0.025817
0.025831
0.025845
0.025859
0.025595
0.025815
0.025842
0.025856
0.025869
0.025883
0.025896
0.025909
0.025923
0.025935
0.025948
0.025235
0.025460
0.025477
0.025491
0.025505
0.025518
0.025531
0.025544
0.025558
0.025571
0.025584
0.024861
0.025075
0.025101
0.025116
0.025130
0.025143
0.025156
0.025169
0.025182
0.025195
0.025208
0.025941
0.026163
0.026180
0.026195
0.026208
0.026222
0.026235
0.026248
0.026262
0.026274
0.026288
0.024606
0.024822
0.024849
0.024863
0.024877
0.024891
0.024904
0.024917
0.024930
0.024943
0.024956
0.024658
0.024882
0.024899
0.024913
0.024927
0.024940
0.024953
0.024966
0.024979
0.025000
0.025023
0.024663
0.024879
0.024905
0.024920
0.024933
0.024946
0.024960
0.024974
0.024987
0.025000
0.025013
0.047905
0.048133
0.048150
0.048165
0.048178
0.048192
0.048205
0.048218
0.048232
0.048245
0.048257
0.024458
0.024683
0.024699
0.024714
0.024727
0.024740
0.024753
0.024766
0.024779
0.024792
0.024805
0.024623
0.024846
0.024863
0.024877
0.024891
0.024905
0.024918
0.024931
0.024945
0.024958
0.024971
0.024309
0.024533
0.024550
0.024564
0.024578
0.024591
0.024605
0.024618
0.024631
0.024644
0.024657
0.024164
0.024390
0.024416
0.024431
0.024445
0.024458
0.024472
0.024485
0.024498
0.024511
0.024524
0.024454
0.024679
0.024699
0.024713
0.024727
0.024740
0.024753
0.024766
0.024779
0.024792
0.024805
0.024168
0.024394
0.024411
0.024426
0.024439
0.024453
0.024466
0.024479
0.024492
0.024505
0.024518
0.024740
0.024966
0.024983
0.024997
0.025011
0.025024
0.025037
0.025050
0.025063
0.025076
0.025089
0.024292
0.024518
0.024535
0.024549
0.024562
0.024576
0.024589
0.024602
0.024614
0.024627
0.024640
0.024358
0.024580
0.024597
0.024611
0.024625
0.024638
0.024652
0.024671
0.024687
0.024700
0.024713
0.048814
0.049037
0.049055
0.049069
0.049082
0.049096
0.049109
0.049122
0.049135
0.049148
0.049161
0.024487
0.024709
0.024726
0.024741
0.024755
0.024768
0.024781
0.024795
0.024808
0.024821
0.024835
0.024137
0.024364
0.024381
0.024395
0.024409
0.024422
0.024435
0.024448
0.024461
0.024474
0.024487
0.024859
0.025073
0.025099
0.025113
0.025127
0.025140
0.025153
0.025167
0.025180
0.025193
0.025206
0.024245
0.024472
0.024490
0.024504
0.024518
0.024531
0.024544
0.024558
0.024571
0.024584
0.024597
0.024335
0.024562
0.024579
0.024594
0.024608
0.024621
0.024635
0.024648
0.024661
0.024674
0.024688
0.024998
0.025217
0.025243
0.025257
0.025271
0.025285
0.025298
0.025311
0.025325
0.025338
0.025350
0.024341
0.024561
0.024578
0.024593
0.024606
0.024620
0.024633
0.024647
0.024660
0.024674
0.024686
0.023674
0.023900
0.023918
0.023932
0.023945
0.023958
0.023971
0.023984
0.023997
0.024010
0.024023
0.024436
0.024660
0.024678
0.024692
0.024706
0.024720
0.024734
0.024747
0.024760
0.024773
0.024786
0.048267
0.048502
0.048534
0.048554
0.048570
0.048584
0.048598
0.048611
0.048625
0.048638
0.048651
0.024042
0.024268
0.024286
0.024300
0.024314
0.024328
0.024342
0.024355
0.024368
0.024381
0.024394
0.024279
0.024510
0.024528
0.024542
0.024556
0.024569
0.024583
0.024596
0.024609
0.024622
0.024635
0.024322
0.024538
0.024564
0.024578
0.024592
0.024606
0.024619
0.024632
0.024646
0.024659
0.024672
0.024333
0.024558
0.024576
0.024590
0.024604
0.024617
0.024631
0.024644
0.024657
0.024669
0.024683
0.024367
0.024591
0.024608
0.024623
0.024637
0.024650
0.024663
0.024677
0.024690
0.024703
0.024716
0.024282
0.024510
0.024528
0.024543
0.024556
0.024570
0.024583
0.024598
0.024625
0.024641
0.024654
0.024439
0.024663
0.024681
0.024696
0.024710
0.024724
0.024737
0.024750
0.024763
0.024777
0.024790
0.024215
0.024442
0.024460
0.024474
0.024488
0.024501
0.024514
0.024528
0.024541
0.024554
0.024567
0.024137
0.024365
0.024383
0.024397
0.024412
0.024426
0.024439
0.024453
0.024466
0.024479
0.024492
0.048601
0.048825
0.048842
0.048856
0.048870
0.048883
0.048896
0.048909
0.048922
0.048935
0.048948
0.024196
0.024455
0.024474
0.024487
0.024511
0.024525
0.024538
0.024551
0.024565
0.024578
0.024591
0.024114
0.024338
0.024356
0.024371
0.024384
0.024398
0.024411
0.024424
0.024437
0.024451
0.024463
0.024210
0.024436
0.024454
0.024468
0.024481
0.024494
0.024508
0.024520
0.024533
0.024546
0.024559
0.023975
0.024190
0.024216
0.024230
0.024244
0.024256
0.024282
0.024296
0.024309
0.024322
0.024335
0.024429
0.024652
0.024669
0.024684
0.024698
0.024711
0.024724
0.024737
0.024750
0.024764
0.024777
0.024112
0.024338
0.024356
0.024370
0.024384
0.024397
0.024411
0.024424
0.024437
0.024450
0.024463
0.024196
0.024411
0.024437
0.024451
0.024465
0.024479
0.024492
0.024505
0.024518
0.024531
0.024544
0.024063
0.024287
0.024305
0.024319
0.024333
0.024346
0.024359
0.024372
0.024386
0.024399
0.024413
0.024270
0.024491
0.024508
0.024523
0.024537
0.024551
0.024564
0.024577
0.024590
0.024603
0.024616
0.047178
0.047403
0.047420
0.047434
0.047448
0.047462
0.047475
0.047488
0.047501
0.047514
0.047528
0.023355
0.023566
0.023592
0.023607
0.023621
0.023635
0.023648
0.023662
0.023675
0.023688
0.023701
0.023927
0.024153
0.024171
0.024185
0.024198
0.024211
0.024225
0.024238
0.024252
0.024265
0.024278
0.024172
0.024401
0.024418
0.024432
0.024446
0.024459
0.024473
0.024486
0.024500
0.024513
0.024526
0.024136
0.024360
0.024378
0.024392
0.024405
0.024419
0.024432
0.024446
0.024459
0.024472
0.024485
0.024071
0.024295
0.024313
0.024327
0.024341
0.024355
0.024368
0.024381
0.024394
0.024408
0.024421
0.025351
0.025566
0.025592
0.025607
0.025620
0.025633
0.025646
0.025660
0.025672
0.025685
0.025699
0.024389
0.024612
0.024630
0.024645
0.024658
0.024676
0.024690
0.024704
0.024717
0.024730
0.024743
0.024128
0.024349
0.024366
0.024380
0.024394
0.024408
0.024421
0.024434
0.024448
0.024461
0.024474
0.024261
0.024491
0.024508
0.024522
0.024536
0.024550
0.024563
0.024577
0.024590
0.024603
0.024616
0.048672
0.048897
0.048914
0.048929
0.048943
0.048957
0.048970
0.048983
0.048997
0.049010
0.049022
0.024791
0.025043
0.025064
0.025079
0.025093
0.025107
0.025121
0.025134
0.025147
0.025161
0.025174
0.024134
0.024361
0.024379
0.024393
0.024406
0.024420
0.024433
0.024446
0.024459
0.024472
0.024485
0.024524
0.024752
0.024770
0.024784
0.024797
0.024811
0.024835
0.024857
0.024872
0.024890
0.024904
0.024127
0.024352
0.024369
0.024384
0.024397
0.024410
0.024424
0.024437
0.024450
0.024463
0.024476
0.024400
0.024612
0.024638
0.024652
0.024666
0.024679
0.024692
0.024705
0.024719
0.024732
0.024745
0.023297
0.023520
0.023538
0.023552
0.023566
0.023579
0.023593
0.023606
0.023619
0.023632
0.023645
0.024467
0.024692
0.024709
0.024724
0.024737
0.024751
0.024764
0.024777
0.024791
0.024804
0.024817
0.024568
0.024791
0.024808
0.024822
0.024836
0.024849
0.024863
0.024875
0.024888
0.024901
0.024914
0.024433
0.024657
0.024674
0.024688
0.024702
0.024715
0.024729
0.024742
0.024755
0.024769
0.024782
0.047568
0.047791
0.047809
0.047823
0.047841
0.047858
0.047875
0.047891
0.047906
0.047922
0.047937
0.024548
0.024792
0.024812
0.024839
0.024856
0.024874
0.024890
0.024906
0.024922
0.024938
0.024954
0.024418
0.024647
0.024669
0.024686
0.024704
0.024721
0.024737
0.024753
0.024768
0.024784
0.024800
0.024384
0.024613
0.024635
0.024652
0.024668
0.024684
0.024700
0.024716
0.024732
0.024748
0.024763
0.024141
0.024353
0.024379
0.024393
0.024412
0.024426
0.024440
0.024453
0.024465
0.024478
0.024491
0.024269
0.024493
0.024510
0.024525
0.024539
0.024553
0.024566
0.024580
0.024593
0.024607
0.024620
0.024227
0.024450
0.024468
0.024482
0.024496
0.024509
0.024523
0.024536
0.024549
0.024561
0.024575
0.024290
0.024515
0.024533
0.024547
0.024560
0.024574
0.024587
0.024600
0.024613
0.024626
0.024639
0.024181
0.024404
0.024421
0.024436
0.024450
0.024463
0.024476
0.024490
0.024503
0.024517
0.024529
0.024328
0.024542
0.024569
0.024583
0.024598
0.024611
0.024624
0.024638
0.024651
0.024665
0.024678
0.048765
0.048992
0.049009
0.049024
0.049037
0.049051
0.049064
0.049077
0.049090
0.049103
0.049116
0.024719
0.024936
0.024963
0.024984
0.024999
0.025012
0.025026
0.025039
0.025053
0.025066
0.025079
0.024306
0.024536
0.024554
0.024568
0.024582
0.024596
0.024609
0.024622
0.024635
0.024649
0.024662
0.024356
0.024589
0.024607
0.024621
0.024635
0.024648
0.024662
0.024675
0.024689
0.024702
0.024714
0.024179
0.024405
0.024422
0.024436
0.024449
0.024463
0.024476
0.024489
0.024502
0.024515
0.024528
0.024337
0.024552
0.024579
0.024594
0.024610
0.024629
0.024646
0.024661
0.024677
0.024693
0.024709
0.025930
0.026145
0.026175
0.026192
0.026209
0.026227
0.026243
0.026259
0.026275
0.026290
0.026306
0.024736
0.024954
0.024982
0.024999
0.025015
0.025030
0.025045
0.025061
0.025075
0.025090
0.025105
0.024102
0.024331
0.024352
0.024370
0.024387
0.024403
0.024419
0.024436
0.024450
0.024464
0.024477
0.024246
0.024475
0.024493
0.024508
0.024522
0.024536
0.024549
0.024562
0.024579
0.024596
0.024611
0.048470
0.048690
0.048707
0.048722
0.048739
0.048757
0.048774
0.048791
0.048807
0.048822
0.048839
0.024528
0.024758
0.024778
0.024794
0.024810
0.024826
0.024841
0.024856
0.024871
0.024886
0.024901
0.024272
0.024493
0.024521
0.024538
0.024554
0.024570
0.024585
0.024600
0.024616
0.024632
0.024647
0.024343
0.024580
0.024605
0.024626
0.024648
0.024663
0.024676
0.024689
0.024702
0.024715
0.024728
0.026337
0.026563
0.026581
0.026596
0.026609
0.026623
0.026636
0.026650
0.026664
0.026676
0.026690
0.024800
0.025027
0.025044
0.025059
0.025073
0.025087
0.025100
0.025113
0.025126
0.025139
0.025152
0.024874
0.025101
0.025119
0.025133
0.025147
0.025161
0.025174
0.025188
0.025201
0.025214
0.025228
0.024197
0.024422
0.024439
0.024454
0.024467
0.024481
0.024494
0.024507
0.024520
0.024533
0.024546
0.025113
0.025339
0.025356
0.025371
0.025384
0.025398
0.025411
0.025425
0.025438
0.025451
0.025465
0.025119
0.025348
0.025370
0.025385
0.025401
0.025414
0.025427
0.025440
0.025454
0.025467
0.025480
0.047683
0.047905
0.047922
0.047937
0.047951
0.047965
0.047978
0.047992
0.048005
0.048018
0.048031
0.026043
0.026273
0.026291
0.026305
0.026318
0.026332
0.026345
0.026358
0.026371
0.026384
0.026397
0.024961
0.025190
0.025208
0.025223
0.025237
0.025251
0.025264
0.025277
0.025291
0.025304
0.025317
0.024872
0.025102
0.025119
0.025133
0.025147
0.025161
0.025174
0.025187
0.025200
0.025213
0.025226
0.024641
0.024868
0.024886
0.024900
0.024914
0.024927
0.024940
0.024953
0.024966
0.024980
0.024993
0.024702
0.024933
0.024951
0.024966
0.024979
0.024993
0.025006
0.025020
0.025033
0.025046
0.025059
0.024724
0.024942
0.024970
0.024984
0.024998
0.025011
0.025024
0.025038
0.025051
0.025064
0.025077
0.024812
0.025038
0.025055
0.025069
0.025083
0.025096
0.025109
0.025122
0.025136
0.025148
0.025161
0.024625
0.024853
0.024870
0.024884
0.024898
0.024911
0.024925
0.024937
0.024951
0.024963
0.024976
0.025017
0.025234
0.025261
0.025275
0.025289
0.025303
0.025316
0.025329
0.025342
0.025355
0.025368
0.048402
0.048627
0.048645
0.048659
0.048673
0.048686
0.048699
0.048712
0.048725
0.048738
0.048757
0.025537
0.025765
0.025782
0.025797
0.025811
0.025825
0.025839
0.025851
0.025865
0.025878
0.025892
0.024588
0.024819
0.024840
0.024857
0.024873
0.024889
0.024904
0.024920
0.024935
0.024951
0.024966
0.024629
0.024862
0.024883
0.024900
0.024918
0.024935
0.024951
0.024966
0.024982
0.024998
0.025014
0.024197
0.024425
0.024446
0.024463
0.024481
0.024497
0.024513
0.024528
0.024544
0.024559
0.024575
0.025559
0.025787
0.025808
0.025825
0.025842
0.025859
0.025876
0.025892
0.025909
0.025924
0.025940
0.024610
0.024845
0.024866
0.024883
0.024899
0.024916
0.024931
0.024947
0.024962
0.024978
0.024993
0.024653
0.024880
0.024901
0.024919
0.024936
0.024951
0.024968
0.024985
0.025002
0.025017
0.025033
0.024543
0.024771
0.024791
0.024808
0.024824
0.024841
0.024857
0.024873
0.024888
0.024904
0.024919
0.024524
0.024739
0.024769
0.024787
0.024803
0.024819
0.024837
0.024854
0.024870
0.024885
0.024901
0.048302
0.048529
0.048550
0.048567
0.048583
0.048599
0.048615
0.048631
0.048647
0.048662
0.048678
0.024337
0.024563
0.024581
0.024595
0.024609
0.024623
0.024636
0.024649
0.024663
0.024676
0.024689
0.024196
0.024412
0.024439
0.024453
0.024467
0.024480
0.024493
0.024506
0.024519
0.024532
0.024545
0.024358
0.024582
0.024600
0.024614
0.024627
0.024641
0.024654
0.024667
0.024680
0.024693
0.024707
0.024203
0.024417
0.024444
0.024458
0.024472
0.024485
0.024498
0.024512
0.024524
0.024538
0.024551
0.024301
0.024513
0.024540
0.024554
0.024568
0.024582
0.024596
0.024609
0.024622
0.024635
0.024648
0.024056
0.024283
0.024300
0.024315
0.024328
0.024342
0.024355
0.024369
0.024381
0.024395
0.024408
0.024193
0.024417
0.024435
0.024450
0.024463
0.024477
0.024490
0.024503
0.024516
0.024529
0.024542
0.024040
0.024265
0.024282
0.024297
0.024310
0.024323
0.024337
0.024350
0.024363
0.024376
0.024389
0.024185
0.024409
0.024426
0.024441
0.024455
0.024468
0.024482
0.024495
0.024508
0.024521
0.024534
0.048405
0.048633
0.048651
0.048666
0.048680
0.048693
0.048707
0.048720
0.048733
0.048746
0.048759
0.024099
0.024323
0.024339
0.024354
0.024367
0.024380
0.024394
0.024407
0.024420
0.024433
0.024446
0.024116
0.024338
0.024356
0.024370
0.024384
0.024397
0.024410
0.024423
0.024436
0.024450
0.024463
0.024185
0.024398
0.024424
0.024439
0.024452
0.024466
0.024479
0.024492
0.024505
0.024518
0.024532
0.024388
0.024611
0.024628
0.024643
0.024657
0.024671
0.024687
0.024706
0.024722
0.024739
0.024754
0.024203
0.024433
0.024453
0.024470
0.024487
0.024504
0.024520
0.024536
0.024552
0.024568
0.024583
0.024093
0.024319
0.024337
0.024351
0.024365
0.024378
0.024392
0.024405
0.024419
0.024432
0.024445
0.024184
0.024405
0.024423
0.024438
0.024452
0.024465
0.024478
0.024492
0.024509
0.024522
0.024535
0.023949
0.024173
0.024190
0.024204
0.024218
0.024231
0.024245
0.024258
0.024272
0.024285
0.024298
0.024234
0.024461
0.024478
0.024493
0.024507
0.024520
0.024534
0.024547
0.024560
0.024574
0.024587
0.047093
0.047317
0.047334
0.047348
0.047362
0.047376
0.047390
0.047403
0.047415
0.047428
0.047441
0.024237
0.024463
0.024481
0.024495
0.024508
0.024522
0.024535
0.024549
0.024561
0.024575
0.024588
0.024107
0.024329
0.024347
0.024362
0.024376
0.024390
0.024403
0.024416
0.024429
0.024442
0.024455
0.024116
0.024341
0.024358
0.024373
0.024387
0.024400
0.024413
0.024426
0.024439
0.024452
0.024465
0.024014
0.024236
0.024253
0.024267
0.024281
0.024295
0.024308
0.024322
0.024335
0.024348
0.024361
0.025147
0.025362
0.025388
0.025403
0.025417
0.025430
0.025444
0.025457
0.025470
0.025483
0.025496
0.024366
0.024591
0.024610
0.024624
0.024637
0.024651
0.024664
0.024677
0.024690
0.024704
0.024717
0.024186
0.024402
0.024428
0.024443
0.024457
0.024469
0.024483
0.024496
0.024510
0.024523
0.024536
0.024185
0.024412
0.024430
0.024444
0.024458
0.024471
0.024484
0.024497
0.024510
0.024523
0.024537
0.024289
0.024503
0.024531
0.024545
0.024559
0.024572
0.024585
0.024598
0.024612
0.024625
0.024638
0.048485
0.048713
0.048731
0.048745
0.048759
0.048773
0.048786
0.048799
0.048811
0.048825
0.048837
0.027756
0.027970
0.027996
0.028011
0.028025
0.028038
0.028052
0.028065
0.028078
0.028091
0.028104
0.026793
0.027019
0.027036
0.027051
0.027065
0.027078
0.027092
0.027105
0.027118
0.027131
0.027144
0.024235
0.024449
0.024465
0.024489
0.024503
0.024516
0.024529
0.024542
0.024555
0.024569
0.024582
0.024073
0.024303
0.024321
0.024335
0.024349
0.024362
0.024375
0.024388
0.024401
0.024419
0.024432
0.024196
0.024421
0.024438
0.024453
0.024466
0.024480
0.024493
0.024506
0.024519
0.024533
0.024546
0.026939
0.027165
0.027184
0.027198
0.027212
0.027225
0.027238
0.027251
0.027265
0.027278
0.027291
0.024095
0.024317
0.024334
0.024348
0.024362
0.024375
0.024389
0.024402
0.024416
0.024429
0.024442
0.024127
0.024339
0.024365
0.024379
0.024393
0.024406
0.024420
0.024433
0.024446
0.024459
0.024472
0.024157
0.024383
0.024400
0.024415
0.024429
0.024442
0.024466
0.024480
0.024494
0.024507
0.024520
0.047301
0.047525
0.047542
0.047557
0.047570
0.047584
0.047597
0.047610
0.047623
0.047636
0.047649
0.024171
0.024398
0.024415
0.024430
0.024443
0.024456
0.024470
0.024483
0.024496
0.024509
0.024523
0.023919
0.024146
0.024164
0.024178
0.024192
0.024206
0.024219
0.024232
0.024246
0.024259
0.024272
0.025149
0.025376
0.025404
0.025430
0.025455
0.025479
0.025504
0.025527
0.025552
0.025576
0.025599
0.024281
0.024512
0.024541
0.024563
0.024588
0.024613
0.024637
0.024661
0.024684
0.024707
0.024731
0.024334
0.024574
0.024607
0.024632
0.024679
0.024704
0.024729
0.024753
0.024778
0.024802
0.024826
0.023290
0.023522
0.023551
0.023576
0.023602
0.023623
0.023639
0.023655
0.023671
0.023686
0.023702
0.023963
0.024194
0.024211
0.024225
0.024239
0.024253
0.024266
0.024279
0.024292
0.024305
0.024318
0.023254
0.023477
0.023494
0.023508
0.023522
0.023535
0.023549
0.023562
0.023575
0.023588
0.023601
0.024007
0.024230
0.024248
0.024262
0.024276
0.024289
0.024303
0.024316
0.024329
0.024342
0.024355
0.048524
0.048737
0.048763
0.048778
0.048792
0.048805
0.048818
0.048832
0.048845
0.048858
0.048871
0.024064
0.024277
0.024304
0.024318
0.024332
0.024345
0.024359
0.024372
0.024385
0.024398
0.024411
0.023394
0.023619
0.023636
0.023651
0.023664
0.023678
0.023691
0.023704
0.023717
0.023731
0.023743
0.025364
0.025589
0.025607
0.025621
0.025635
0.025648
0.025661
0.025675
0.025688
0.025701
0.025714
0.025502
0.025719
0.025736
0.025750
0.025774
0.025787
0.025800
0.025813
0.025827
0.025840
0.025853
0.024307
0.024530
0.024548
0.024562
0.024576
0.024590
0.024603
0.024616
0.024630
0.024643
0.024656
0.024033
0.024259
0.024276
0.024291
0.024304
0.024318
0.024331
0.024344
0.024357
0.024371
0.024384
0.023981
0.024204
0.024222
0.024245
0.024260
0.024274
0.024287
0.024301
0.024314
0.024327
0.024340
0.023920
0.024143
0.024161
0.024175
0.024189
0.024201
0.024215
0.024228
0.024241
0.024254
0.024267
0.024707
0.024932
0.024949
0.024964
0.024978
0.024991
0.025004
0.025017
0.025030
0.025043
0.025055
0.047296
0.047510
0.047537
0.047551
0.047565
0.047578
0.047591
0.047604
0.047617
0.047630
0.047643
0.024052
0.024277
0.024294
0.024308
0.024322
0.024336
0.024349
0.024362
0.024375
0.024388
0.024401
0.023974
0.024196
0.024213
0.024227
0.024241
0.024255
0.024268
0.024282
0.024295
0.024308
0.024321
0.024086
0.024312
0.024330
0.024345
0.024359
0.024373
0.024386
0.024400
0.024413
0.024426
0.024439
0.023902
0.024113
0.024140
0.024155
0.024168
0.024182
0.024196
0.024209
0.024223
0.024235
0.024249
0.024079
0.024303
0.024321
0.024335
0.024349
0.024363
0.024388
0.024412
0.024427
0.024441
0.024454
0.023839
0.024059
0.024077
0.024091
0.024105
0.024119
0.024133
0.024146
0.024159
0.024173
0.024185
0.023970
0.024189
0.024205
0.024218
0.024241
0.024255
0.024268
0.024281
0.024294
0.024307
0.024320
0.023947
0.024173
0.024191
0.024205
0.024220
0.024233
0.024246
0.024259
0.024272
0.024285
0.024306
0.024018
0.024245
0.024262
0.024277
0.024291
0.024305
0.024318
0.024332
0.024345
0.024358
0.024372
0.048845
0.049072
0.049089
0.049104
0.049118
0.049131
0.049144
0.049158
0.049171
0.049184
0.049197
0.024065
0.024285
0.024302
0.024316
0.024330
0.024343
0.024356
0.024369
0.024382
0.024396
0.024409
0.024381
0.024605
0.024623
0.024637
0.024651
0.024664
0.024677
0.024691
0.024704
0.024717
0.024730
0.024228
0.024453
0.024471
0.024485
0.024499
0.024512
0.024525
0.024539
0.024552
0.024565
0.024578
0.024189
0.024421
0.024439
0.024453
0.024467
0.024481
0.024494
0.024507
0.024520
0.024534
0.024547
0.024062
0.024287
0.024304
0.024318
0.024332
0.024346
0.024359
0.024373
0.024386
0.024399
0.024412
0.023966
0.024177
0.024204
0.024218
0.024231
0.024245
0.024258
0.024271
0.024284
0.024297
0.024310
0.023972
0.024206
0.024229
0.024253
0.024278
0.024302
0.024327
0.024351
0.024376
0.024400
0.024424
0.023912
0.024146
0.024174
0.024203
0.024228
0.024255
0.024279
0.024303
0.024328
0.024351
0.024374
0.024373
0.024606
0.024635
0.024663
0.024689
0.024714
0.024739
0.024763
0.024787
0.024811
0.024836
0.047226
0.047460
0.047492
0.047519
0.047546
0.047572
0.047597
0.047621
0.047646
0.047670
0.047693
0.024239
0.024474
0.024503
0.024527
0.024551
0.024575
0.024600
0.024623
0.024647
0.024672
0.024695
0.024220
0.024440
0.024479
0.024504
0.024529
0.024555
0.024579
0.024603
0.024627
0.024651
0.024674
0.024280
0.024518
0.024551
0.024578
0.024605
0.024629
0.024653
0.024678
0.024703
0.024726
0.024750
0.024977
0.025218
0.025250
0.025274
0.025300
0.025325
0.025348
0.025373
0.025397
0.025421
0.025444
0.024223
0.024461
0.024494
0.024520
0.024546
0.024570
0.024594
0.024619
0.024643
0.024667
0.024691
0.024045
0.024275
0.024304
0.024328
0.024353
0.024377
0.024402
0.024427
0.024451
0.024474
0.024499
0.024127
0.024355
0.024384
0.024408
0.024433
0.024457
0.024482
0.024506
0.024530
0.024555
0.024578
0.024101
0.024325
0.024364
0.024388
0.024413
0.024437
0.024462
0.024486
0.024510
0.024534
0.024559
0.024251
0.024485
0.024513
0.024537
0.024563
0.024588
0.024612
0.024637
0.024661
0.024685
0.024709
0.048824
0.049059
0.049092
0.049117
0.049144
0.049168
0.049192
0.049217
0.049240
0.049263
0.049288
0.024127
0.024360
0.024390
0.024417
0.024444
0.024469
0.024494
0.024518
0.024542
0.024567
0.024590
0.023964
0.024201
0.024230
0.024258
0.024283
0.024308
0.024332
0.024356
0.024379
0.024403
0.024426
0.024269
0.024501
0.024530
0.024557
0.024582
0.024607
0.024632
0.024655
0.024679
0.024703
0.024726
0.023988
0.024205
0.024231
0.024245
0.024259
0.024272
0.024288
0.024302
0.024315
0.024328
0.024341
0.023990
0.024236
0.024255
0.024271
0.024289
0.024303
0.024317
0.024330
0.024344
0.024357
0.024370
0.023762
0.023988
0.024006
0.024020
0.024034
0.024047
0.024061
0.024074
0.024087
0.024101
0.024117
0.023976
0.024197
0.024224
0.024239
0.024253
0.024266
0.024279
0.024293
0.024306
0.024319
0.024332
0.023921
0.024136
0.024162
0.024176
0.024190
0.024204
0.024217
0.024229
0.024242
0.024255
0.024269
0.024312
0.024534
0.024551
0.024566
0.024580
0.024593
0.024606
0.024620
0.024633
0.024646
0.024659
0.048123
0.048334
0.048360
0.048374
0.048388
0.048402
0.048415
0.048428
0.048441
0.048455
0.048468
0.024226
0.024454
0.024472
0.024486
0.024500
0.024513
0.024527
0.024540
0.024553
0.024566
0.024579
0.024068
0.024292
0.024310
0.024324
0.024338
0.024352
0.024365
0.024379
0.024392
0.024406
0.024419
0.024112
0.024337
0.024355
0.024369
0.024382
0.024396
0.024409
0.024422
0.024435
0.024448
0.024461
0.023972
0.024198
0.024215
0.024230
0.024244
0.024257
0.024271
0.024284
0.024297
0.024311
0.024324
0.024031
0.024267
0.024285
0.024299
0.024313
0.024327
0.024340
0.024354
0.024367
0.024380
0.024393
0.023934
0.024163
0.024189
0.024208
0.024221
0.024235
0.024249
0.024262
0.024276
0.024288
0.024302
0.023989
0.024219
0.024237
0.024252
0.024265
0.024279
0.024292
0.024305
0.024318
0.024331
0.024344
0.024502
0.024729
0.024747
0.024761
0.024775
0.024789
0.024803
0.024816
0.024829
0.024843
0.024856
0.024161
0.024387
0.024404
0.024419
0.024432
0.024446
0.024459
0.024472
0.024485
0.024498
0.024511
0.048474
0.048696
0.048713
0.048727
0.048743
0.048757
0.048770
0.048783
0.048796
0.048809
0.048822
0.024535
0.024762
0.024779
0.024794
0.024809
0.024822
0.024836
0.024849
0.024863
0.024875
0.024889
0.024555
0.024784
0.024813
0.024850
0.024875
0.024899
0.024924
0.024947
0.024971
0.024995
0.025019
0.024614
0.024830
0.024847
0.024861
0.024885
0.024898
0.024912
0.024925
0.024938
0.024951
0.024964
0.024945
0.025187
0.025218
0.025246
0.025271
0.025297
0.025321
0.025345
0.025369
0.025393
0.025418
0.024769
0.024995
0.025012
0.025027
0.025041
0.025055
0.025068
0.025081
0.025095
0.025108
0.025120
0.024433
0.024644
0.024671
0.024685
0.024699
0.024713
0.024726
0.024739
0.024752
0.024765
0.024778
0.023988
0.024213
0.024231
0.024246
0.024259
0.024273
0.024286
0.024300
0.024313
0.024326
0.024340
0.023841
0.024055
0.024082
0.024097
0.024111
0.024125
0.024138
0.024152
0.024165
0.024178
0.024191
0.024243
0.024470
0.024488
0.024503
0.024516
0.024529
0.024543
0.024556
0.024569
0.024583
0.024596
0.047284
0.047509
0.047527
0.047542
0.047555
0.047569
0.047582
0.047595
0.047608
0.047621
0.047634
0.023993
0.024215
0.024232
0.024247
0.024261
0.024274
0.024287
0.024300
0.024313
0.024327
0.024340
0.023830
0.024055
0.024072
0.024086
0.024100
0.024113
0.024127
0.024140
0.024153
0.024166
0.024179
0.024127
0.024352
0.024370
0.024385
0.024399
0.024412
0.024426
0.024439
0.024453
0.024466
0.024479
0.023930
0.024163
0.024190
0.024204
0.024218
0.024231
0.024245
0.024258
0.024271
0.024284
0.024297
0.023998
0.024214
0.024230
0.024244
0.024267
0.024280
0.024294
0.024307
0.024320
0.024333
0.024347
0.024074
0.024302
0.024320
0.024335
0.024348
0.024362
0.024375
0.024389
0.024402
0.024415
0.024428
0.024023
0.024240
0.024266
0.024281
0.024294
0.024308
0.024322
0.024335
0.024348
0.024362
0.024374
0.024274
0.024501
0.024518
0.024533
0.024546
0.024559
0.024573
0.024586
0.024599
0.024612
0.024625
0.024204
0.024428
0.024445
0.024459
0.024473
0.024501
0.024516
0.024529
0.024543
0.024556
0.024570
0.048364
0.048584
0.048602
0.048616
0.048630
0.048643
0.048657
0.048670
0.048683
0.048696
0.048709
0.024398
0.024610
0.024625
0.024639
0.024662
0.024676
0.024689
0.024702
0.024716
0.024729
0.024742
0.024312
0.024534
0.024551
0.024566
0.024580
0.024593
0.024607
0.024620
0.024633
0.024646
0.024659
0.024033
0.024257
0.024275
0.024289
0.024303
0.024316
0.024329
0.024343
0.024356
0.024369
0.024382
0.023857
0.024084
0.024101
0.024115
0.024129
0.024142
0.024155
0.024169
0.024183
0.024196
0.024209
0.024451
0.024678
0.024696
0.024710
0.024724
0.024737
0.024750
0.024764
0.024777
0.024791
0.024803
0.024300
0.024524
0.024542
0.024556
0.024570
0.024584
0.024597
0.024610
0.024623
0.024637
0.024649
0.024628
0.024851
0.024868
0.024883
0.024897
0.024910
0.024924
0.024937
0.024950
0.024963
0.024976
0.024552
0.024777
0.024795
0.024810
0.024824
0.024837
0.024850
0.024863
0.024877
0.024890
0.024903
0.024327
0.024550
0.024568
0.024582
0.024596
0.024609
0.024622
0.024635
0.024648
0.024661
0.024673
0.047052
0.047276
0.047293
0.047307
0.047321
0.047334
0.047348
0.047361
0.047374
0.047387
0.047401
0.024421
0.024639
0.024666
0.024681
0.024695
0.024708
0.024721
0.024734
0.024747
0.024760
0.024773
0.023833
0.024055
0.024073
0.024086
0.024100
0.024113
0.024127
0.024140
0.024153
0.024167
0.024180
0.024065
0.024280
0.024306
0.024321
0.024334
0.024348
0.024361
0.024374
0.024387
0.024400
0.024414
0.024316
0.024539
0.024565
0.024580
0.024593
0.024606
0.024619
0.024633
0.024646
0.024659
0.024673
0.023989
0.024199
0.024225
0.024240
0.024253
0.024266
0.024280
0.024293
0.024306
0.024319
0.024332
0.023908
0.024118
0.024134
0.024148
0.024171
0.024184
0.024198
0.024211
0.024225
0.024239
0.024252
0.023964
0.024185
0.024202
0.024217
0.024231
0.024244
0.024257
0.024271
0.024284
0.024297
0.024309
0.023886
0.024107
0.024124
0.024138
0.024151
0.024165
0.024178
0.024191
0.024204
0.024218
0.024231
0.024332
0.024564
0.024582
0.024596
0.024610
0.024623
0.024637
0.024650
0.024662
0.024675
0.024688
0.048931
0.049151
0.049168
0.049183
0.049197
0.049211
0.049224
0.049237
0.049251
0.049264
0.049277
0.024435
0.024647
0.024673
0.024688
0.024701
0.024715
0.024728
0.024740
0.024753
0.024766
0.024779
0.023947
0.024173
0.024190
0.024205
0.024219
0.024232
0.024245
0.024258
0.024271
0.024285
0.024298
0.024202
0.024427
0.024445
0.024459
0.024473
0.024486
0.024499
0.024512
0.024542
0.024568
0.024584
0.023996
0.024210
0.024236
0.024251
0.024265
0.024279
0.024292
0.024306
0.024319
0.024332
0.024346
0.024200
0.024422
0.024440
0.024454
0.024467
0.024481
0.024495
0.024508
0.024521
0.024534
0.024548
0.024020
0.024245
0.024263
0.024277
0.024290
0.024303
0.024317
0.024330
0.024343
0.024356
0.024369
0.025328
0.025648
0.025692
0.025723
0.025755
0.025784
0.025811
0.025838
0.025867
0.025896
0.025925
0.024637
0.024861
0.024879
0.024893
0.024906
0.024920
0.024933
0.024946
0.024960
0.024973
0.024985
0.024674
0.024899
0.024917
0.024931
0.024945
0.024959
0.024973
0.024986
0.024999
0.025012
0.025026
0.047175
0.047387
0.047415
0.047428
0.047442
0.047456
0.047469
0.047482
0.047495
0.047508
0.047521
0.024082
0.024303
0.024321
0.024335
0.024348
0.024362
0.024375
0.024389
0.024402
0.024415
0.024428
0.023906
0.024125
0.024143
0.024157
0.024171
0.024184
0.024197
0.024210
0.024223
0.024236
0.024249
0.023968
0.024192
0.024209
0.024224
0.024238
0.024252
0.024265
0.024278
0.024292
0.024305
0.024318
0.024267
0.024495
0.024513
0.024527
0.024541
0.024554
0.024567
0.024580
0.024594
0.024606
0.024619
0.024278
0.024489
0.024515
0.024530
0.024544
0.024557
0.024570
0.024584
0.024597
0.024611
0.024624
0.024076
0.024305
0.024322
0.024337
0.024350
0.024364
0.024377
0.024390
0.024403
0.024416
0.024429
0.024186
0.024409
0.024426
0.024440
0.024454
0.024467
0.024480
0.024493
0.024507
0.024519
0.024532
0.024145
0.024368
0.024385
0.024400
0.024413
0.024426
0.024440
0.024452
0.024466
0.024479
0.024492
0.024104
0.024326
0.024344
0.024358
0.024372
0.024385
0.024399
0.024412
0.024426
0.024439
0.024452
0.048221
0.048456
0.048476
0.048491
0.048505
0.048518
0.048531
0.048544
0.048557
0.048570
0.048583
0.024106
0.024328
0.024345
0.024360
0.024374
0.024387
0.024401
0.024414
0.024427
0.024440
0.024453
0.023877
0.024098
0.024115
0.024129
0.024143
0.024157
0.024170
0.024183
0.024196
0.024209
0.024222
0.024963
0.025181
0.025197
0.025211
0.025235
0.025249
0.025262
0.025275
0.025288
0.025301
0.025314
0.025069
0.025307
0.025325
0.025339
0.025352
0.025366
0.025379
0.025392
0.025405
0.025418
0.025431
0.024482
0.024710
0.024736
0.024753
0.024767
0.024780
0.024793
0.024807
0.024820
0.024833
0.024846
0.024504
0.024734
0.024753
0.024767
0.024781
0.024795
0.024808
0.024821
0.024834
0.024847
0.024860
0.024553
0.024774
0.024791
0.024815
0.024829
0.024842
0.024856
0.024869
0.024883
0.024896
0.024909
0.024375
0.024608
0.024626
0.024641
0.024654
0.024668
0.024681
0.024695
0.024708
0.024721
0.024734
0.024395
0.024621
0.024639
0.024653
0.024666
0.024680
0.024693
0.024706
0.024719
0.024732
0.024745
0.048337
0.048561
0.048578
0.048592
0.048605
0.048619
0.048632
0.048645
0.048658
0.048671
0.048684
0.024114
0.024339
0.024356
0.024370
0.024384
0.024398
0.024411
0.024425
0.024438
0.024451
0.024464
0.023887
0.024103
0.024133
0.024150
0.024168
0.024183
0.024199
0.024215
0.024230
0.024246
0.024262
0.024118
0.024345
0.024365
0.024383
0.024400
0.024417
0.024433
0.024449
0.024465
0.024481
0.024496
0.023967
0.024196
0.024216
0.024234
0.024251
0.024267
0.024293
0.024311
0.024327
0.024343
0.024359
0.024175
0.024393
0.024412
0.024439
0.024455
0.024472
0.024489
0.024505
0.024520
0.024535
0.024550
0.024684
0.024913
0.024932
0.024950
0.024967
0.024983
0.024998
0.025014
0.025030
0.025045
0.025061
0.024170
0.024390
0.024410
0.024426
0.024453
0.024476
0.024492
0.024506
0.024519
0.024538
0.024552
0.024245
0.024469
0.024486
0.024500
0.024517
0.024530
0.024543
0.024557
0.024570
0.024583
0.024596
0.024168
0.024396
0.024413
0.024428
0.024441
0.024455
0.024468
0.024481
0.024494
0.024507
0.024520
0.047261
0.047471
0.047498
0.047512
0.047526
0.047539
0.047553
0.047566
0.047579
0.047592
0.047605
0.024524
0.024756
0.024773
0.024788
0.024802
0.024815
0.024828
0.024842
0.024855
0.024868
0.024882
0.023197
0.023431
0.023448
0.023463
0.023476
0.023490
0.023504
0.023517
0.023530
0.023543
0.023556
0.023453
0.023675
0.023693
0.023708
0.023722
0.023735
0.023748
0.023762
0.023775
0.023788
0.023801
0.023687
0.023915
0.023932
0.023946
0.023960
0.023973
0.023987
0.024000
0.024013
0.024026
0.024039
0.023913
0.024134
0.024151
0.024165
0.024179
0.024192
0.024205
0.024219
0.024232
0.024245
0.024258
0.023912
0.024139
0.024157
0.024172
0.024185
0.024199
0.024213
0.024226
0.024240
0.024253
0.024266
0.023804
0.024023
0.024050
0.024064
0.024078
0.024091
0.024104
0.024117
0.024130
0.024144
0.024157
0.022977
0.023200
0.023217
0.023232
0.023246
0.023259
0.023273
0.023286
0.023299
0.023312
0.023325
0.024147
0.024372
0.024389
0.024403
0.024417
0.024431
0.024444
0.024457
0.024470
0.024483
0.024497
0.046789
0.047010
0.047027
0.047041
0.047055
0.047068
0.047081
0.047094
0.047107
0.047120
0.047133
0.023981
0.024206
0.024223
0.024237
0.024251
0.024264
0.024277
0.024291
0.024303
0.024317
0.024329
0.023858
0.024081
0.024098
0.024113
0.024127
0.024140
0.024153
0.024166
0.024179
0.024192
0.024205
0.023977
0.024203
0.024220
0.024233
0.024247
0.024260
0.024273
0.024286
0.024299
0.024312
0.024325
0.026426
0.026654
0.026672
0.026686
0.026700
0.026713
0.026727
0.026741
0.026753
0.026767
0.026780
0.024559
0.024791
0.024809
0.024824
0.024837
0.024851
0.024865
0.024878
0.024892
0.024905
0.024919
0.023205
0.023433
0.023451
0.023466
0.023479
0.023493
0.023506
0.023519
0.023532
0.023545
0.023558
0.024014
0.024240
0.024259
0.024273
0.024287
0.024300
0.024313
0.024327
0.024340
0.024353
0.024366
0.023906
0.024131
0.024148
0.024168
0.024189
0.024204
0.024218
0.024231
0.024244
0.024257
0.024270
0.024070
0.024287
0.024314
0.024328
0.024342
0.024355
0.024368
0.024388
0.024410
0.024429
0.024450
0.048355
0.048581
0.048599
0.048614
0.048628
0.048641
0.048654
0.048668
0.048681
0.048694
0.048707
0.024455
0.024682
0.024700
0.024714
0.024729
0.024742
0.024775
0.024790
0.024803
0.024817
0.024829
0.024587
0.024813
0.024831
0.024846
0.024859
0.024873
0.024886
0.024899
0.024912
0.024925
0.024939
0.024310
0.024525
0.024541
0.024555
0.024578
0.024592
0.024606
0.024619
0.024632
0.024645
0.024659
0.023920
0.024157
0.024187
0.024215
0.024241
0.024267
0.024291
0.024315
0.024338
0.024362
0.024385
0.024568
0.024794
0.024830
0.024857
0.024881
0.024907
