367	101	41	16
369	103	40	15
372	103	40	15
376	105	40	15
379	106	41	15
383	107	41	15
387	108	41	15
390	109	42	15
394	110	42	16
398	111	43	16
401	112	43	16
405	113	43	16
366	126	39	15
365	128	38	15
365	130	38	15
365	132	38	15
364	134	38	15
364	136	38	15
364	138	38	15
364	140	38	15
363	142	38	15
363	144	38	15
363	146	38	15
351	126	37	14
350	127	36	13
349	128	36	13
348	129	36	13
347	129	36	13
346	130	36	13
345	131	36	13
344	132	35	13
343	132	35	13
342	133	35	13
341	134	35	13
346	128	37	14
345	128	36	13
344	129	36	13
343	129	36	13
342	129	36	13
342	130	36	13
341	130	36	13
340	130	36	13
340	131	36	13
339	131	36	13
338	131	36	13
364	146	39	15
363	146	38	14
364	147	39	15
364	148	39	15
365	149	39	15
366	150	39	15
367	151	39	15
367	152	39	15
368	154	39	15
369	155	39	15
370	156	39	15
367	162	40	15
367	163	40	15
368	164	40	15
368	165	40	15
369	167	40	15
369	168	40	15
370	169	40	15
370	171	40	15
371	172	40	15
372	174	40	15
372	175	40	15
363	165	38	15
363	166	38	15
363	167	38	15
363	167	37	15
363	168	37	15
363	169	37	15
363	169	37	15
363	170	37	15
363	171	37	15
363	172	37	15
363	172	37	15
349	165	37	14
348	165	36	14
348	165	36	13
347	166	36	13
346	166	36	13
345	166	36	13
344	166	36	13
344	167	36	13
343	167	36	13
342	167	36	13
341	167	36	13
345	174	38	15
344	174	37	14
343	174	37	14
343	175	37	15
342	175	37	15
341	176	37	15
341	177	37	15
340	177	38	15
340	178	38	15
339	178	38	15
338	179	38	15
333	172	39	15
332	172	39	15
331	172	39	15
330	172	39	15
329	172	39	15
328	173	39	15
328	173	39	15
327	173	39	15
326	173	39	15
325	173	39	15
324	173	39	15
334	169	40	15
333	169	40	15
332	168	40	15
332	168	40	15
332	168	40	15
331	168	40	15
331	168	40	15
331	168	40	15
330	168	40	15
330	168	40	15
330	167	40	15
335	169	38	15
334	168	38	15
334	168	38	15
334	168	37	15
334	168	37	15
334	168	37	15
334	168	37	15
334	168	37	15
334	168	37	15
334	168	37	15
334	168	37	15
330	163	40	15
329	162	39	15
329	162	39	15
329	162	40	15
329	161	40	15
328	161	40	15
328	161	40	15
328	160	40	15
328	160	40	15
327	160	40	15
327	159	40	15
330	172	41	16
329	171	41	15
329	171	41	16
329	172	41	16
329	172	41	16
329	173	41	16
329	173	41	16
329	173	41	16
328	174	41	16
328	174	41	16
328	174	41	16
315	170	42	16
314	170	42	16
314	170	42	16
313	170	42	16
312	170	42	16
311	170	42	16
310	170	42	16
309	170	42	16
308	170	42	16
307	170	42	16
307	170	42	16
313	164	43	16
312	164	43	16
311	163	43	16
311	163	43	16
310	163	43	16
310	162	43	16
309	162	43	16
309	162	43	16
308	161	43	16
308	161	43	16
307	161	43	16
312	163	42	16
311	162	42	16
311	162	42	16
311	162	42	16
310	162	42	16
310	161	42	16
310	161	41	16
310	161	41	16
309	161	41	16
309	161	41	16
309	160	41	16
309	164	42	16
308	163	41	16
308	163	41	16
308	163	41	16
308	163	41	16
307	163	41	16
307	163	41	16
307	163	41	16
307	163	41	16
306	163	41	16
306	163	41	16
318	166	40	15
317	165	39	15
318	166	39	14
318	166	39	14
318	166	39	14
319	166	39	14
319	166	39	14
320	166	39	14
320	166	39	14
320	166	39	14
321	167	38	14
317	179	42	16
317	179	41	15
317	179	41	15
317	180	42	16
317	181	42	16
317	182	42	16
318	182	42	16
318	183	42	16
318	184	42	16
318	185	42	16
318	186	42	16
316	176	42	16
316	176	42	16
316	176	42	16
316	177	42	16
316	177	42	16
316	177	42	16
316	177	42	16
316	177	42	16
316	177	42	16
316	178	42	16
315	178	42	16
302	165	42	16
301	165	42	16
301	164	42	16
300	164	42	16
299	163	42	16
298	162	42	16
298	162	42	16
297	161	42	16
296	161	42	16
295	160	42	16
294	159	42	16
303	141	43	16
302	140	43	16
301	138	43	16
301	137	43	16
301	135	43	16
301	134	43	16
300	132	43	16
300	130	43	16
300	129	43	16
299	127	43	16
299	126	43	16
300	146	43	16
299	144	43	16
299	143	43	16
299	143	43	16
298	143	43	16
298	142	43	16
298	142	43	16
298	141	43	16
297	141	43	16
297	141	43	16
297	140	43	16
300	148	43	16
299	147	43	16
299	147	43	16
299	147	43	16
299	147	43	16
299	147	43	16
299	147	43	16
299	147	43	16
299	147	43	16
298	147	43	16
298	147	43	16
292	145	45	17
291	145	45	16
291	144	45	17
290	144	45	17
290	144	45	17
290	144	45	17
289	144	45	17
289	144	45	17
288	144	45	17
288	143	45	17
287	143	46	17
293	148	47	18
292	147	47	18
292	147	47	18
292	148	47	18
292	148	47	18
291	148	47	18
291	148	47	18
291	148	48	18
291	148	48	18
291	148	48	18
291	148	48	18
300	150	48	19
299	150	48	19
300	150	48	19
300	150	48	19
300	150	48	19
301	150	48	19
301	150	48	19
301	151	48	19
302	151	49	19
302	151	49	19
302	151	49	19
294	159	48	19
294	159	48	19
294	159	48	19
294	160	48	19
293	160	48	19
293	161	48	19
293	161	48	19
293	162	48	19
293	163	48	19
292	163	48	19
292	164	48	19
302	162	49	19
301	162	49	19
302	162	49	19
302	163	49	19
302	163	49	19
303	164	49	19
303	164	49	19
303	165	49	19
304	165	49	19
304	165	49	19
304	166	49	19
313	172	49	19
313	172	49	19
314	173	49	19
314	173	49	19
315	174	49	19
316	175	49	19
317	175	49	19
317	176	49	19
318	177	49	19
319	178	49	19
320	178	49	19
315	158	50	19
315	158	50	19
316	158	50	19
316	157	50	19
317	157	50	19
317	156	50	19
317	156	50	19
318	155	50	19
318	155	50	19
319	154	50	19
319	154	50	19
323	165	49	19
323	164	49	19
324	164	49	19
324	164	49	19
325	164	48	19
325	165	48	19
326	165	48	19
327	165	48	19
327	165	48	19
328	165	48	19
328	165	48	19
330	170	50	19
330	170	49	19
331	170	50	19
331	170	50	19
332	171	50	19
333	171	50	19
333	171	50	19
334	172	50	19
334	172	50	19
335	173	50	19
336	173	50	19
321	171	49	19
321	171	49	19
321	171	49	19
321	171	48	19
320	171	48	19
320	172	48	19
320	172	48	19
320	172	48	19
319	172	48	19
319	173	48	19
319	173	48	19
312	161	50	19
311	161	49	19
311	160	49	19
310	160	50	19
309	159	50	19
309	159	50	19
308	158	50	19
307	158	50	19
307	157	50	19
306	157	50	19
305	156	50	19
302	160	53	20
301	159	53	19
300	159	53	20
299	158	53	20
298	158	53	20
298	158	53	20
297	158	53	20
296	157	54	20
295	157	54	20
294	157	54	20
293	156	54	20
305	151	53	20
304	150	53	20
303	150	53	20
303	149	53	20
303	148	53	20
303	148	53	20
303	147	53	20
303	147	53	20
302	146	53	20
302	145	53	20
302	145	53	20
300	163	53	20
299	162	53	20
299	162	53	20
299	163	53	20
298	163	53	20
298	164	53	20
298	164	53	20
298	164	53	20
297	165	53	20
297	165	53	20
297	166	53	20
296	154	54	21
295	154	54	21
295	154	54	21
294	153	54	21
294	153	54	21
294	153	54	21
293	153	54	21
293	152	54	21
293	152	54	21
292	152	54	21
292	151	54	21
296	141	56	21
295	140	56	21
295	139	56	21
295	138	56	21
295	138	56	21
295	137	56	21
294	136	56	21
294	135	56	21
294	134	57	21
294	133	57	21
294	132	57	21
300	141	57	22
299	140	57	22
300	139	57	22
300	139	57	22
300	139	57	22
300	138	57	22
300	138	57	22
300	137	57	22
301	137	57	22
301	137	58	22
301	136	58	22
290	135	57	22
290	134	57	22
289	134	57	22
289	133	57	22
288	133	57	22
288	132	57	22
287	132	57	22
287	131	57	22
286	131	57	22
286	131	57	22
285	130	57	22
282	134	59	23
281	133	59	23
280	133	59	23
280	133	59	23
279	132	59	23
278	132	59	23
278	132	59	23
277	132	59	23
276	131	59	23
276	131	60	23
275	131	60	23
286	152	62	24
285	151	62	24
285	152	62	24
285	153	62	24
285	154	62	24
285	155	62	24
285	156	63	24
285	157	63	24
285	158	63	24
284	159	63	24
284	160	64	24
285	167	60	23
284	167	60	23
284	169	60	23
284	170	60	23
284	171	60	23
284	172	60	22
284	174	60	22
284	175	60	22
284	176	60	22
284	177	60	22
284	179	60	22
289	176	60	23
288	177	59	22
289	178	59	22
289	179	59	22
289	180	59	22
289	181	59	22
289	182	59	22
290	183	59	22
290	184	59	22
290	185	59	22
290	186	59	22
286	152	63	24
286	153	62	23
286	152	63	24
286	151	63	24
285	150	63	24
285	149	63	24
285	148	63	24
285	147	63	24
285	146	64	24
285	145	64	24
285	144	64	24
277	157	65	25
276	156	65	25
276	155	65	25
275	155	65	25
275	155	65	25
274	155	65	25
274	155	66	25
273	154	66	25
273	154	66	25
272	154	66	25
272	154	66	25
276	153	63	24
275	152	63	24
275	152	63	24
274	152	63	24
274	152	63	24
274	151	63	23
273	151	62	23
273	151	62	23
273	150	62	23
273	150	62	23
272	150	62	23
274	152	64	25
273	151	63	24
273	151	63	25
273	151	64	25
273	151	64	25
272	151	64	25
272	150	64	25
272	150	64	25
272	150	64	25
272	150	64	25
271	150	64	25
267	160	63	24
266	159	63	24
266	160	62	24
265	160	62	23
265	160	62	23
264	161	62	23
264	161	62	23
263	162	62	23
263	162	62	23
263	162	62	23
262	163	62	23
269	158	65	25
268	158	64	24
268	158	65	25
268	158	65	25
268	158	65	25
268	158	65	25
268	158	65	25
268	158	65	25
267	158	65	25
267	158	65	25
267	159	65	25
265	157	68	26
264	157	68	26
264	157	68	26
264	156	68	26
264	156	68	26
263	156	68	26
263	156	69	26
263	156	69	26
263	156	69	26
263	156	69	26
262	156	69	26
259	150	71	27
258	149	71	27
258	149	71	27
257	149	71	27
257	148	71	27
257	148	72	27
256	147	72	27
256	147	72	27
255	147	72	27
255	146	73	27
254	146	73	27
263	152	74	28
262	151	74	28
262	151	74	28
262	151	74	28
262	151	75	28
262	151	75	28
262	151	75	28
262	151	75	28
262	151	76	28
262	151	76	28
262	150	76	28
260	145	74	28
260	144	74	28
259	144	74	28
259	144	74	28
259	143	74	28
259	143	74	28
259	142	74	28
259	142	74	28
259	142	75	28
259	141	75	28
258	141	75	28
254	148	77	30
253	147	77	30
253	147	77	30
253	147	77	30
252	147	77	30
252	147	77	30
251	147	78	30
251	147	78	30
251	147	78	30
250	147	78	31
250	147	78	31
254	142	78	30
253	141	78	30
253	141	78	30
253	141	78	30
253	141	78	30
252	140	78	30
252	140	78	30
252	140	79	30
252	139	79	30
252	139	79	30
252	139	79	30
247	140	80	31
246	139	80	31
246	139	80	31
245	139	80	31
245	138	80	31
245	138	80	31
244	138	80	31
244	138	81	31
243	137	81	31
243	137	81	31
242	137	81	31
245	131	81	31
244	130	81	31
244	130	81	31
243	129	81	31
243	128	81	31
243	128	81	31
243	127	81	31
242	127	81	31
242	126	81	31
242	126	82	31
241	125	82	31
243	120	83	32
242	119	83	32
242	118	83	32
242	117	83	32
242	116	83	32
241	115	83	32
241	115	83	32
241	114	84	32
241	113	84	32
240	112	84	32
240	111	84	32
236	106	85	33
235	105	85	33
235	104	85	33
234	102	85	33
234	101	85	33
233	100	85	33
233	99	86	33
232	98	86	33
232	97	86	33
232	96	86	33
231	94	86	33
227	106	87	33
226	104	87	33
225	104	87	33
225	103	87	33
224	103	87	33
223	103	87	33
223	102	88	33
222	102	88	33
221	101	88	33
220	101	88	33
220	100	88	33
221	109	88	34
220	108	88	34
219	108	88	34
219	108	88	34
218	108	88	34
217	108	88	34
217	108	88	34
216	108	88	34
215	108	89	34
215	108	89	34
214	108	89	34
222	105	88	34
221	105	88	34
221	104	88	34
221	104	88	34
220	104	88	34
220	104	88	34
220	104	88	34
220	103	88	34
220	103	88	34
219	103	88	34
219	103	88	34
215	115	88	34
214	114	88	34
214	115	88	34
213	115	88	34
213	116	88	34
213	116	88	34
212	117	88	34
212	117	88	34
211	118	88	34
211	118	88	34
210	119	88	34
210	124	92	36
209	124	92	36
209	125	92	36
208	125	92	36
208	126	92	36
207	127	92	36
207	128	93	36
206	128	93	36
206	129	93	36
205	130	93	36
205	130	94	37
227	142	96	37
226	142	96	37
227	144	96	37
228	145	96	37
228	146	97	37
229	147	97	37
230	149	97	37
231	150	98	37
231	151	98	37
232	153	98	37
233	154	99	38
222	134	96	37
222	135	96	37
222	135	96	37
222	135	96	37
223	135	96	37
223	135	96	37
223	135	96	37
223	135	97	37
223	135	97	37
223	136	97	37
223	136	97	37
219	121	96	37
219	121	96	37
218	120	96	37
218	119	96	37
218	118	96	37
218	118	96	37
218	117	96	37
218	116	96	37
217	115	96	37
217	115	96	37
217	114	96	37
210	121	99	39
209	120	99	39
209	119	99	39
208	119	99	39
208	119	99	39
207	118	99	39
206	118	99	39
206	118	100	39
205	117	100	39
205	117	100	39
204	117	100	40
204	106	99	39
203	105	99	39
202	104	99	39
202	103	99	39
201	102	99	39
201	101	99	39
200	100	99	39
199	100	99	39
199	99	99	39
198	98	99	39
198	97	99	39
196	107	103	40
195	106	103	40
194	105	103	40
194	105	103	40
193	105	103	40
192	104	104	40
192	104	104	40
191	103	104	40
190	103	104	40
190	103	105	40
189	102	105	40
204	99	99	39
203	98	99	39
203	98	99	39
203	97	99	39
203	97	98	38
204	96	98	38
204	95	98	38
204	95	98	38
204	94	98	38
204	94	98	38
204	93	98	38
224	105	103	40
224	104	102	39
225	104	103	40
226	104	103	40
227	104	103	40
229	104	103	40
230	104	103	40
231	105	103	40
232	105	103	40
233	105	104	40
235	105	104	40
236	118	108	42
237	118	108	42
238	118	108	42
239	119	108	42
240	120	109	42
242	121	109	42
243	122	109	42
244	122	110	42
245	123	110	42
246	124	110	43
248	125	111	43
225	110	103	40
226	110	103	40
226	110	103	40
225	110	103	40
225	110	102	39
225	110	102	39
225	110	102	39
225	110	102	39
225	110	102	39
225	110	102	39
224	109	102	39
223	100	108	42
222	99	107	41
222	99	108	42
222	98	108	42
222	97	108	42
221	97	108	42
221	96	108	42
221	96	109	42
221	95	109	42
220	94	109	42
220	94	109	42
211	94	112	43
210	93	112	43
209	92	112	43
209	92	112	43
208	91	113	43
207	90	113	43
206	90	113	43
206	89	114	43
205	89	114	43
204	88	114	43
203	87	115	43
208	96	117	45
207	95	117	45
206	95	117	45
206	95	118	45
205	95	118	45
205	94	118	45
204	94	119	45
204	94	119	45
203	94	120	46
203	94	120	46
202	94	120	46
194	110	112	43
193	109	112	43
192	110	112	43
191	111	112	43
190	112	112	42
189	112	111	42
188	113	111	42
187	114	111	42
186	115	111	42
185	115	111	42
184	116	111	42
191	106	114	44
190	106	113	43
189	106	113	43
188	107	113	43
188	107	113	44
187	107	114	44
187	107	114	44
186	107	114	44
186	107	114	44
185	107	114	44
184	107	114	44
207	96	119	46
206	96	119	46
207	95	119	46
207	95	119	46
208	94	119	46
209	93	120	46
209	93	120	46
210	92	120	46
211	92	121	46
211	91	121	47
212	91	121	47
196	89	114	44
196	88	114	44
196	87	114	44
196	87	114	44
195	86	113	43
195	85	113	43
195	85	113	43
195	84	113	43
194	83	113	43
194	83	113	43
194	82	112	43
196	93	114	44
195	92	113	43
195	92	113	43
195	92	113	43
195	92	113	43
195	92	113	43
194	92	113	43
194	92	113	43
194	92	113	43
194	92	113	43
194	92	113	43
187	93	119	46
186	92	118	45
186	92	119	46
185	93	119	46
185	93	119	46
184	93	119	46
184	93	120	46
183	93	120	46
182	93	120	46
182	93	120	46
181	93	121	46
203	102	124	48
202	102	124	48
203	102	124	48
203	103	125	48
204	103	125	48
205	104	125	48
205	104	126	48
206	105	126	49
206	105	126	49
207	106	127	49
208	106	127	49
189	108	129	50
189	108	129	50
189	109	129	50
188	109	130	50
188	110	130	50
187	110	131	50
187	111	131	51
186	111	132	51
186	112	132	51
186	112	132	51
185	113	133	51
179	107	134	52
178	107	134	52
177	107	134	52
176	107	135	52
176	108	135	52
175	108	136	52
174	108	136	53
173	108	137	53
172	108	137	53
172	108	138	53
171	109	138	53
166	106	137	53
165	106	137	53
164	106	137	53
163	106	138	53
162	106	138	53
161	106	138	53
159	106	139	53
158	106	139	53
157	106	139	54
156	106	140	54
155	106	140	54
152	108	139	54
150	107	139	54
149	108	139	54
148	108	139	54
147	108	140	54
146	108	140	54
144	108	140	54
143	108	140	54
142	108	141	54
141	108	141	54
140	108	141	55
145	109	145	56
143	109	145	56
142	109	145	56
142	109	146	56
141	109	146	56
140	109	146	56
139	109	147	56
138	109	147	56
137	109	148	57
136	109	148	57
136	109	149	57
132	110	151	59
131	110	151	59
130	110	151	59
129	110	152	59
128	110	152	59
126	110	153	60
125	110	153	60
124	110	154	60
123	110	154	60
122	110	155	60
121	110	155	61
133	108	148	57
131	108	148	57
131	108	148	57
131	107	148	57
130	107	148	57
130	107	148	57
130	107	148	57
129	107	148	57
129	107	148	57
129	107	148	57
128	107	148	57
123	107	154	60
122	106	154	59
121	106	154	60
121	106	154	60
120	106	154	60
120	106	155	60
119	106	155	60
118	106	155	60
118	106	156	61
117	106	156	61
116	106	156	61
122	116	151	59
121	115	151	59
121	116	151	59
120	116	151	59
120	117	151	59
120	117	151	59
119	118	151	59
119	118	151	59
119	119	151	59
118	119	151	59
118	120	151	59
121	116	154	60
120	116	153	60
120	116	154	60
120	116	154	60
120	117	154	60
120	117	154	60
119	117	154	60
119	117	154	60
119	117	154	60
119	118	155	60
119	118	155	60
108	120	157	61
107	120	157	61
107	120	157	61
106	120	157	61
105	121	157	61
104	121	158	61
103	121	158	61
103	121	158	61
102	122	158	61
101	122	158	61
100	122	159	61
105	125	163	63
104	125	163	63
103	125	163	63
103	126	164	63
102	126	164	63
102	126	164	63
101	127	165	63
101	127	165	63
100	128	166	64
100	128	166	64
99	128	167	64
102	121	160	62
101	121	160	62
101	121	160	62
100	121	160	62
100	121	160	62
100	121	160	62
99	121	160	62
99	121	160	62
99	120	160	62
98	120	160	62
98	120	160	62
99	116	160	62
98	115	160	62
98	115	159	61
98	115	159	61
97	114	159	61
97	114	159	61
97	114	159	61
96	113	159	61
96	113	159	61
96	113	159	61
96	112	159	61
96	115	163	63
95	114	162	62
95	114	163	63
95	114	163	63
94	114	163	63
94	113	163	63
94	113	163	63
94	113	163	63
93	113	164	63
93	113	164	63
93	112	164	63
89	115	163	63
88	114	163	63
88	114	163	63
87	114	163	63
87	114	163	63
86	114	163	63
86	114	163	63
85	114	163	63
85	114	163	63
84	114	163	63
84	114	163	63
83	116	170	66
82	115	170	66
81	115	170	66
81	116	170	66
80	116	171	66
80	116	171	66
79	116	172	66
79	116	172	67
78	116	172	67
78	116	173	67
77	116	173	67
85	122	177	69
84	122	177	69
84	122	177	69
84	122	178	69
84	123	179	69
84	123	179	70
83	123	180	70
83	124	180	70
83	124	181	70
83	124	181	71
83	125	182	71
86	128	170	66
85	128	170	66
85	128	170	66
85	129	170	66
86	129	170	66
86	130	169	65
86	130	169	65
86	131	169	65
86	131	169	65
86	132	169	65
86	132	169	65
86	126	177	69
86	126	176	68
86	126	177	69
86	126	177	69
86	126	177	69
86	126	177	69
86	126	178	69
86	127	178	69
86	127	178	69
86	127	179	69
86	127	179	70
78	128	181	70
78	128	181	70
77	128	181	70
77	128	182	70
76	128	182	70
76	128	182	70
75	128	183	70
75	128	183	70
74	128	183	70
74	129	184	71
74	129	184	71
75	124	177	69
74	124	177	69
74	123	177	69
73	123	177	69
73	123	177	69
73	123	177	69
72	123	176	69
72	123	176	69
72	122	176	69
71	122	176	69
71	122	176	69
68	127	177	69
67	126	176	68
67	126	176	68
66	126	176	68
66	127	176	68
65	127	176	68
65	127	176	68
64	127	176	68
63	127	176	68
63	127	176	68
62	127	176	68
79	123	170	66
78	123	169	65
78	122	169	65
79	122	169	65
79	122	168	65
80	122	168	65
80	122	167	65
80	122	167	64
81	121	167	64
81	121	166	64
82	121	166	64
70	124	177	69
70	123	176	68
70	123	176	68
69	123	177	69
69	123	177	69
69	123	177	69
68	123	177	69
68	123	177	69
68	123	178	69
68	123	178	69
67	123	178	69
63	125	181	70
62	124	181	70
62	125	181	70
61	125	181	70
61	125	182	70
60	125	182	70
60	125	182	70
59	125	183	70
58	125	183	70
58	125	183	70
57	125	184	71
63	141	177	69
62	141	177	69
62	141	177	69
62	142	177	69
61	143	177	69
61	144	177	69
61	145	176	69
61	146	176	69
60	147	176	69
60	148	176	68
60	149	176	68
73	145	184	72
72	145	183	71
73	146	184	72
73	147	184	72
74	147	184	72
74	148	185	72
75	149	185	72
75	149	185	72
76	150	186	73
76	150	186	73
77	151	186	73
85	152	192	74
85	152	192	74
86	153	192	74
87	153	193	74
88	154	194	74
89	155	194	74
89	155	195	75
90	156	195	75
91	156	196	75
92	157	197	75
93	158	197	75
80	154	195	76
80	154	195	76
80	154	196	76
81	155	196	76
81	155	196	76
81	156	197	76
81	156	197	77
81	156	198	77
81	157	198	77
81	157	198	77
81	157	199	77
84	153	188	73
84	153	188	73
84	153	188	73
84	153	187	72
84	153	187	72
84	153	187	72
85	153	187	72
85	153	186	72
85	153	186	72
85	153	186	72
86	153	186	72
89	150	188	73
89	150	187	72
89	149	187	72
89	149	187	72
90	149	187	72
90	149	187	72
91	149	187	72
91	149	186	72
91	148	186	72
92	148	186	72
92	148	186	72
77	148	195	76
77	147	194	75
76	147	195	76
76	147	195	76
75	147	195	76
75	147	196	76
74	146	196	76
74	146	196	76
73	146	197	76
73	146	197	77
72	146	197	77
70	155	203	79
69	154	203	79
68	155	203	79
68	155	204	79
67	155	205	79
66	156	205	80
66	156	206	80
65	156	206	80
65	157	207	80
64	157	208	81
63	157	208	81
84	149	203	79
83	149	203	79
83	149	203	79
84	148	204	79
84	148	204	79
85	148	204	79
85	148	204	79
86	148	205	79
87	148	205	79
87	147	205	80
88	147	205	80
98	145	212	82
98	144	212	82
99	144	212	82
100	144	213	82
101	143	213	82
102	143	214	82
103	143	215	83
104	142	215	83
105	142	216	83
106	142	216	83
107	141	217	83
93	146	203	79
94	145	203	79
94	145	203	79
94	145	203	79
94	145	202	78
94	145	202	78
94	145	202	78
95	145	202	78
95	145	201	78
95	145	201	78
95	144	201	78
96	146	203	79
96	145	202	78
96	145	202	78
96	145	202	78
96	145	202	78
96	145	202	78
97	145	202	78
97	145	201	78
97	145	201	78
97	145	201	78
97	145	201	78
86	142	212	82
86	141	211	81
85	141	212	82
85	141	212	82
84	141	213	82
84	141	213	82
83	140	214	82
83	140	214	82
82	140	214	82
82	140	215	83
81	139	215	83
90	146	203	79
89	145	203	79
89	145	203	79
89	146	202	78
89	146	202	78
89	146	202	78
89	146	201	78
89	146	201	78
89	146	201	78
89	146	201	78
89	146	200	78
88	140	207	81
87	140	206	80
87	139	206	80
87	139	206	81
87	139	206	81
87	139	206	81
87	138	207	81
87	138	207	81
87	138	207	81
87	138	207	81
87	137	207	81
78	138	216	84
77	137	216	84
77	137	216	84
76	137	217	84
76	137	217	84
75	136	218	84
74	136	218	85
74	136	219	85
73	136	219	85
73	135	220	85
72	135	220	85
75	141	216	84
74	140	216	84
73	140	216	84
73	140	217	84
73	140	217	84
72	141	217	84
72	141	217	84
71	141	217	84
71	141	218	84
70	141	218	84
70	141	218	84
87	141	216	84
86	141	216	84
87	141	216	84
87	141	216	84
88	141	216	84
88	141	216	84
89	141	216	84
89	141	216	84
90	141	216	84
90	141	216	84
91	141	216	84
77	136	212	82
77	136	212	82
77	135	211	81
76	135	211	81
76	135	211	81
76	135	211	81
75	134	211	81
75	134	210	81
75	134	210	81
75	133	210	81
74	133	210	81
102	129	216	84
101	128	215	83
102	128	215	83
104	127	216	84
105	127	216	84
106	126	216	84
107	126	216	84
109	125	216	84
110	125	216	84
111	124	216	84
112	124	216	84
113	108	225	87
114	107	225	87
115	106	225	87
116	104	226	87
117	103	226	87
118	101	227	87
120	100	227	88
121	99	228	88
122	97	229	88
123	96	229	88
124	95	230	88
121	110	216	84
122	108	216	84
123	108	216	84
123	107	216	84
124	107	215	83
125	106	215	83
126	106	215	83
127	105	215	83
128	105	214	83
129	104	214	83
130	104	214	83
112	101	216	84
112	100	215	83
112	99	215	83
112	99	215	83
112	98	215	83
112	97	215	83
112	97	215	83
111	96	214	83
111	96	214	83
111	95	214	83
111	94	214	83
104	97	207	81
103	96	206	80
103	95	206	80
102	95	205	80
102	94	205	80
101	94	204	80
100	93	204	80
100	93	203	79
99	93	203	79
99	92	202	79
98	92	201	79
106	103	203	79
105	102	202	78
105	102	201	78
105	102	201	78
105	102	201	78
104	103	200	78
104	103	200	77
104	103	199	77
104	103	199	77
104	103	198	77
104	103	198	77
101	102	207	81
100	102	206	80
100	102	206	80
100	102	206	80
99	102	206	80
99	102	206	80
99	102	206	80
99	102	206	81
98	102	206	81
98	102	206	81
98	102	206	81
94	104	216	84
93	104	216	84
93	104	216	84
92	104	217	84
92	104	217	84
91	104	218	84
91	104	218	85
90	104	219	85
90	104	219	85
89	105	220	85
89	105	220	85
92	102	207	81
91	102	207	81
91	102	207	81
90	102	207	81
90	101	206	80
90	101	206	80
89	101	206	80
89	101	206	80
89	101	205	80
88	101	205	80
88	101	205	80
97	119	216	84
96	118	215	83
96	119	216	84
96	120	216	84
97	121	216	84
97	122	217	84
97	123	217	84
97	124	217	84
97	125	218	84
97	126	218	84
98	127	218	84
94	125	216	84
94	125	216	84
94	126	216	84
94	127	216	84
93	128	216	84
93	128	217	84
93	129	217	84
93	130	217	84
93	131	217	84
93	131	217	84
93	132	217	84
98	135	207	81
97	135	207	81
98	136	206	80
98	137	206	80
98	138	205	80
98	139	205	80
98	139	204	80
98	140	204	80
99	141	204	80
99	142	203	79
99	143	203	79
98	132	207	81
98	132	206	80
98	133	206	80
98	133	206	80
98	133	205	80
98	133	205	80
98	133	205	80
98	133	205	80
98	133	205	80
98	134	204	80
98	134	204	80
91	137	216	84
91	137	215	83
90	137	216	84
90	137	216	84
90	138	217	84
89	138	217	84
89	138	217	84
88	138	218	84
88	139	218	84
88	139	219	85
87	139	219	85
83	138	225	87
82	138	225	87
82	138	226	87
81	138	226	87
80	138	227	87
80	139	228	88
79	139	228	88
78	139	229	88
78	139	230	88
77	139	231	89
77	139	231	89
95	123	220	86
94	123	220	86
94	122	220	86
95	121	220	86
95	120	220	86
96	120	220	86
96	119	220	86
96	118	220	86
97	117	220	86
97	117	220	86
98	116	220	86
87	131	229	89
87	130	229	89
87	130	229	89
86	130	229	89
86	130	230	89
86	130	230	89
86	130	231	89
86	130	231	90
85	130	232	90
85	130	232	90
85	131	233	90
66	123	238	93
65	123	238	93
64	122	239	93
63	122	239	93
61	122	240	94
60	121	241	94
59	121	241	94
58	120	242	94
56	120	243	95
55	120	244	95
54	119	244	95
80	121	229	89
78	120	229	89
78	120	229	89
79	120	229	89
79	119	229	89
79	119	228	88
79	119	228	88
79	118	228	88
80	118	228	88
80	118	228	88
80	118	227	88
91	137	234	91
91	136	233	90
91	137	233	90
92	138	234	90
93	139	234	91
94	139	234	91
95	140	234	91
95	141	234	91
96	142	234	91
97	142	234	91
98	143	235	91
84	144	229	89
84	144	229	89
84	145	228	88
84	146	228	88
84	147	228	88
84	147	228	88
84	148	228	88
84	149	227	88
84	150	227	88
84	150	227	88
84	151	227	88
104	129	234	91
103	129	233	90
104	129	233	90
106	128	234	91
107	128	234	91
108	127	234	91
109	127	234	91
110	126	234	91
111	125	235	91
112	125	235	91
113	124	235	91
106	121	243	95
107	120	243	95
107	119	243	95
108	119	244	95
108	118	244	95
109	117	245	96
109	116	246	96
110	116	246	96
111	115	247	96
111	114	247	97
112	113	248	97
82	103	243	95
82	102	243	95
81	100	243	95
80	99	244	95
79	98	244	95
78	97	244	95
76	95	244	95
75	94	245	95
74	93	245	96
73	91	245	96
72	90	245	96
79	97	243	95
77	95	243	95
77	94	243	95
76	93	243	95
75	93	243	95
75	92	243	95
74	91	243	95
73	90	243	95
72	89	243	95
72	88	243	95
71	87	243	95
88	105	253	98
87	104	253	98
87	104	253	98
87	104	254	98
88	104	254	98
88	104	255	98
88	104	255	98
88	104	256	99
89	105	257	99
89	105	257	99
89	105	258	99
93	104	243	95
93	104	243	95
93	104	243	95
94	104	242	94
94	104	242	94
94	104	242	94
95	104	242	94
95	104	241	94
96	104	241	94
96	104	241	94
97	104	240	94
95	117	253	98
95	117	252	97
95	117	253	98
96	118	253	98
96	119	253	98
96	119	254	98
96	120	254	98
97	121	255	98
97	122	255	98
97	122	255	98
98	123	256	98
95	120	253	98
95	120	253	98
95	121	253	98
95	121	253	98
95	122	253	98
95	122	254	98
95	123	254	98
95	123	254	98
96	124	254	98
96	124	254	98
96	125	255	98
92	117	253	98
92	117	253	98
91	117	253	98
91	117	253	98
91	117	253	98
91	117	253	98
91	117	253	98
91	117	253	98
91	117	253	98
91	117	253	98
90	117	253	98
45	119	258	100
44	119	258	100
42	119	258	100
39	119	258	100
36	119	258	100
34	119	259	100
31	119	259	100
28	119	259	100
26	119	260	100
23	119	260	100
20	119	260	101
26	124	253	98
23	124	253	98
21	124	253	98
18	124	252	97
16	125	252	97
14	125	252	97
12	125	252	97
9	125	252	97
7	126	252	97
5	126	252	97
3	126	251	97
21	97	263	102
18	97	262	101
17	95	263	102
16	94	263	102
15	93	264	102
14	91	264	102
13	90	265	102
12	89	265	103
10	87	266	103
9	86	266	103
8	85	267	103
-8	100	263	102
-9	98	263	102
-11	98	263	102
-13	97	263	102
-15	97	264	102
-17	96	264	102
-19	96	264	102
-21	95	264	102
-23	95	265	102
-24	94	265	102
-26	94	265	102
39	145	253	98
36	144	253	98
38	146	252	97
40	149	252	97
42	151	251	97
44	153	251	97
45	156	250	97
47	158	250	96
49	161	249	96
51	163	249	96
53	165	248	96
-2	108	258	100
0	110	257	99
-1	109	257	99
-2	108	257	99
-4	107	257	99
-5	106	257	99
-7	105	257	99
-8	104	257	99
-9	103	257	99
-11	102	257	99
-12	101	257	99
-64	81	253	98
-65	80	253	98
-69	77	252	97
-73	75	252	97
-77	73	252	97
-81	71	252	97
-86	69	251	97
-90	67	251	97
-94	65	251	97
-98	63	251	97
-102	61	250	97
-73	62	243	95
-77	59	242	94
-79	58	242	94
-81	56	241	94
-83	54	240	94
-86	52	240	94
-88	50	239	93
-90	48	238	93
-93	46	238	93
-95	44	237	93
-97	42	236	93
-93	71	248	96
-95	69	247	95
-97	68	247	95
-99	68	247	95
-100	68	247	95
-102	68	247	95
-104	67	247	95
-106	67	247	95
-108	67	247	95
-110	67	247	95
-112	66	247	95
-86	72	258	100
-87	71	257	99
-88	71	258	100
-88	71	259	100
-88	71	259	100
-89	71	260	100
-89	72	260	101
-89	72	261	101
-90	72	262	101
-90	72	262	101
-90	72	263	101
-85	88	248	96
-85	88	248	96
-85	88	248	96
-85	89	248	95
-85	90	247	95
-85	91	247	95
-85	92	247	95
-85	93	246	95
-85	94	246	95
-85	95	246	95
-85	96	245	95
-86	76	258	100
-85	76	257	99
-86	76	258	100
-86	76	258	100
-86	76	258	100
-86	75	259	100
-86	75	259	100
-86	75	260	100
-86	75	260	100
-86	74	260	101
-86	74	261	101
-74	65	258	100
-74	64	258	100
-73	63	258	100
-72	63	258	100
-72	62	258	100
-71	61	259	100
-70	60	259	100
-70	60	259	100
-69	59	259	100
-68	58	259	100
-68	57	260	100
-72	74	269	104
-71	73	269	104
-70	73	269	104
-70	73	270	104
-70	73	271	104
-69	73	271	105
-69	74	272	105
-68	74	273	105
-68	74	273	105
-68	74	274	106
-67	74	275	106
-54	75	263	102
-53	75	263	102
-52	75	263	102
-51	75	263	102
-50	75	263	102
-49	75	263	102
-47	76	263	102
-46	76	263	102
-45	76	263	102
-44	76	263	102
-43	76	263	102
-39	75	263	102
-37	75	262	101
-36	75	262	101
-35	75	262	101
-33	75	262	101
-32	75	262	101
-31	75	262	101
-29	75	262	101
-28	75	262	101
-27	75	262	101
-25	75	262	101
-34	80	253	98
-32	80	252	97
-31	80	252	97
-31	80	251	97
-30	80	251	97
-29	81	250	97
-28	81	250	96
-27	81	249	96
-27	82	248	96
-26	82	248	96
-25	82	247	95
-29	76	258	100
-28	76	257	99
-27	76	257	99
-27	76	257	99
-26	76	257	99
-25	75	257	99
-25	75	257	99
-24	75	257	99
-24	75	257	99
-23	75	257	99
-23	75	257	99
-31	66	269	104
-30	65	269	104
-30	65	269	104
-30	64	270	104
-30	64	270	104
-30	63	271	104
-29	62	272	105
-29	62	272	105
-29	61	273	105
-29	61	274	105
-29	60	274	106
-22	68	274	107
-21	67	274	107
-21	67	275	107
-20	67	275	107
-20	66	276	108
-19	66	276	108
-19	66	277	108
-18	66	278	108
-18	66	278	109
-17	66	279	109
-17	65	279	109
-15	66	285	111
-14	65	285	111
-13	65	286	111
-13	65	287	111
-12	65	288	112
-12	65	288	112
-11	65	289	112
-10	64	290	113
-10	64	291	113
-9	64	292	113
-8	64	293	114
-7	70	285	111
-6	69	285	111
-5	70	286	111
-5	70	286	111
-4	70	286	111
-3	70	287	111
-2	70	287	111
-2	70	287	112
-1	71	288	112
0	71	288	112
0	71	288	112
6	73	291	113
6	73	291	113
7	73	291	113
8	73	292	113
9	73	292	113
10	74	293	113
11	74	293	113
12	74	293	114
13	74	294	114
14	75	294	114
15	75	295	114
19	75	279	109
19	75	279	109
21	75	278	108
22	75	278	108
23	75	277	108
24	76	277	108
25	76	276	108
26	76	276	108
27	76	276	108
28	76	275	107
30	77	275	107
17	61	291	113
18	61	290	112
18	60	290	112
18	59	291	113
19	59	291	113
19	58	292	113
19	57	292	113
20	57	293	113
20	56	293	113
20	55	293	113
21	54	294	114
28	62	285	111
28	61	285	111
29	61	285	111
29	60	285	111
30	60	285	111
31	60	284	110
31	59	284	110
32	59	284	110
33	59	284	110
33	59	284	110
34	58	284	110
43	67	279	109
43	66	278	108
44	66	278	108
45	67	278	108
47	67	277	108
48	67	277	108
49	67	276	108
50	67	276	108
51	68	276	108
52	68	275	107
53	68	275	107
55	63	279	109
56	63	278	108
57	63	278	108
58	62	278	108
59	62	278	108
60	62	277	108
61	62	277	108
62	62	277	108
64	62	277	108
65	62	277	108
66	62	277	108
68	62	269	104
69	61	268	103
70	61	268	103
71	61	267	103
72	61	266	103
73	61	266	102
74	61	265	102
76	61	265	102
77	61	264	101
78	60	263	101
79	60	263	101
76	62	269	104
77	61	268	103
78	61	268	103
78	61	267	103
79	61	267	103
80	61	267	103
81	61	267	103
82	61	266	102
83	61	266	102
84	61	266	102
85	61	266	102
80	65	269	104
80	64	268	103
81	65	268	103
82	65	268	103
82	65	268	103
83	65	268	103
83	65	268	103
84	65	268	103
84	66	268	103
85	66	268	103
85	66	267	103
93	64	274	107
93	64	273	106
94	64	274	107
95	64	274	107
96	64	274	107
97	64	274	107
98	64	275	107
99	64	275	107
99	64	275	108
100	64	275	108
101	64	276	108
104	68	274	107
104	68	274	107
105	68	274	107
106	68	274	107
107	68	274	107
108	68	274	107
109	69	274	107
110	69	274	107
111	69	275	107
112	69	275	107
113	69	275	107
114	78	263	102
114	78	263	102
115	78	262	101
116	79	261	101
117	80	261	101
118	80	260	101
119	81	260	100
120	82	259	100
121	82	259	100
122	83	258	100
123	84	257	99
124	75	274	107
124	75	273	106
125	75	273	106
126	75	274	107
127	75	274	107
128	76	274	107
129	76	275	107
130	76	275	107
131	76	275	107
132	76	276	108
133	76	276	108
129	67	279	109
129	67	279	109
130	66	279	109
131	66	280	109
131	65	280	109
132	65	281	109
133	64	281	110
133	64	282	110
134	64	282	110
134	63	283	110
135	63	283	110
138	76	269	104
138	75	269	104
139	75	269	104
140	76	268	103
140	76	268	103
141	76	268	103
142	77	267	103
143	77	267	103
143	77	266	102
144	77	266	102
145	78	266	102
146	77	269	104
146	77	268	103
147	77	268	103
148	77	268	103
148	77	268	103
149	78	267	103
150	78	267	103
151	78	267	103
151	78	267	103
152	79	267	103
153	79	266	102
162	80	269	104
162	80	268	103
163	80	268	103
165	80	268	103
166	80	268	103
167	81	268	103
168	81	268	103
169	81	268	103
170	81	268	103
172	82	268	103
173	82	268	103
175	93	263	102
176	93	262	101
177	94	262	101
178	94	262	101
179	95	261	101
180	96	261	101
182	97	261	101
183	98	260	101
184	98	260	101
185	99	260	101
187	100	259	100
170	106	274	107
171	106	273	106
171	107	274	107
171	108	274	107
171	110	275	107
171	111	275	107
172	112	275	108
172	113	276	108
172	114	276	108
172	115	277	108
172	116	277	108
176	99	269	104
176	100	269	104
176	100	269	104
176	100	269	104
177	100	269	104
177	100	269	103
177	100	269	103
178	100	269	103
178	100	269	103
179	100	269	103
179	100	268	103
191	124	279	109
191	124	278	108
192	125	279	109
193	126	279	109
194	128	280	109
195	129	280	109
196	130	281	110
197	132	281	110
198	133	282	110
199	134	282	110
200	136	283	111
199	132	279	109
199	133	279	109
200	134	279	109
201	135	279	109
202	136	280	109
203	137	280	109
204	138	280	109
205	139	280	109
206	140	281	110
206	141	281	110
207	142	281	110
227	142	269	104
227	143	269	104
229	143	268	103
231	144	268	103
233	145	267	103
235	146	267	103
237	147	266	102
239	148	266	102
241	149	265	102
242	150	265	102
244	151	264	101
229	138	274	107
230	138	273	106
231	139	273	106
232	139	273	106
233	139	273	106
234	139	273	106
235	139	273	107
236	139	273	107
237	139	273	107
238	140	273	107
239	140	273	107
238	140	263	102
238	140	263	102
239	140	262	101
240	140	261	101
241	140	261	101
242	140	260	101
242	140	260	100
243	140	259	100
244	140	259	100
245	141	258	100
246	141	258	99
246	140	263	102
246	140	262	101
247	140	262	101
248	140	261	101
249	140	261	101
249	140	261	101
250	140	261	101
251	140	260	101
252	140	260	100
252	140	260	100
253	140	260	100
238	128	263	102
238	128	262	101
238	127	262	101
238	126	262	101
238	126	262	101
238	125	262	101
237	124	262	101
237	124	262	101
237	123	262	101
237	122	262	101
237	122	262	101
234	151	263	102
233	150	262	101
233	151	262	101
233	152	262	101
232	153	262	101
232	154	262	101
232	155	262	101
231	156	262	101
231	157	262	101
231	158	262	101
230	159	262	101
230	143	263	102
229	143	262	101
229	144	262	101
228	144	262	101
228	144	262	101
228	144	262	101
227	144	262	101
227	144	262	101
227	144	262	101
226	144	262	101
226	144	262	101
194	157	274	107
193	157	273	106
191	157	274	107
189	158	275	107
187	159	275	107
185	159	276	108
182	160	277	108
180	161	277	108
178	162	278	108
176	162	278	109
174	163	279	109
188	147	263	102
185	147	263	102
184	147	263	102
183	147	262	101
182	147	262	101
180	146	262	101
179	146	261	101
178	146	261	101
176	146	261	101
175	145	260	101
174	145	260	100
189	139	269	104
187	138	268	103
187	138	268	103
186	137	268	103
186	137	269	103
186	136	269	103
185	135	269	103
185	135	269	104
185	134	269	104
184	134	269	104
184	133	269	104
200	132	279	109
199	131	279	109
200	130	279	109
200	130	280	109
201	129	281	109
201	128	281	110
202	128	282	110
202	127	282	110
203	126	283	111
203	126	284	111
204	125	284	111
222	137	274	107
222	136	274	107
223	136	274	107
225	136	274	107
226	136	274	107
228	136	274	107
229	136	274	107
231	136	274	107
232	136	274	107
234	136	274	107
235	136	274	107
231	136	263	102
232	136	263	102
233	136	262	101
234	136	261	101
235	136	261	101
236	135	260	100
238	135	259	100
239	135	259	100
240	135	258	100
241	135	257	99
242	135	257	99
243	134	253	98
244	133	252	97
245	133	251	97
246	133	250	97
247	133	249	96
248	133	248	96
249	133	248	95
250	133	247	95
251	133	246	95
252	133	245	94
253	132	244	94
260	145	248	96
261	144	247	95
262	145	246	95
263	145	245	95
265	146	245	94
266	147	244	94
267	147	244	94
269	148	243	94
270	148	242	93
271	149	242	93
273	149	241	93
285	140	238	93
286	140	237	92
288	140	236	92
290	140	235	92
292	140	235	91
294	140	234	91
296	140	233	91
297	140	232	91
299	140	231	90
301	140	231	90
303	140	230	90
287	134	234	91
288	133	233	90
289	133	232	90
290	133	232	90
291	132	231	90
292	132	231	89
293	132	230	89
294	131	229	89
295	131	229	89
296	130	228	89
297	130	228	88
303	135	243	95
303	134	242	94
305	134	242	94
306	134	243	95
307	134	243	95
308	134	243	95
309	134	243	95
310	133	244	95
312	133	244	95
313	133	244	95
314	133	245	96
303	155	243	95
304	154	243	95
304	155	243	95
305	157	243	95
305	158	243	95
306	159	243	95
306	160	244	95
307	161	244	95
307	162	244	95
307	163	244	95
308	164	244	95
307	162	243	95
307	163	243	95
307	163	243	95
308	164	243	95
308	165	243	95
308	166	243	95
309	167	243	95
309	168	243	95
310	169	243	95
310	170	243	95
310	170	243	95
313	169	243	95
313	169	243	95
313	170	243	95
314	171	243	95
314	172	243	95
315	172	243	95
315	173	243	95
316	174	243	95
316	174	243	95
317	175	243	95
317	176	243	95
318	175	234	91
318	175	234	91
318	176	233	90
319	176	233	90
319	177	232	90
320	178	232	90
320	178	231	89
321	179	231	89
321	179	230	89
322	180	230	89
322	181	229	89
323	172	243	95
323	172	242	94
323	172	242	94
324	172	243	95
324	172	243	95
325	172	243	95
325	172	243	95
326	172	244	95
326	173	244	95
327	173	244	95
327	173	244	95
315	163	253	98
315	163	253	98
315	162	253	98
314	162	254	98
314	161	255	98
314	161	256	99
314	160	256	99
313	160	257	99
313	159	258	99
313	159	258	99
313	158	259	100
327	178	248	96
326	177	248	96
327	178	248	96
327	178	248	96
328	179	248	96
328	179	248	96
329	180	248	96
329	181	248	96
330	181	248	96
330	182	248	96
331	182	248	96
329	177	258	100
329	177	258	99
329	177	258	100
330	178	259	100
330	178	259	100
330	178	260	100
331	178	260	100
331	179	261	101
332	179	261	101
332	179	262	101
332	179	262	101
338	178	253	98
338	178	253	98
338	178	253	98
339	178	253	98
340	178	253	98
340	178	253	98
341	178	253	98
342	179	253	98
342	179	253	98
343	179	253	98
344	179	253	98
350	173	243	95
350	173	242	94
351	172	242	94
352	172	241	94
353	172	241	94
354	172	240	94
355	171	239	94
356	171	239	93
357	171	238	93
358	171	238	93
358	171	237	93
353	170	238	93
353	169	237	92
354	169	236	92
355	169	236	92
355	168	235	92
356	168	235	92
356	168	234	91
357	168	234	91
357	167	233	91
358	167	233	91
358	167	232	91
364	159	229	89
364	158	228	88
365	158	227	88
366	157	227	88
366	156	226	87
367	155	225	87
368	155	224	87
369	154	224	87
370	153	223	86
370	152	222	86
371	152	222	86
364	168	234	91
364	167	233	90
365	167	233	90
365	167	233	90
365	167	233	90
366	168	233	90
366	168	233	90
366	168	233	90
367	168	233	90
367	168	233	90
367	169	233	90
360	156	229	89
360	156	228	88
360	155	228	88
360	155	228	88
359	154	228	88
359	154	228	88
359	153	227	88
359	152	227	88
359	152	227	88
359	151	227	88
359	151	226	88
369	167	225	87
368	166	224	86
369	166	224	86
369	167	224	86
370	167	223	86
370	167	223	86
371	168	223	86
371	168	222	85
371	168	222	85
372	169	222	85
372	169	221	85
358	156	216	84
358	156	215	83
358	155	215	83
357	155	214	83
357	155	213	83
356	154	213	82
356	154	212	82
355	153	211	82
355	153	211	82
355	153	210	82
354	152	209	81
374	167	220	86
373	166	219	85
374	166	219	85
374	167	219	85
375	167	219	85
376	168	219	85
376	168	219	85
377	168	219	85
378	169	219	85
379	169	219	85
379	170	218	85
379	160	212	82
379	160	211	82
380	160	211	81
380	160	211	81
381	159	210	81
382	159	210	81
382	159	209	81
383	159	209	80
383	159	208	80
384	158	208	80
385	158	208	80
370	172	212	82
370	171	211	81
370	172	211	81
370	172	211	81
369	173	211	81
369	174	210	81
369	174	210	81
368	175	210	81
368	175	210	81
368	176	210	81
368	176	209	80
370	172	212	82
369	172	211	81
369	172	211	81
369	173	211	81
369	173	211	81
369	173	211	81
368	173	211	81
368	174	211	81
368	174	211	81
368	174	211	81
368	174	211	81
371	177	216	84
370	177	215	83
370	177	216	84
370	177	216	84
370	178	216	84
370	178	216	84
370	179	216	84
370	179	217	84
370	179	217	84
370	180	217	84
370	180	217	84
362	168	216	84
362	168	216	84
361	168	216	84
361	167	216	84
360	167	216	84
360	166	216	84
359	166	216	84
359	166	216	84
358	165	216	84
358	165	216	84
357	165	217	84
343	175	212	82
342	174	212	82
341	174	211	81
339	175	211	81
338	175	211	81
337	175	211	81
336	175	211	81
334	175	210	81
333	176	210	81
332	176	210	81
331	176	210	81
345	176	220	86
343	176	219	85
343	176	220	86
342	176	220	86
342	176	220	86
342	176	221	86
341	177	221	86
341	177	221	86
340	177	222	87
340	177	222	87
339	177	222	87
276	181	229	89
275	181	229	89
271	181	230	89
267	181	230	89
263	182	231	89
259	182	232	90
255	182	232	90
251	183	233	90
247	183	234	90
244	183	234	91
240	184	235	91
277	185	238	93
273	185	238	93
271	185	239	93
269	186	240	93
267	186	240	94
266	186	241	94
264	187	242	94
262	187	243	95
261	187	244	95
259	188	244	95
257	188	245	96
296	188	243	95
294	188	243	95
294	188	244	95
295	188	244	95
295	189	245	96
296	189	246	96
296	189	246	96
297	190	247	96
297	190	247	97
298	190	248	97
299	191	249	97
301	186	234	91
301	186	234	91
302	186	234	91
302	186	234	90
303	186	233	90
303	186	233	90
304	186	233	90
305	186	232	90
305	186	232	90
306	186	232	90
306	186	232	90
290	185	225	87
290	185	224	86
290	184	224	86
289	184	223	86
