1.850676
0.043732
0.044012
0.044043
0.044059
0.044073
0.044088
0.044102
0.044117
0.044132
0.044147
0.044160
0.027846
0.028099
0.028115
0.028128
0.028140
0.028155
0.028169
0.028183
0.028197
0.028214
0.028228
0.030044
0.030270
0.030297
0.030312
0.030326
0.030340
0.030354
0.030367
0.030380
0.030393
0.030407
0.025779
0.026005
0.026023
0.026038
0.026052
0.026065
0.026079
0.026093
0.026106
0.026120
0.026133
0.024176
0.024395
0.024413
0.024428
0.024441
0.024455
0.024468
0.024481
0.024495
0.024508
0.024521
0.022860
0.023088
0.023109
0.023127
0.023144
0.023160
0.023176
0.023192
0.023209
0.023225
0.023242
0.032881
0.033130
0.033151
0.033178
0.033196
0.033214
0.033235
0.033253
0.033271
0.033288
0.033306
0.035659
0.035885
0.035902
0.035916
0.035930
0.035944
0.035957
0.035971
0.035984
0.035997
0.036010
0.023880
0.024101
0.024118
0.024132
0.024145
0.024158
0.024171
0.024184
0.024198
0.024210
0.024224
0.049660
0.049870
0.049896
0.049911
0.049924
0.049937
0.049950
0.049966
0.049979
0.049992
0.050005
0.025111
0.025338
0.025355
0.025369
0.025383
0.025400
0.025419
0.025439
0.025459
0.025481
0.025501
0.023782
0.024006
0.024023
0.024037
0.024050
0.024066
0.024079
0.024092
0.024105
0.024118
0.024130
0.024196
0.024417
0.024434
0.024448
0.024462
0.024475
0.024488
0.024502
0.024516
0.024529
0.024542
0.026653
0.026882
0.026899
0.026916
0.026930
0.026946
0.026959
0.026972
0.026985
0.026998
0.027011
0.023640
0.023867
0.023884
0.023898
0.023911
0.023925
0.023938
0.023952
0.023968
0.023983
0.023996
0.024354
0.024578
0.024595
0.024610
0.024623
0.024636
0.024649
0.024662
0.024678
0.024691
0.024704
0.024443
0.024670
0.024687
0.024701
0.024715
0.024729
0.024742
0.024755
0.024768
0.024786
0.024820
0.024199
0.024424
0.024441
0.024456
0.024469
0.024482
0.024496
0.024509
0.024522
0.024535
0.024548
0.024906
0.025123
0.025151
0.025168
0.025182
0.025195
0.025208
0.025224
0.025241
0.025257
0.025272
0.049058
0.049286
0.049307
0.049325
0.049340
0.049356
0.049371
0.049387
0.049402
0.049418
0.049433
0.024092
0.024319
0.024340
0.024357
0.024374
0.024390
0.024405
0.024421
0.024438
0.024454
0.024470
0.024129
0.024357
0.024380
0.024397
0.024414
0.024430
0.024446
0.024462
0.024478
0.024495
0.024510
0.024318
0.024565
0.024585
0.024603
0.024620
0.024635
0.024651
0.024667
0.024682
0.024698
0.024713
0.031130
0.031381
0.031400
0.031416
0.031444
0.031462
0.031481
0.031499
0.031517
0.031535
0.031553
0.038439
0.038687
0.038719
0.038744
0.038770
0.038796
0.038820
0.038844
0.038868
0.038892
0.038915
0.023951
0.024177
0.024206
0.024230
0.024255
0.024279
0.024300
0.024323
0.024347
0.024370
0.024394
0.023663
0.023884
0.023925
0.023951
0.023977
0.024001
0.024025
0.024047
0.024072
0.024095
0.024119
0.024693
0.024931
0.024962
0.024990
0.025015
0.025040
0.025064
0.025089
0.025112
0.025136
0.025160
0.023916
0.024139
0.024178
0.024204
0.024230
0.024254
0.024279
0.024302
0.024327
0.024350
0.024374
0.051212
0.051432
0.051450
0.051463
0.051477
0.051490
0.051503
0.051516
0.051530
0.051543
0.051555
0.024068
0.024277
0.024304
0.024318
0.024331
0.024344
0.024357
0.024370
0.024384
0.024396
0.024410
0.023568
0.023792
0.023809
0.023823
0.023837
0.023850
0.023863
0.023876
0.023889
0.023902
0.023914
0.023457
0.023666
0.023696
0.023710
0.023724
0.023737
0.023750
0.023763
0.023776
0.023790
0.023803
0.024730
0.024953
0.024971
0.024985
0.024998
0.025011
0.025024
0.025037
0.025051
0.025064
0.025077
0.024168
0.024389
0.024406
0.024420
0.024433
0.024446
0.024460
0.024473
0.024487
0.024500
0.024513
0.024397
0.024620
0.024638
0.024652
0.024666
0.024679
0.024692
0.024705
0.024719
0.024731
0.024745
0.024976
0.025195
0.025212
0.025226
0.025239
0.025253
0.025266
0.025280
0.025293
0.025309
0.025322
0.026819
0.027034
0.027061
0.027076
0.027090
0.027103
0.027116
0.027129
0.027142
0.027155
0.027167
0.024330
0.024541
0.024567
0.024581
0.024595
0.024608
0.024626
0.024644
0.024659
0.024675
0.024691
0.051630
0.051871
0.051892
0.051915
0.051929
0.051946
0.051960
0.051973
0.051986
0.051999
0.052012
0.025720
0.025945
0.025963
0.025977
0.025990
0.026004
0.026018
0.026031
0.026044
0.026058
0.026071
0.026929
0.027161
0.027179
0.027193
0.027206
0.027220
0.027233
0.027246
0.027259
0.027272
0.027285
0.024433
0.025012
0.025030
0.025045
0.025059
0.025073
0.025086
0.025100
0.025113
0.025126
0.025139
0.024550
0.024785
0.024806
0.024820
0.024835
0.024848
0.024862
0.024874
0.024888
0.024900
0.024913
0.024813
0.025027
0.025053
0.025068
0.025081
0.025095
0.025108
0.025121
0.025133
0.025146
0.025160
0.025630
0.025855
0.025872
0.025886
0.025900
0.025913
0.025927
0.025940
0.025953
0.025966
0.025979
0.025029
0.025252
0.025270
0.025284
0.025298
0.025312
0.025325
0.025338
0.025352
0.025365
0.025378
0.024695
0.024917
0.024935
0.024949
0.024962
0.024976
0.024989
0.025002
0.025015
0.025030
0.025043
0.025837
0.026058
0.026076
0.026090
0.026103
0.026117
0.026130
0.026143
0.026156
0.026170
0.026183
0.052627
0.052855
0.052876
0.052894
0.052911
0.052927
0.052942
0.052958
0.052974
0.052989
0.053005
0.025479
0.025707
0.025728
0.025745
0.025761
0.025778
0.025795
0.025811
0.025827
0.025842
0.025858
0.024380
0.024604
0.024623
0.024639
0.024656
0.024672
0.024688
0.024703
0.024719
0.024734
0.024750
0.025034
0.025254
0.025284
0.025301
0.025318
0.025335
0.025350
0.025366
0.025381
0.025397
0.025412
0.025147
0.025378
0.025398
0.025415
0.025433
0.025450
0.025465
0.025481
0.025496
0.025513
0.025530
0.024642
0.024860
0.024879
0.024906
0.024926
0.024943
0.024957
0.024970
0.024986
0.025000
0.025013
0.025665
0.025887
0.025904
0.025918
0.025932
0.025945
0.025958
0.025971
0.025985
0.025998
0.026011
0.025838
0.026061
0.026079
0.026093
0.026107
0.026120
0.026134
0.026146
0.026159
0.026172
0.026185
0.024849
0.025073
0.025090
0.025105
0.025118
0.025131
0.025145
0.025159
0.025172
0.025185
0.025198
0.024997
0.025218
0.025234
0.025249
0.025263
0.025276
0.025290
0.025303
0.025316
0.025329
0.025342
0.052510
0.052728
0.052745
0.052759
0.052773
0.052786
0.052800
0.052813
0.052827
0.052840
0.052853
0.025360
0.025582
0.025599
0.025613
0.025627
0.025640
0.025653
0.025666
0.025679
0.025692
0.025705
0.025322
0.025541
0.025558
0.025572
0.025586
0.025599
0.025613
0.025626
0.025647
0.025660
0.025673
0.025006
0.025221
0.025248
0.025262
0.025275
0.025289
0.025302
0.025315
0.025328
0.025341
0.025354
0.026101
0.026324
0.026341
0.026355
0.026369
0.026382
0.026396
0.026408
0.026422
0.026435
0.026448
0.025731
0.025953
0.025971
0.025985
0.025999
0.026012
0.026025
0.026038
0.026051
0.026064
0.026077
0.024807
0.025021
0.025048
0.025063
0.025076
0.025089
0.025102
0.025115
0.025129
0.025141
0.025155
0.024480
0.024699
0.024716
0.024730
0.024744
0.024757
0.024770
0.024784
0.024797
0.024810
0.024823
0.024365
0.024585
0.024602
0.024616
0.024630
0.024643
0.024656
0.024669
0.024682
0.024695
0.024708
0.024313
0.024529
0.024546
0.024562
0.024576
0.024590
0.024603
0.024616
0.024629
0.024642
0.024655
0.050397
0.050617
0.050634
0.050648
0.050662
0.050675
0.050689
0.050702
0.050715
0.050728
0.050741
0.024458
0.024681
0.024698
0.024712
0.024726
0.024739
0.024753
0.024766
0.024779
0.024792
0.024805
0.023949
0.024170
0.024187
0.024201
0.024214
0.024227
0.024241
0.024254
0.024267
0.024280
0.024293
0.024129
0.024351
0.024369
0.024383
0.024396
0.024410
0.024423
0.024436
0.024449
0.024462
0.024476
0.024396
0.024629
0.024661
0.024689
0.024716
0.024742
0.024766
0.024790
0.024814
0.024838
0.024862
0.025162
0.025385
0.025402
0.025416
0.025429
0.025443
0.025456
0.025469
0.025482
0.025496
0.025509
0.024284
0.024506
0.024523
0.024538
0.024551
0.024565
0.024579
0.024592
0.024605
0.024618
0.024631
0.024020
0.024231
0.024257
0.024271
0.024285
0.024298
0.024311
0.024325
0.024338
0.024352
0.024365
0.024030
0.024251
0.024269
0.024284
0.024297
0.024311
0.024324
0.024337
0.024350
0.024363
0.024376
0.030571
0.030821
0.030851
0.030871
0.030889
0.030906
0.030924
0.030943
0.030961
0.030979
0.030996
0.069169
0.069436
0.069464
0.069489
0.069512
0.069537
0.069560
0.069582
0.069605
0.069628
0.069650
0.024373
0.024595
0.024616
0.024633
0.024648
0.024664
0.024681
0.024696
0.024712
0.024728
0.024743
0.025838
0.026069
0.026090
0.026107
0.026123
0.026138
0.026153
0.026169
0.026184
0.026199
0.026214
0.024927
0.025150
0.025170
0.025186
0.025202
0.025218
0.025235
0.025250
0.025266
0.025281
0.025296
0.023820
0.024051
0.024071
0.024087
0.024104
0.024119
0.024135
0.024150
0.024166
0.024182
0.024198
0.024062
0.024287
0.024309
0.024327
0.024344
0.024360
0.024376
0.024392
0.024408
0.024424
0.024439
0.025051
0.025275
0.025295
0.025313
0.025330
0.025346
0.025362
0.025378
0.025394
0.025409
0.025424
0.024744
0.024971
0.024991
0.025009
0.025026
0.025042
0.025058
0.025073
0.025089
0.025104
0.025120
0.023561
0.023789
0.023809
0.023826
0.023842
0.023859
0.023874
0.023890
0.023905
0.023921
0.023936
0.023357
0.023573
0.023602
0.023619
0.023637
0.023654
0.023671
0.023687
0.023704
0.023719
0.023735
0.050891
0.051120
0.051146
0.051163
0.051178
0.051194
0.051210
0.051226
0.051241
0.051257
0.051272
0.023735
0.023963
0.023983
0.024001
0.024017
0.024035
0.024051
0.024066
0.024082
0.024098
0.024113
0.024125
0.024340
0.024368
0.024385
0.024401
0.024417
0.024434
0.024450
0.024466
0.024481
0.024496
0.024744
0.024965
0.024983
0.024997
0.025011
0.025024
0.025038
0.025050
0.025064
0.025077
0.025090
0.024570
0.024790
0.024807
0.024821
0.024835
0.024848
0.024861
0.024874
0.024887
0.024904
0.024918
0.023748
0.023971
0.023989
0.024004
0.024018
0.024030
0.024047
0.024063
0.024082
0.024100
0.024119
0.023798
0.024024
0.024044
0.024060
0.024076
0.024092
0.024107
0.024124
0.024140
0.024157
0.024172
0.024483
0.024705
0.024724
0.024741
0.024758
0.024774
0.024790
0.024809
0.024826
0.024842
0.024858
0.024987
0.025214
0.025233
0.025249
0.025266
0.025281
0.025299
0.025315
0.025332
0.025347
0.025363
0.024989
0.025224
0.025244
0.025260
0.025277
0.025292
0.025309
0.025325
0.025341
0.025357
0.025372
0.051141
0.051352
0.051381
0.051398
0.051414
0.051430
0.051446
0.051462
0.051479
0.051496
0.051512
0.025223
0.025440
0.025470
0.025487
0.025504
0.025520
0.025536
0.025552
0.025568
0.025583
0.025598
0.023413
0.023640
0.023659
0.023676
0.023691
0.023708
0.023724
0.023741
0.023756
0.023777
0.023792
0.024597
0.024827
0.024847
0.024863
0.024880
0.024895
0.024912
0.024928
0.024944
0.024959
0.024975
0.024780
0.025008
0.025028
0.025044
0.025061
0.025077
0.025093
0.025109
0.025125
0.025140
0.025156
0.024031
0.024256
0.024276
0.024295
0.024312
0.024328
0.024344
0.024360
0.024375
0.024391
0.024406
0.025435
0.025668
0.025689
0.025707
0.025724
0.025741
0.025757
0.025772
0.025788
0.025804
0.025819
0.024913
0.025148
0.025166
0.025181
0.025197
0.025211
0.025226
0.025239
0.025252
0.025265
0.025279
0.024364
0.024588
0.024606
0.024621
0.024634
0.024651
0.024668
0.024685
0.024700
0.024716
0.024732
0.024903
0.025116
0.025146
0.025163
0.025181
0.025197
0.025213
0.025229
0.025244
0.025260
0.025276
0.051438
0.051663
0.051684
0.051702
0.051718
0.051734
0.051750
0.051767
0.051783
0.051799
0.051814
0.024184
0.024401
0.024431
0.024447
0.024465
0.024481
0.024497
0.024513
0.024529
0.024544
0.024559
0.024280
0.024496
0.024514
0.024541
0.024557
0.024573
0.024589
0.024604
0.024620
0.024635
0.024651
0.025014
0.025238
0.025258
0.025275
0.025290
0.025306
0.025321
0.025337
0.025353
0.025368
0.025384
0.023953
0.024179
0.024200
0.024217
0.024233
0.024249
0.024264
0.024280
0.024295
0.024311
0.024327
0.024104
0.024322
0.024341
0.024368
0.024385
0.024401
0.024417
0.024433
0.024448
0.024464
0.024481
0.024434
0.024660
0.024683
0.024697
0.024710
0.024723
0.024736
0.024756
0.024770
0.024783
0.024796
0.024729
0.024938
0.024964
0.024978
0.024991
0.025005
0.025018
0.025032
0.025045
0.025059
0.025072
0.023512
0.023733
0.023750
0.023764
0.023778
0.023792
0.023805
0.023818
0.023831
0.023844
0.023857
0.024336
0.024545
0.024572
0.024585
0.024599
0.024612
0.024626
0.024639
0.024653
0.024666
0.024679
0.052356
0.052579
0.052597
0.052611
0.052624
0.052637
0.052651
0.052664
0.052677
0.052691
0.052704
0.024343
0.024566
0.024583
0.024597
0.024611
0.024625
0.024639
0.024653
0.024666
0.024679
0.024693
0.024288
0.024497
0.024523
0.024537
0.024551
0.024564
0.024577
0.024591
0.024603
0.024616
0.024630
0.025388
0.025607
0.025633
0.025648
0.025661
0.025675
0.025689
0.025702
0.025715
0.025728
0.025742
0.025007
0.025230
0.025247
0.025261
0.025275
0.025288
0.025301
0.025315
0.025328
0.025341
0.025354
0.024725
0.024946
0.024963
0.024977
0.024991
0.025005
0.025018
0.025032
0.025045
0.025059
0.025072
0.025367
0.025588
0.025605
0.025620
0.025634
0.025646
0.025659
0.025672
0.025685
0.025698
0.025711
0.025597
0.025806
0.025833
0.025847
0.025861
0.025875
0.025889
0.025903
0.025916
0.025929
0.025942
0.024885
0.025109
0.025127
0.025141
0.025155
0.025168
0.025181
0.025194
0.025207
0.025220
0.025233
0.024590
0.024866
0.024894
0.024925
0.024948
0.024969
0.024988
0.025007
0.025026
0.025046
0.025066
0.052339
0.052558
0.052576
0.052590
0.052603
0.052616
0.052629
0.052642
0.052655
0.052668
0.052681
0.024933
0.025158
0.025179
0.025194
0.025208
0.025222
0.025235
0.025249
0.025262
0.025275
0.025288
0.025038
0.025247
0.025273
0.025288
0.025302
0.025315
0.025328
0.025341
0.025354
0.025367
0.025380
0.025206
0.025427
0.025445
0.025460
0.025473
0.025486
0.025500
0.025512
0.025526
0.025539
0.025552
0.025932
0.026144
0.026170
0.026185
0.026199
0.026212
0.026226
0.026239
0.026252
0.026265
0.026278
0.026054
0.026280
0.026297
0.026311
0.026325
0.026339
0.026352
0.026365
0.026377
0.026391
0.026403
0.026501
0.026725
0.026742
0.026756
0.026769
0.026783
0.026796
0.026809
0.026822
0.026835
0.026849
0.026284
0.026512
0.026530
0.026544
0.026558
0.026572
0.026585
0.026598
0.026612
0.026625
0.026638
0.026045
0.026272
0.026290
0.026304
0.026317
0.026330
0.026344
0.026356
0.026370
0.026383
0.026396
0.025418
0.025679
0.025710
0.025731
0.025750
0.025770
0.025792
0.025811
0.025831
0.025849
0.025867
0.054841
0.055063
0.055079
0.055094
0.055107
0.055120
0.055133
0.055147
0.055161
0.055174
0.055187
0.025659
0.025887
0.025905
0.025919
0.025933
0.025946
0.025959
0.025972
0.025986
0.025999
0.026012
0.024790
0.025011
0.025028
0.025042
0.025056
0.025069
0.025082
0.025096
0.025109
0.025122
0.025135
0.025057
0.025277
0.025295
0.025309
0.025323
0.025337
0.025350
0.025363
0.025376
0.025388
0.025402
0.025192
0.025404
0.025429
0.025443
0.025457
0.025470
0.025484
0.025498
0.025511
0.025524
0.025537
0.025638
0.025857
0.025875
0.025889
0.025902
0.025915
0.025929
0.025941
0.025954
0.025967
0.025980
0.025095
0.025334
0.025359
0.025374
0.025387
0.025411
0.025424
0.025437
0.025450
0.025464
0.025476
0.024150
0.024370
0.024388
0.024402
0.024416
0.024429
0.024442
0.024455
0.024468
0.024481
0.024494
0.024050
0.024271
0.024289
0.024303
0.024317
0.024330
0.024343
0.024356
0.024369
0.024383
0.024396
0.024105
0.024328
0.024346
0.024361
0.024375
0.024389
0.024402
0.024416
0.024429
0.024442
0.024456
0.052135
0.052364
0.052383
0.052401
0.052417
0.052433
0.052451
0.052466
0.052482
0.052497
0.052513
0.024861
0.025088
0.025109
0.025126
0.025142
0.025158
0.025176
0.025192
0.025208
0.025223
0.025239
0.024435
0.024663
0.024683
0.024700
0.024716
0.024733
0.024749
0.024765
0.024780
0.024796
0.024811
0.024937
0.025153
0.025173
0.025198
0.025215
0.025231
0.025247
0.025263
0.025279
0.025294
0.025310
0.024357
0.024572
0.024601
0.024619
0.024635
0.024652
0.024668
0.024683
0.024699
0.024715
0.024730
0.024433
0.024661
0.024681
0.024699
0.024716
0.024731
0.024747
0.024763
0.024780
0.024795
0.024811
0.026076
0.026305
0.026325
0.026341
0.026356
0.026371
0.026386
0.026402
0.026416
0.026432
0.026446
0.025977
0.026199
0.026219
0.026235
0.026251
0.026266
0.026282
0.026297
0.026312
0.026327
0.026343
0.025850
0.026081
0.026101
0.026119
0.026136
0.026153
0.026169
0.026184
0.026200
0.026215
0.026231
0.024913
0.025126
0.025153
0.025167
0.025181
0.025194
0.025208
0.025221
0.025234
0.025248
0.025261
0.052710
0.052933
0.052950
0.052963
0.052977
0.052990
0.053003
0.053016
0.053029
0.053042
0.053055
0.025197
0.025406
0.025432
0.025446
0.025460
0.025473
0.025487
0.025500
0.025514
0.025527
0.025541
0.024737
0.024961
0.024978
0.024993
0.025007
0.025020
0.025033
0.025046
0.025059
0.025073
0.025085
0.024667
0.024879
0.024905
0.024920
0.024933
0.024946
0.024960
0.024974
0.024987
0.025001
0.025014
0.025239
0.025449
0.025475
0.025489
0.025503
0.025517
0.025530
0.025543
0.025556
0.025569
0.025582
0.025151
0.025373
0.025390
0.025404
0.025418
0.025431
0.025445
0.025459
0.025472
0.025485
0.025499
0.024427
0.024650
0.024668
0.024682
0.024696
0.024709
0.024723
0.024737
0.024750
0.024763
0.024776
0.024493
0.024714
0.024730
0.024744
0.024758
0.024772
0.024785
0.024799
0.024812
0.024825
0.024838
0.024835
0.025053
0.025091
0.025116
0.025140
0.025164
0.025189
0.025213
0.025237
0.025261
0.025284
0.025365
0.025589
0.025606
0.025620
0.025635
0.025649
0.025662
0.025684
0.025712
0.025730
0.025743
0.051708
0.051929
0.051946
0.051960
0.051973
0.051986
0.051999
0.052012
0.052025
0.052037
0.052050
0.025343
0.025570
0.025588
0.025603
0.025616
0.025630
0.025643
0.025656
0.025669
0.025683
0.025696
0.024874
0.025098
0.025115
0.025129
0.025143
0.025156
0.025169
0.025183
0.025196
0.025209
0.025222
0.026493
0.026707
0.026733
0.026747
0.026764
0.026778
0.026792
0.026805
0.026818
0.026831
0.026845
0.025194
0.025417
0.025434
0.025449
0.025462
0.025476
0.025489
0.025502
0.025515
0.025528
0.025541
0.024790
0.025013
0.025030
0.025044
0.025058
0.025071
0.025085
0.025102
0.025119
0.025140
0.025157
0.025392
0.025608
0.025637
0.025655
0.025675
0.025692
0.025707
0.025723
0.025738
0.025754
0.025770
0.026058
0.026290
0.026311
0.026328
0.026344
0.026360
0.026376
0.026392
0.026407
0.026423
0.026438
0.025776
0.026000
0.026021
0.026036
0.026050
0.026063
0.026077
0.026092
0.026105
0.026119
0.026135
0.024801
0.025030
0.025048
0.025062
0.025075
0.025089
0.025102
0.025115
0.025131
0.025148
0.025163
0.051989
0.052213
0.052233
0.052250
0.052266
0.052282
0.052297
0.052313
0.052329
0.052344
0.052359
0.024696
0.024927
0.024947
0.024964
0.024980
0.024996
0.025011
0.025027
0.025043
0.025058
0.025074
0.025781
0.026030
0.026050
0.026064
0.026078
0.026091
0.026104
0.026117
0.026131
0.026144
0.026157
0.024727
0.024937
0.024965
0.024979
0.024993
0.025006
0.025019
0.025033
0.025046
0.025059
0.025072
0.024692
0.024902
0.024927
0.024942
0.024956
0.024970
0.024983
0.024997
0.025010
0.025023
0.025037
0.025707
0.025927
0.025944
0.025959
0.025972
0.025986
0.025999
0.026013
0.026026
0.026039
0.026052
0.025459
0.025683
0.025701
0.025715
0.025738
0.025753
0.025766
0.025780
0.025793
0.025806
0.025819
0.025148
0.025362
0.025402
0.025421
0.025448
0.025468
0.025482
0.025496
0.025509
0.025522
0.025536
0.025094
0.025361
0.025399
0.025416
0.025431
0.025460
0.025477
0.025490
0.025504
0.025517
0.025530
0.034282
0.034531
0.034552
0.034579
0.034598
0.034616
0.034634
0.034652
0.034670
0.034688
0.034705
0.064969
0.065199
0.065216
0.065231
0.065244
0.065258
0.065271
0.065284
0.065298
0.065311
0.065324
0.025528
0.025754
0.025772
0.025786
0.025801
0.025814
0.025827
0.025841
0.025854
0.025867
0.025880
0.025191
0.025403
0.025430
0.025444
0.025458
0.025471
0.025484
0.025497
0.025510
0.025523
0.025536
0.026123
0.026347
0.026364
0.026378
0.026392
0.026405
0.026418
0.026431
0.026444
0.026457
0.026470
0.026551
0.026774
0.026793
0.026807
0.026821
0.026834
0.026848
0.026861
0.026874
0.026886
0.026899
0.026086
0.026307
0.026324
0.026338
0.026351
0.026365
0.026378
0.026391
0.026404
0.026417
0.026430
0.026007
0.026227
0.026244
0.026258
0.026272
0.026286
0.026299
0.026312
0.026325
0.026338
0.026351
0.026631
0.026856
0.026874
0.026888
0.026902
0.026916
0.026929
0.026942
0.026955
0.026968
0.026982
0.027093
0.027305
0.027333
0.027347
0.027361
0.027374
0.027387
0.027400
0.027413
0.027426
0.027439
0.029731
0.029942
