1.107088
0.025253
0.025489
0.025511
0.025527
0.025545
0.025560
0.025577
0.025592
0.025609
0.025625
0.025641
0.031568
0.031821
0.031851
0.031870
0.031888
0.031907
0.031925
0.031942
0.031961
0.031978
0.031996
0.026651
0.026877
0.026893
0.026907
0.026924
0.026937
0.026951
0.026964
0.026978
0.026992
0.027005
0.030664
0.030921
0.030952
0.030971
0.030989
0.031007
0.031025
0.031043
0.031061
0.031079
0.031097
0.031776
0.032016
0.032038
0.032066
0.032084
0.032103
0.032121
0.032139
0.032157
0.032175
0.032193
0.024674
0.024902
0.024919
0.024936
0.024950
0.024964
0.024977
0.024991
0.025004
0.025017
0.025030
0.024655
0.024882
0.024900
0.024915
0.024928
0.024941
0.024957
0.024970
0.024983
0.024996
0.025009
0.024191
0.024419
0.024436
0.024451
0.024464
0.024478
0.024491
0.024503
0.024516
0.024529
0.024542
0.024388
0.024601
0.024627
0.024641
0.024655
0.024669
0.024682
0.024695
0.024709
0.024722
0.024736
0.048408
0.048633
0.048651
0.048664
0.048677
0.048690
0.048704
0.048719
0.048732
0.048745
0.048758
0.024886
0.025115
0.025133
0.025147
0.025161
0.025180
0.025196
0.025213
0.025228
0.025244
0.025259
0.024917
0.025143
0.025161
0.025175
0.025188
0.025203
0.025217
0.025230
0.025243
0.025256
0.025269
0.024745
0.024959
0.024985
0.024999
0.025013
0.025026
0.025040
0.025053
0.025066
0.025079
0.025092
0.024214
0.024439
0.024456
0.024470
0.024483
0.024499
0.024513
0.024526
0.024538
0.024551
0.024564
0.024081
0.024306
0.024322
0.024337
0.024351
0.024364
0.024377
0.024390
0.024404
0.024417
0.024430
0.024385
0.024609
0.024626
0.024640
0.024653
0.024666
0.024678
0.024691
0.024707
0.024719
0.024733
0.024374
0.024603
0.024621
0.024635
0.024648
0.024661
0.024674
0.024687
0.024700
0.024713
0.024726
0.024579
0.024884
0.024915
0.024952
0.024978
0.025005
0.025031
0.025059
0.025087
0.025116
0.025144
0.024650
0.024876
0.024893
0.024911
0.024925
0.024937
0.024951
0.024964
0.024977
0.024990
0.025003
0.049340
0.049567
0.049585
0.049599
0.049612
0.049625
0.049639
0.049652
0.049665
0.049679
0.049692
0.024376
0.024603
0.024623
0.024642
0.024658
0.024675
0.024690
0.024706
0.024722
0.024737
0.024753
0.024332
0.024556
0.024575
0.024590
0.024604
0.024617
0.024631
0.024644
0.024657
0.024671
0.024686
0.024585
0.024800
0.024829
0.024846
0.024861
0.024878
0.024894
0.024909
0.024925
0.024941
0.024956
0.023898
0.024137
0.024171
0.024197
0.024225
0.024249
0.024273
0.024297
0.024321
0.024345
0.024368
0.024308
0.024538
0.024558
0.024575
0.024592
0.024611
0.024627
0.024643
0.024658
0.024674
0.024691
0.023879
0.024109
0.024129
0.024146
0.024163
0.024179
0.024194
0.024210
0.024226
0.024241
0.024257
0.024128
0.024348
0.024367
0.024393
0.024410
0.024425
0.024441
0.024457
0.024472
0.024487
0.024503
0.023732
0.023958
0.023976
0.023990
0.024004
0.024018
0.024035
0.024049
0.024062
0.024075
0.024088
0.023759
0.023992
0.024010
0.024024
0.024038
0.024051
0.024065
0.024077
0.024091
0.024104
0.024117
0.050544
0.050766
0.050784
0.050798
0.050812
0.050825
0.050838
0.050851
0.050864
0.050877
0.050889
0.025628
0.025844
0.025870
0.025885
0.025898
0.025912
0.025925
0.025939
0.025952
0.025965
0.025978
0.025587
0.025811
0.025828
0.025841
0.025855
0.025868
0.025882
0.025894
0.025907
0.025920
0.025933
0.025456
0.025682
0.025702
0.025716
0.025729
0.025743
0.025755
0.025769
0.025782
0.025795
0.025808
0.025401
0.025630
0.025648
0.025662
0.025675
0.025689
0.025702
0.025714
0.025727
0.025740
0.025752
0.025378
0.025604
0.025620
0.025635
0.025649
0.025662
0.025675
0.025689
0.025702
0.025716
0.025729
0.025484
0.025700
0.025726
0.025740
0.025754
0.025768
0.025781
0.025794
0.025807
0.025820
0.025833
0.025662
0.025888
0.025905
0.025919
0.025933
0.025946
0.025959
0.025973
0.025986
0.026001
0.026014
0.025076
0.025305
0.025322
0.025337
0.025350
0.025363
0.025377
0.025390
0.025403
0.025415
0.025429
0.025076
0.025298
0.025315
0.025330
0.025343
0.025357
0.025371
0.025384
0.025397
0.025410
0.025424
0.051174
0.051400
0.051418
0.051431
0.051445
0.051458
0.051471
0.051485
0.051497
0.051510
0.051523
0.025245
0.025476
0.025493
0.025507
0.025521
0.025535
0.025548
0.025562
0.025575
0.025588
0.025601
0.025853
0.026079
0.026097
0.026111
0.026124
0.026138
0.026151
0.026164
0.026177
0.026190
0.026202
0.025210
0.025434
0.025452
0.025467
0.025481
0.025494
0.025507
0.025521
0.025534
0.025547
0.025560
0.025669
0.025898
0.025915
0.025929
0.025943
0.025956
0.025969
0.025983
0.025995
0.026009
0.026021
0.024997
0.025224
0.025241
0.025257
0.025271
0.025285
0.025298
0.025311
0.025325
0.025338
0.025352
0.024591
0.024815
0.024833
0.024847
0.024861
0.024875
0.024888
0.024901
0.024914
0.024927
0.024939
0.024436
0.024648
0.024675
0.024690
0.024704
0.024717
0.024731
0.024744
0.024757
0.024770
0.024783
0.024590
0.024814
0.024832
0.024846
0.024859
0.024873
0.024886
0.024899
0.024912
0.024929
0.024942
0.024190
0.024413
0.024430
0.024445
0.024458
0.024472
0.024485
0.024498
0.024511
0.024524
0.024538
0.049404
0.049625
0.049642
0.049656
0.049670
0.049683
0.049696
0.049710
0.049723
0.049736
0.049749
0.024562
0.024783
0.024801
0.024815
0.024829
0.024842
0.024855
0.024868
0.024881
0.024894
0.024907
0.026729
0.026957
0.026974
0.026989
0.027003
0.027016
0.027029
0.027042
0.027055
0.027069
0.027083
0.026355
0.026570
0.026596
0.026611
0.026624
0.026638
0.026651
0.026664
0.026678
0.026691
0.026704
0.025615
0.025845
0.025862
0.025877
0.025891
0.025904
0.025917
0.025930
0.025943
0.025957
0.025970
0.025360
0.025578
0.025604
0.025619
0.025635
0.025648
0.025662
0.025675
0.025688
0.025702
0.025714
0.028455
0.028680
0.028697
0.028711
0.028725
0.028738
0.028751
0.028764
0.028778
0.028791
0.028804
0.029489
0.029724
0.029747
0.029770
0.029794
0.029819
0.029843
0.029867
0.029890
0.029915
0.029938
0.031329
0.031562
0.031599
0.031626
0.031651
0.031675
0.031700
0.031724
0.031748
0.031772
0.031796
0.031506
0.031751
0.031784
0.031811
0.031842
0.031868
0.031892
0.031916
0.031940
0.031964
0.031987
0.054680
0.054904
0.054934
0.054971
0.054996
0.055022
0.055047
0.055071
0.055094
0.055118
0.055142
0.027842
0.028069
0.028100
0.028126
0.028161
0.028186
0.028210
0.028234
0.028258
0.028282
0.028306
0.029571
0.029799
0.029837
0.029862
0.029887
0.029912
0.029936
0.029960
0.029987
0.030011
0.030035
0.028344
0.028583
0.028612
0.028639
0.028664
0.028689
0.028714
0.028738
0.028762
0.028785
0.028809
0.026905
0.027151
0.027179
0.027206
0.027231
0.027257
0.027282
0.027306
0.027330
0.027354
0.027378
0.028258
0.028484
0.028501
0.028515
0.028529
0.028542
0.028555
0.028569
0.028585
0.028601
0.028616
0.027928
0.028157
0.028176
0.028190
0.028204
0.028218
0.028231
0.028244
0.028258
0.028271
0.028284
0.027691
0.027906
0.027932
0.027947
0.027961
0.027974
0.027987
0.028000
0.028013
0.028026
0.028039
0.026539
0.026763
0.026780
0.026794
0.026808
0.026821
0.026834
0.026847
0.026860
0.026873
0.026886
0.025661
0.025885
0.025903
0.025917
0.025930
0.025944
0.025957
0.025970
0.025983
0.025996
0.026009
0.053340
0.053555
0.053581
0.053595
0.053609
0.053622
0.053636
0.053648
0.053661
0.053674
0.053687
0.026477
0.026706
0.026723
0.026738
0.026752
0.026765
0.026778
0.026792
0.026805
0.026818
0.026832
0.026263
0.026474
0.026490
0.026514
0.026528
0.026542
0.026555
0.026568
0.026582
0.026595
0.026608
0.026081
0.026308
0.026325
0.026340
0.026353
0.026367
0.026380
0.026393
0.026406
0.026420
0.026433
0.025771
0.025999
0.026017
0.026031
0.026045
0.026058
0.026071
0.026084
0.026097
0.026110
0.026123
0.025579
0.025796
0.025823
0.025838
0.025851
0.025865
0.025878
0.025891
0.025904
0.025918
0.025931
0.025649
0.025879
0.025896
0.025910
0.025924
0.025937
0.025950
0.025963
0.025976
0.025989
0.026002
0.026754
0.026980
0.026998
0.027012
0.027026
0.027039
0.027053
0.027066
0.027080
0.027093
0.027106
0.025288
0.025515
0.025533
0.025547
0.025561
0.025574
0.025587
0.025600
0.025613
0.025626
0.025639
0.033863
0.034124
0.034155
0.034174
0.034192
0.034209
0.034228
0.034246
0.034264
0.034281
0.034299
0.055528
0.055755
0.055772
0.055786
0.055800
0.055816
0.055830
0.055842
0.055856
0.055869
0.055882
0.026533
0.026762
0.026780
0.026794
0.026808
0.026822
0.026835
0.026848
0.026861
0.026874
0.026887
0.026799
0.027032
0.027050
0.027065
0.027078
0.027092
0.027105
0.027118
0.027132
0.027144
0.027157
0.026653
0.026879
0.026896
0.026910
0.026924
0.026937
0.026951
0.026964
0.026977
0.026990
0.027003
0.026339
0.026562
0.026580
0.026594
0.026608
0.026621
0.026634
0.026648
0.026661
0.026674
0.026687
0.025994
0.026219
0.026237
0.026251
0.026265
0.026278
0.026292
0.026305
0.026318
0.026331
0.026345
0.027169
0.027400
0.027426
0.027441
0.027454
0.027467
0.027481
0.027494
0.027507
0.027520
0.027534
0.026409
0.026635
0.026653
0.026667
0.026681
0.026694
0.026707
0.026721
0.026733
0.026746
0.026759
0.035011
0.035239
0.035257
0.035272
0.035285
0.035298
0.035311
0.035325
0.035338
0.035351
0.035364
0.027764
0.027990
0.028008
0.028022
0.028036
0.028050
0.028063
0.028077
0.028090
0.028103
0.028116
0.054241
0.054469
0.054487
0.054501
0.054514
0.054528
0.054541
0.054554
0.054571
0.054585
0.054597
0.027789
0.028022
0.028040
0.028054
0.028068
0.028082
0.028095
0.028108
0.028121
0.028134
0.028147
0.027096
0.027320
0.027337
0.027351
0.027365
0.027379
0.027392
0.027405
0.027417
0.027430
0.027444
0.026042
0.026268
0.026286
0.026300
0.026314
0.026327
0.026340
0.026354
0.026367
0.026380
0.026393
0.026159
0.026390
0.026415
0.026441
0.026464
0.026489
0.026513
0.026537
0.026561
0.026585
0.026610
0.026164
0.026383
0.026408
0.026443
0.026468
0.026493
0.026516
0.026541
0.026565
0.026589
0.026613
0.027335
0.027556
0.027583
0.027597
0.027611
0.027624
0.027637
0.027650
0.027663
0.027677
0.027690
0.027128
0.027346
0.027365
0.027391
0.027407
0.027423
0.027439
0.027454
0.027470
0.027485
0.027501
0.025847
0.026079
0.026100
0.026116
0.026132
0.026148
0.026164
0.026180
0.026196
0.026211
0.026227
0.026392
0.026624
0.026644
0.026661
0.026678
0.026694
0.026710
0.026726
0.026741
0.026757
0.026772
0.053951
0.054181
0.054202
0.054219
0.054235
0.054252
0.054267
0.054283
0.054298
0.054314
0.054329
0.028370
0.028595
0.028612
0.028626
0.028640
0.028653
0.028667
0.028680
0.028693
0.028706
0.028719
0.025385
0.025610
0.025627
0.025641
0.025656
0.025677
0.025692
0.025706
0.025719
0.025735
0.025748
0.028000
0.028228
0.028245
0.028259
0.028273
0.028286
0.028299
0.028312
0.028325
0.028338
0.028352
0.026751
0.026976
0.026993
0.027007
0.027021
0.027035
0.027048
0.027061
0.027074
0.027087
0.027100
0.027081
0.027305
0.027323
0.027337
0.027351
0.027364
0.027378
0.027392
0.027405
0.027418
0.027431
0.025688
0.025905
0.025932
0.025947
0.025960
0.025974
0.025987
0.026001
0.026014
0.026027
0.026040
0.025671
0.025898
0.025915
0.025929
0.025943
0.025957
0.025970
0.025983
0.025996
0.026010
0.026023
0.025917
0.026142
0.026160
0.026174
0.026188
0.026201
0.026214
0.026227
0.026241
0.026254
0.026267
0.025363
0.025590
0.025607
0.025621
0.025635
0.025649
0.025662
0.025675
0.025688
0.025701
0.025714
0.050630
0.050853
0.050871
0.050885
0.050902
0.050920
0.050936
0.050952
0.050967
0.050983
0.050998
0.026476
0.026690
0.026717
0.026731
0.026745
0.026758
0.026772
0.026785
0.026798
0.026811
0.026824
0.025234
0.025449
0.025475
0.025490
0.025503
0.025516
0.025530
0.025543
0.025556
0.025569
0.025582
0.024759
0.024985
0.025002
0.025016
0.025030
0.025043
0.025056
0.025069
0.025082
0.025095
0.025109
0.025139
0.025370
0.025386
0.025400
0.025414
0.025427
0.025440
0.025453
0.025466
0.025479
0.025492
0.024944
0.025158
0.025184
0.025198
0.025214
0.025233
0.025249
0.025265
0.025280
0.025296
0.025312
0.024714
0.024937
0.024959
0.024973
0.024986
0.024999
0.025012
0.025025
0.025038
0.025051
0.025064
0.024841
0.025068
0.025085
0.025100
0.025113
0.025127
0.025140
0.025153
0.025166
0.025179
0.025192
0.026502
0.026729
0.026746
0.026760
0.026773
0.026787
0.026800
0.026813
0.026826
0.026839
0.026853
0.025735
0.025959
0.025976
0.025991
0.026005
0.026018
0.026031
0.026045
0.026058
0.026071
0.026084
0.051435
0.051660
0.051677
0.051692
0.051705
0.051719
0.051732
0.051750
0.051764
0.051777
0.051790
0.025233
0.025457
0.025474
0.025488
0.025502
0.025516
0.025529
0.025543
0.025556
0.025569
0.025581
0.025701
0.025926
0.025943
0.025957
0.025970
0.025984
0.025997
0.026011
0.026023
0.026037
0.026050
0.025582
0.025804
0.025822
0.025837
0.025851
0.025865
0.025878
0.025892
0.025904
0.025918
0.025930
0.025117
0.025344
0.025361
0.025375
0.025389
0.025403
0.025416
0.025429
0.025442
0.025455
0.025468
0.025006
0.025231
0.025248
0.025263
0.025276
0.025291
0.025304
0.025317
0.025331
0.025344
0.025357
0.025332
0.025566
0.025584
0.025597
0.025611
0.025624
0.025637
0.025651
0.025663
0.025676
0.025689
0.032372
0.032629
0.032650
0.032678
0.032696
0.032714
0.032732
0.032749
0.032767
0.032785
0.032802
0.030071
0.030299
0.030317
0.030331
0.030345
0.030358
0.030372
0.030385
0.030397
0.030410
0.030423
0.025454
0.025684
0.025702
0.025717
0.025730
0.025744
0.025757
0.025770
0.025783
0.025797
0.025810
0.052208
0.052434
0.052452
0.052466
0.052480
0.052508
0.052542
0.052563
0.052578
0.052591
0.052605
0.025692
0.025919
0.025939
0.025954
0.025968
0.025981
0.025994
0.026007
0.026020
0.026033
0.026047
0.026963
0.027189
0.027207
0.027221
0.027235
0.027249
0.027262
0.027275
0.027288
0.027301
0.027313
0.025528
0.025755
0.025773
0.025787
0.025801
0.025814
0.025827
0.025840
0.025853
0.025866
0.025879
0.025686
0.025909
0.025927
0.025940
0.025954
0.025967
0.025980
0.025993
0.026006
0.026019
0.026032
0.026261
0.026474
0.026500
0.026514
0.026528
0.026541
0.026554
0.026567
0.026580
0.026592
0.026605
0.026095
0.026321
0.026339
0.026354
0.026368
0.026381
0.026394
0.026408
0.026421
0.026434
0.026448
0.026529
0.026756
0.026772
0.026787
0.026800
0.026814
0.026828
0.026841
0.026854
0.026867
0.026880
0.026953
0.027179
0.027197
0.027211
0.027225
0.027238
0.027251
0.027264
0.027278
0.027291
0.027304
0.025912
0.026130
0.026156
0.026171
0.026185
0.026198
0.026212
0.026225
0.026238
0.026251
0.026264
0.055003
0.055230
0.055247
0.055262
0.055275
0.055289
0.055302
0.055315
0.055329
0.055342
0.055355
0.026943
0.027157
0.027174
0.027197
0.027211
0.027224
0.027237
0.027250
0.027263
0.027276
0.027289
0.026734
0.026958
0.026975
0.026989
0.027003
0.027016
0.027030
0.027043
0.027056
0.027069
0.027082
0.027097
0.027321
0.027338
0.027352
0.027365
0.027379
0.027392
0.027405
0.027418
0.027431
0.027443
0.026376
0.026600
0.026617
0.026631
0.026645
0.026658
0.026672
0.026685
0.026698
0.026711
0.026724
0.026533
0.026759
0.026777
0.026791
0.026805
0.026819
0.026832
0.026845
0.026858
0.026871
0.026884
0.027260
0.027487
0.027504
0.027519
0.027533
0.027547
0.027560
0.027573
0.027586
0.027599
0.027612
0.028765
0.028992
0.029009
0.029024
0.029038
0.029051
0.029064
0.029078
0.029091
0.029104
0.029117
0.027066
0.027296
0.027313
0.027327
0.027341
0.027354
0.027367
0.027380
0.027393
0.027406
0.027419
0.026740
0.026968
0.026986
0.027000
0.027014
0.027027
0.027040
0.027053
0.027066
0.027079
0.027092
0.052660
0.052884
0.052902
0.052916
0.052930
0.052943
0.052956
0.052969
0.052982
0.052995
0.053008
0.026996
0.027231
0.027248
0.027262
0.027277
0.027290
0.027303
0.027317
0.027330
0.027343
0.027356
0.026591
0.026815
0.026833
0.026848
0.026861
0.026875
0.026888
0.026901
0.026914
0.026927
0.026940
0.026561
0.026789
0.026806
0.026821
0.026834
0.026848
0.026861
0.026874
0.026887
0.026900
0.026912
0.025210
0.025427
0.025454
0.025468
0.025482
0.025496
0.025509
0.025523
0.025536
0.025549
0.025562
0.025088
0.025313
0.025331
0.025345
0.025359
0.025372
0.025385
0.025399
0.025412
0.025425
0.025439
0.025391
0.025614
0.025631
0.025645
0.025659
0.025673
0.025686
0.025699
0.025712
0.025725
0.025738
0.025485
0.025697
0.025723
0.025737
0.025751
0.025764
0.025777
0.025790
0.025803
0.025816
0.025830
0.025620
0.025847
0.025864
0.025878
0.025892
0.025905
0.025918
0.025931
0.025944
0.025957
0.025970
0.026654
0.026878
0.026895
0.026910
0.026923
0.026937
0.026950
0.026963
0.026977
0.026990
0.027003
0.051975
0.052191
0.052220
0.052237
0.052253
0.052269
0.052285
0.052300
0.052315
0.052331
0.052346
0.025724
0.025951
0.025972
0.025989
0.026006
0.026023
0.026039
0.026055
0.026071
0.026086
0.026102
0.024535
0.024762
0.024781
0.024798
0.024815
0.024830
0.024846
0.024861
0.024877
0.024892
0.024907
0.025172
0.025398
0.025415
0.025430
0.025443
0.025456
0.025470
0.025484
0.025496
0.025510
0.025523
0.024797
0.025023
0.025041
0.025056
0.025069
0.025082
0.025096
0.025109
0.025121
0.025134
0.025147
0.024935
0.025163
0.025181
0.025196
0.025210
0.025224
0.025238
0.025251
0.025264
0.025277
0.025290
0.025182
0.025414
0.025434
0.025451
0.025467
0.025483
0.025499
0.025514
0.025530
0.025545
0.025561
0.024972
0.025200
0.025219
0.025244
0.025261
0.025277
0.025293
0.025308
0.025324
0.025339
0.025375
0.025023
0.025260
0.025288
0.025315
0.025339
0.025363
0.025387
0.025410
0.025434
0.025458
0.025482
0.024660
0.024889
0.024917
0.024943
0.024967
0.024992
0.025016
0.025040
0.025064
0.025088
0.025112
0.053131
0.053367
0.053402
0.053429
0.053454
0.053480
0.053505
0.053529
0.053553
0.053577
0.053602
0.026042
0.026272
0.026302
0.026326
0.026352
0.026377
0.026402
0.026425
0.026449
0.026473
0.026498
0.025721
0.025953
0.025981
0.026005
0.026030
0.026054
0.026078
0.026102
0.026125
0.026149
0.026172
0.026177
0.026423
0.026451
0.026476
0.026501
0.026526
0.026550
0.026574
0.026598
0.026621
0.026646
0.025811
0.026028
0.026062
0.026088
0.026112
0.026137
0.026160
0.026184
0.026208
0.026232
0.026255
0.025215
0.025435
0.025468
0.025492
0.025516
0.025541
0.025565
0.025589
0.025612
0.025636
0.025660
0.025102
0.025332
0.025356
0.025380
0.025403
0.025427
0.025450
0.025475
0.025497
0.025521
0.025544
0.025224
0.025450
0.025484
0.025509
0.025532
0.025556
0.025580
0.025604
0.025629
0.025652
0.025676
0.025070
0.025303
0.025326
0.025348
0.025373
0.025397
0.025423
0.025446
0.025470
0.025493
0.025518
0.025887
0.026119
0.026143
0.026166
0.026190
0.026215
0.026239
0.026264
0.026289
0.026312
0.026336
0.051672
0.051888
0.051904
0.051928
0.051941
0.051955
0.051968
0.051981
0.051994
0.052008
0.052021
0.025768
0.025990
0.026009
0.026023
0.026037
0.026051
0.026064
0.026077
0.026090
0.026103
0.026116
0.025428
0.025656
0.025673
0.025687
0.025700
0.025713
0.025727
0.025740
0.025754
0.025768
0.025781
0.026173
0.026401
0.026418
0.026433
0.026446
0.026459
0.026473
0.026486
0.026499
0.026512
0.026525
0.025366
0.025586
0.025603
0.025617
0.025630
0.025644
0.025657
0.025671
0.025684
0.025697
0.025711
0.024893
0.025108
0.025134
0.025148
0.025162
0.025175
0.025188
0.025201
0.025214
0.025228
0.025241
0.024920
0.025145
0.025162
0.025177
0.025190
0.025203
0.025217
0.025230
0.025243
0.025256
0.025269
0.024765
0.024994
0.025012
0.025026
0.025039
0.025053
0.025066
0.025079
0.025092
0.025105
0.025118
0.025268
0.025495
0.025511
0.025525
0.025539
0.025556
0.025569
0.025582
0.025595
0.025608
0.025621
0.025935
0.026165
0.026197
0.026223
0.026249
0.026273
0.026298
0.026323
0.026347
0.026371
0.026396
0.052594
0.052825
0.052850
0.052875
0.052900
0.052929
0.052952
0.052977
0.053002
0.053025
0.053050
0.026886
0.027121
0.027147
0.027171
0.027197
0.027220
0.027245
0.027268
0.027292
0.027317
0.027341
0.026567
0.026801
0.026827
0.026853
0.026878
0.026902
0.026926
0.026950
0.026973
0.026997
0.027021
0.025671
0.025908
0.025941
0.025966
0.025992
0.026016
0.026040
0.026064
0.026088
0.026111
0.026136
0.025632
0.025864
0.025889
0.025913
0.025937
0.025963
0.025987
0.026011
0.026034
0.026058
0.026082
0.025426
0.025661
0.025686
0.025710
0.025734
0.025759
0.025784
0.025807
0.025831
0.025855
0.025878
0.026201
0.026423
0.026448
0.026482
0.026507
0.026531
0.026555
0.026579
0.026603
0.026627
0.026651
0.025474
0.025709
0.025738
0.025761
0.025787
0.025811
0.025835
0.025859
0.025883
0.025907
0.025931
0.025887
0.026124
0.026157
0.026184
0.026210
0.026234
0.026258
0.026282
0.026305
0.026329
0.026352
0.026485
0.026723
0.026755
0.026783
0.026810
0.026836
0.026859
0.026884
0.026907
0.026932
0.026956
0.052723
0.052951
0.052975
0.053000
0.053023
0.053047
0.053071
0.053095
0.053118
0.053142
0.053165
0.027110
0.027352
0.027385
0.027411
0.027437
0.027461
0.027485
0.027509
0.027533
0.027558
0.027581
0.027582
0.027819
0.027853
0.027878
0.027903
0.027928
0.027951
0.027976
0.028000
0.028024
0.028048
0.026551
0.026780
0.026805
0.026830
0.026854
0.026879
0.026903
0.026928
0.026953
0.026977
0.027001
0.026793
0.027022
0.027047
0.027070
0.027094
0.027123
0.027147
0.027171
0.027196
0.027220
0.027244
0.026010
0.026241
0.026264
0.026289
0.026313
0.026337
0.026362
0.026386
0.026410
0.026434
0.026458
0.026302
0.026536
0.026561
0.026584
0.026609
0.026633
0.026658
0.026682
0.026706
0.026730
0.026753
0.026221
0.026451
0.026479
0.026503
0.026528
0.026552
0.026577
0.026602
0.026625
0.026650
0.026673
0.027665
0.027898
0.027931
0.027956
0.027982
0.028006
0.028030
0.028054
0.028078
0.028101
0.028125
0.027039
0.027271
0.027295
0.027319
0.027345
0.027370
0.027394
0.027418
0.027442
0.027466
0.027490
0.052587
0.052817
0.052842
0.052867
0.052900
0.052924
0.052944
0.052959
0.052972
0.052985
0.052999
0.027724
0.027949
0.027967
0.027982
0.027996
0.028009
0.028022
0.028035
0.028049
0.028062
0.028075
0.027678
0.027903
0.027920
0.027934
0.027948
0.027966
0.027979
0.027993
0.028006
0.028018
0.028032
0.026548
0.026772
0.026790
0.026805
0.026818
0.026831
0.026845
0.026858
0.026871
0.026884
0.026897
0.026911
0.027128
0.027155
0.027169
0.027183
0.027197
0.027210
0.027222
0.027235
0.027248
0.027261
0.026443
0.026658
0.026685
0.026699
0.026712
0.026725
0.026739
0.026752
0.026765
0.026778
0.026791
0.026591
0.026818
0.026835
0.026851
0.026865
0.026878
0.026891
0.026904
0.026917
0.026930
0.026943
0.026662
0.026898
0.026916
0.026930
0.026944
0.026958
0.026971
0.026984
0.026997
0.027010
0.027024
0.028357
0.028580
0.028598
0.028612
0.028629
0.028647
0.028662
0.028677
0.028692
0.028708
0.028723
0.026748
0.026978
0.026998
0.027016
0.027031
0.027044
0.027059
0.027075
0.027088
0.027102
0.027114
0.052689
0.052917
0.052934
0.052949
0.052963
0.052976
0.052991
0.053005
0.053018
0.053032
0.053045
0.035523
0.035752
0.035769
0.035784
0.035797
0.035811
0.035825
0.035838
0.035851
0.035864
0.035876
0.028802
0.029027
0.029045
0.029060
0.029073
0.029086
0.029099
0.029112
0.029126
0.029140
0.029153
0.026153
0.026376
0.026394
0.026408
0.026422
0.026435
0.026449
0.026465
0.026483
0.026499
0.026514
0.026487
0.026716
0.026736
0.026754
0.026771
0.026786
0.026803
0.026818
0.026835
0.026850
0.026866
0.026942
0.027173
0.027190
0.027205
0.027218
0.027231
0.027245
0.027258
0.027271
0.027283
0.027296
0.027526
0.027755
0.027772
0.027786
0.027800
0.027814
0.027828
0.027841
0.027855
0.027868
0.027881
0.027108
0.027337
0.027355
0.027369
0.027383
0.027397
0.027410
0.027423
0.027437
0.027450
0.027463
0.027058
0.027271
0.027298
0.027312
0.027326
0.027339
0.027353
0.027366
0.027379
0.027392
0.027405
0.026564
0.026789
0.026806
0.026820
0.026833
0.026846
0.026859
0.026872
0.026885
0.026898
0.026911
0.052620
0.052842
0.052859
0.052873
0.052887
0.052901
0.052914
0.052927
0.052939
0.052953
0.052965
0.026876
0.027103
0.027121
0.027136
0.027150
0.027163
0.027176
0.027190
0.027203
0.027216
0.027229
0.027644
0.027859
0.027887
0.027904
0.027921
0.027936
0.027952
0.027966
0.027982
0.027996
0.028011
0.026877
0.027104
0.027124
0.027140
0.027157
0.027172
0.027188
0.027203
0.027218
0.027234
0.027249
0.029017
0.029248
0.029269
0.029287
0.029303
0.029319
0.029334
0.029350
0.029365
0.029380
0.029396
0.026700
0.026926
0.026945
0.026963
0.026979
0.026994
0.027010
0.027026
0.027042
0.027058
0.027073
0.027481
0.027713
0.027731
0.027745
0.027759
0.027773
0.027786
0.027800
0.027813
0.027826
0.027839
0.026490
0.026712
0.026730
0.026745
0.026758
0.026772
0.026785
0.026798
0.026812
0.026824
0.026837
0.026111
0.026337
0.026354
0.026369
0.026382
0.026396
0.026409
0.026422
0.026435
0.026448
0.026461
0.026248
0.026475
0.026493
0.026507
0.026520
0.026536
0.026550
0.026563
0.026576
0.026589
0.026603
0.052189
0.052413
0.052431
0.052445
0.052459
0.052472
0.052485
0.052498
0.052511
0.052524
0.052536
0.026685
0.026910
0.026927
0.026942
0.026956
0.026969
0.026982
0.026995
0.027009
0.027022
0.027036
0.027649
0.027872
0.027889
0.027903
0.027916
0.027930
0.027943
0.027956
0.027969
0.027982
0.027995
0.025608
0.025840
0.025857
0.025872
0.025886
0.025899
0.025913
0.025926
0.025940
0.025954
0.025967
0.024649
0.024880
0.024897
0.024911
0.024925
0.024938
0.024951
0.024965
0.024977
0.024990
0.025003
0.025024
0.025250
0.025267
0.025281
0.025295
0.025308
0.025321
0.025335
0.025349
0.025362
0.025375
0.026087
0.026314
0.026332
0.026346
0.026360
0.026374
0.026387
0.026400
0.026413
0.026426
0.026439
0.033535
0.033801
0.033823
0.033842
0.033860
0.033878
0.033896
0.033914
0.033931
0.033948
0.033966
0.028271
0.028501
0.028519
0.028533
0.028547
0.028560
0.028573
0.028586
0.028600
0.028612
0.028625
0.026306
0.026522
0.026539
0.026553
0.026577
0.026590
0.026604
0.026617
0.026630
0.026644
0.026656
0.053420
0.053635
0.053661
0.053676
0.053689
0.053702
0.053715
0.053728
0.053741
0.053754
0.053767
0.029613
0.029842
0.029860
0.029875
0.029889
0.029902
0.029916
0.029929
0.029943
0.029956
0.029969
0.026289
0.026517
0.026536
0.026550
0.026564
0.026577
0.026590
0.026603
0.026624
0.026638
0.026651
0.027216
0.027443
0.027460
0.027475
0.027489
0.027502
0.027515
0.027528
0.027541
0.027554
0.027567
0.027619
0.027846
0.027864
0.027878
0.027891
0.027905
0.027918
0.027931
0.027944
0.027957
0.027970
0.026925
0.027208
0.027249
0.027278
0.027303
0.027332
0.027355
0.027370
0.027383
0.027397
0.027410
0.027627
0.027853
0.027870
0.027884
0.027898
0.027911
0.027924
0.027938
0.027951
0.027964
0.027977
0.025258
0.025481
0.025499
0.025513
0.025527
0.025540
0.025553
0.025566
0.025579
0.025593
0.025605
0.024931
0.025159
0.025177
0.025192
0.025206
0.025219
0.025232
0.025245
0.025258
0.025271
0.025284
0.025713
0.025942
0.025960
0.025974
0.025988
0.026001
0.026014
0.026027
0.026040
0.026053
0.026066
0.052293
0.052517
0.052534
0.052549
0.052563
0.052576
0.052589
0.052602
0.052615
0.052632
0.052645
0.025161
0.025398
0.025416
0.025430
0.025454
0.025467
0.025480
0.025493
0.025507
0.025520
0.025533
0.026824
0.027055
0.027072
0.027086
0.027100
0.027113
0.027126
0.027139
0.027152
0.027165
0.027178
0.025244
0.025470
0.025487
0.025502
0.025516
0.025529
0.025542
0.025555
0.025568
0.025581
0.025594
0.024651
0.024880
0.024897
0.024911
0.024925
0.024938
0.024951
0.024964
0.024977
0.024991
0.025004
0.024979
0.025212
0.025230
0.025244
0.025258
0.025271
0.025284
0.025297
0.025310
0.025323
0.025336
0.024917
0.025140
0.025157
0.025173
0.025187
0.025203
0.025219
0.025235
0.025250
0.025266
0.025281
0.025188
0.025419
0.025439
0.025456
0.025472
0.025487
0.025503
0.025518
0.025534
0.025549
0.025564
0.026233
0.026459
0.026476
0.026490
0.026503
0.026516
0.026530
0.026543
0.026556
0.026569
0.026582
0.026012
0.026237
0.026255
0.026269
0.026283
0.026297
0.026310
0.026323
0.026336
0.026349
0.026363
0.051821
0.052038
0.052064
0.052079
0.052094
0.052107
0.052120
0.052134
0.052146
0.052160
0.052172
0.026281
0.026507
0.026525
0.026539
0.026553
0.026567
0.026581
0.026594
0.026608
0.026621
0.026634
0.026475
0.026729
0.026751
0.026766
0.026780
0.026793
0.026807
0.026820
0.026833
0.026846
0.026860
0.025513
0.025737
0.025754
0.025768
0.025782
0.025795
0.025809
0.025822
