1.864826
0.031634
0.031899
0.031929
0.031946
0.031961
0.031976
0.031991
0.032006
0.032021
0.032035
0.032049
0.025016
0.025283
0.025299
0.025312
0.025327
0.025342
0.025355
0.025369
0.025383
0.025396
0.025409
0.024779
0.025013
0.025031
0.025047
0.025062
0.025076
0.025090
0.025104
0.025117
0.025131
0.025144
0.024496
0.024743
0.024764
0.024780
0.024796
0.024812
0.024827
0.024843
0.024858
0.024873
0.024889
0.023894
0.024122
0.024143
0.024159
0.024175
0.024192
0.024208
0.024223
0.024239
0.024254
0.024270
0.023386
0.023610
0.023628
0.023643
0.023656
0.023669
0.023683
0.023697
0.023710
0.023724
0.023737
0.024288
0.024514
0.024531
0.024545
0.024559
0.024572
0.024588
0.024601
0.024614
0.024627
0.024640
0.024046
0.024276
0.024293
0.024307
0.024321
0.024335
0.024348
0.024361
0.024374
0.024387
0.024400
0.024108
0.024332
0.024350
0.024364
0.024378
0.024391
0.024404
0.024418
0.024431
0.024444
0.024457
0.049294
0.049506
0.049523
0.049537
0.049560
0.049573
0.049587
0.049602
0.049615
0.049628
0.049641
0.024343
0.024572
0.024590
0.024604
0.024617
0.024631
0.024644
0.024657
0.024670
0.024683
0.024696
0.024427
0.024643
0.024669
0.024683
0.024697
0.024712
0.024725
0.024739
0.024752
0.024764
0.024777
0.023854
0.024101
0.024135
0.024150
0.024164
0.024177
0.024190
0.024203
0.024217
0.024230
0.024243
0.025213
0.025435
0.025452
0.025467
0.025481
0.025496
0.025510
0.025523
0.025537
0.025549
0.025562
0.025710
0.025939
0.025959
0.025976
0.025991
0.026007
0.026023
0.026039
0.026054
0.026070
0.026085
0.024711
0.024945
0.024965
0.024982
0.024998
0.025014
0.025030
0.025045
0.025064
0.025079
0.025095
0.026158
0.026378
0.026406
0.026423
0.026439
0.026456
0.026472
0.026488
0.026504
0.026519
0.026535
0.024602
0.024851
0.024870
0.024887
0.024904
0.024920
0.024936
0.024952
0.024967
0.024983
0.024999
0.024712
0.024937
0.024954
0.024971
0.024985
0.024999
0.025012
0.025025
0.025038
0.025051
0.025064
0.051636
0.051860
0.051877
0.051891
0.051905
0.051918
0.051931
0.051944
0.051957
0.051969
0.051982
0.025111
0.025341
0.025358
0.025373
0.025387
0.025400
0.025413
0.025426
0.025440
0.025453
0.025466
0.024865
0.025099
0.025119
0.025133
0.025147
0.025160
0.025187
0.025217
0.025244
0.025260
0.025274
0.025447
0.025674
0.025691
0.025705
0.025719
0.025732
0.025745
0.025758
0.025771
0.025784
0.025797
0.025179
0.025403
0.025420
0.025434
0.025448
0.025461
0.025475
0.025488
0.025501
0.025515
0.025528
0.024939
0.025170
0.025187
0.025202
0.025216
0.025231
0.025245
0.025258
0.025271
0.025284
0.025297
0.024837
0.025052
0.025069
0.025083
0.025107
0.025120
0.025134
0.025147
0.025160
0.025174
0.025187
0.024889
0.025120
0.025138
0.025153
0.025167
0.025180
0.025193
0.025206
0.025219
0.025232
0.025245
0.024535
0.024763
0.024780
0.024797
0.024814
0.024831
0.024847
0.024863
0.024879
0.024894
0.024909
0.024742
0.024975
0.024994
0.025012
0.025029
0.025045
0.025061
0.025076
0.025092
0.025109
0.025125
0.052186
0.052401
0.052431
0.052448
0.052464
0.052479
0.052495
0.052510
0.052526
0.052541
0.052557
0.026005
0.026233
0.026253
0.026271
0.026289
0.026305
0.026321
0.026337
0.026353
0.026371
0.026386
0.025425
0.025654
0.025675
0.025692
0.025709
0.025724
0.025740
0.025755
0.025771
0.025786
0.025802
0.024414
0.024641
0.024664
0.024681
0.024698
0.024714
0.024729
0.024745
0.024761
0.024778
0.024793
0.024472
0.024693
0.024722
0.024739
0.024755
0.024771
0.024788
0.024805
0.024820
0.024835
0.024851
0.025169
0.025396
0.025414
0.025428
0.025442
0.025455
0.025469
0.025482
0.025495
0.025509
0.025522
0.024723
0.024948
0.024965
0.024980
0.024993
0.025007
0.025020
0.025034
0.025047
0.025060
0.025074
0.025953
0.026179
0.026196
0.026210
0.026223
0.026237
0.026251
0.026264
0.026277
0.026294
0.026307
0.025868
0.026111
0.026145
0.026171
0.026196
0.026221
0.026244
0.026268
0.026292
0.026316
0.026340
0.025434
0.025644
0.025670
0.025685
0.025698
0.025712
0.025726
0.025739
0.025753
0.025766
0.025779
0.050916
0.051141
0.051158
0.051173
0.051187
0.051200
0.051214
0.051227
0.051239
0.051253
0.051266
0.025754
0.025978
0.025996
0.026010
0.026024
0.026038
0.026052
0.026065
0.026078
0.026091
0.026104
0.027323
0.027550
0.027567
0.027581
0.027595
0.027608
0.027621
0.027634
0.027647
0.027660
0.027673
0.025575
0.025797
0.025815
0.025829
0.025843
0.025857
0.025870
0.025883
0.025897
0.025910
0.025923
0.024920
0.025136
0.025163
0.025177
0.025190
0.025203
0.025217
0.025230
0.025243
0.025256
0.025269
0.025377
0.025599
0.025617
0.025632
0.025646
0.025659
0.025672
0.025686
0.025699
0.025712
0.025725
0.024993
0.025220
0.025238
0.025252
0.025265
0.025279
0.025292
0.025305
0.025318
0.025331
0.025344
0.024823
0.025041
0.025067
0.025081
0.025094
0.025108
0.025121
0.025134
0.025147
0.025160
0.025172
0.025111
0.025338
0.025355
0.025369
0.025383
0.025396
0.025409
0.025422
0.025435
0.025451
0.025464
0.024563
0.024780
0.024812
0.024827
0.024841
0.024854
0.024868
0.024881
0.024894
0.024907
0.024920
0.052507
0.052732
0.052749
0.052763
0.052777
0.052790
0.052804
0.052817
0.052830
0.052842
0.052855
0.024650
0.024877
0.024894
0.024909
0.024923
0.024936
0.024950
0.024964
0.024976
0.024989
0.025002
0.026201
0.026428
0.026445
0.026459
0.026477
0.026494
0.026511
0.026527
0.026543
0.026559
0.026575
0.026138
0.026364
0.026381
0.026397
0.026410
0.026424
0.026437
0.026450
0.026464
0.026477
0.026489
0.025449
0.025673
0.025691
0.025705
0.025718
0.025731
0.025744
0.025757
0.025770
0.025784
0.025796
0.025344
0.025570
0.025589
0.025603
0.025619
0.025632
0.025645
0.025659
0.025672
0.025685
0.025698
0.024535
0.024760
0.024777
0.024791
0.024815
0.024828
0.024842
0.024856
0.024869
0.024883
0.024896
0.024586
0.024810
0.024827
0.024841
0.024855
0.024868
0.024882
0.024895
0.024909
0.024922
0.024935
0.024738
0.024963
0.024981
0.024996
0.025010
0.025023
0.025037
0.025051
0.025064
0.025077
0.025090
0.024881
0.025101
0.025128
0.025142
0.025156
0.025169
0.025182
0.025196
0.025209
0.025222
0.025234
0.051538
0.051762
0.051779
0.051795
0.051808
0.051822
0.051836
0.051848
0.051861
0.051874
0.051887
0.025988
0.026217
0.026234
0.026248
0.026262
0.026275
0.026289
0.026302
0.026315
0.026328
0.026341
0.026029
0.026254
0.026271
0.026286
0.026300
0.026313
0.026326
0.026340
0.026357
0.026370
0.026383
0.024993
0.025218
0.025235
0.025249
0.025263
0.025276
0.025290
0.025303
0.025315
0.025328
0.025341
0.025446
0.025673
0.025691
0.025705
0.025719
0.025732
0.025746
0.025759
0.025772
0.025785
0.025798
0.024642
0.024864
0.024882
0.024896
0.024914
0.024947
0.024978
0.024997
0.025012
0.025025
0.025039
0.025741
0.025966
0.025983
0.025997
0.026011
0.026024
0.026037
0.026050
0.026063
0.026076
0.026088
0.025631
0.025853
0.025871
0.025885
0.025899
0.025913
0.025926
0.025939
0.025952
0.025965
0.025979
0.025389
0.025616
0.025634
0.025648
0.025662
0.025676
0.025689
0.025702
0.025715
0.025728
0.025740
0.025752
0.025978
0.025996
0.026010
0.026024
0.026037
0.026051
0.026064
0.026077
0.026091
0.026104
0.051242
0.051462
0.051479
0.051494
0.051507
0.051521
0.051533
0.051547
0.051560
0.051573
0.051586
0.025858
0.026095
0.026113
0.026127
0.026141
0.026155
0.026168
0.026181
0.026194
0.026208
0.026221
0.025913
0.026127
0.026143
0.026157
0.026180
0.026193
0.026206
0.026219
0.026232
0.026250
0.026264
0.025550
0.025767
0.025784
0.025798
0.025811
0.025825
0.025837
0.025851
0.025864
0.025877
0.025890
0.024611
0.024834
0.024851
0.024865
0.024879
0.024892
0.024906
0.024918
0.024931
0.024945
0.024958
0.024789
0.025015
0.025033
0.025047
0.025060
0.025073
0.025086
0.025100
0.025113
0.025126
0.025139
0.031848
0.032079
0.032097
0.032111
0.032125
0.032138
0.032151
0.032164
0.032177
0.032190
0.032203
0.025086
0.025309
0.025326
0.025346
0.025370
0.025384
0.025397
0.025411
0.025424
0.025438
0.025450
0.025520
0.025748
0.025766
0.025780
0.025794
0.025808
0.025821
0.025834
0.025847
0.025860
0.025873
0.025488
0.025711
0.025728
0.025742
0.025756
0.025769
0.025783
0.025796
0.025809
0.025822
0.025835
0.051466
0.051694
0.051711
0.051726
0.051739
0.051754
0.051768
0.051781
0.051794
0.051806
0.051820
0.026026
0.026256
0.026274
0.026289
0.026302
0.026316
0.026330
0.026343
0.026356
0.026369
0.026382
0.025378
0.025605
0.025622
0.025636
0.025650
0.025663
0.025676
0.025688
0.025701
0.025714
0.025727
0.025815
0.026042
0.026061
0.026075
0.026089
0.026103
0.026116
0.026129
0.026143
0.026156
0.026169
0.025932
0.026160
0.026178
0.026192
0.026206
0.026219
0.026232
0.026246
0.026259
0.026272
0.026285
0.025883
0.026097
0.026123
0.026138
0.026151
0.026164
0.026177
0.026191
0.026204
0.026216
0.026229
0.025453
0.025683
0.025701
0.025715
0.025729
0.025742
0.025755
0.025769
0.025782
0.025795
0.025808
0.026531
0.026757
0.026776
0.026791
0.026805
0.026818
0.026832
0.026845
0.026859
0.026871
0.026884
0.025677
0.025905
0.025923
0.025937
0.025950
0.025963
0.025976
0.025989
0.026002
0.026015
0.026028
0.024647
0.024870
0.024888
0.024902
0.024915
0.024929
0.024942
0.024955
0.024968
0.024981
0.024993
0.053166
0.053378
0.053404
0.053419
0.053432
0.053446
0.053459
0.053472
0.053484
0.053498
0.053510
0.026418
0.026649
0.026667
0.026681
0.026695
0.026709
0.026722
0.026736
0.026749
0.026762
0.026775
0.026236
0.026448
0.026474
0.026489
0.026502
0.026515
0.026528
0.026541
0.026554
0.026567
0.026581
0.025192
0.025418
0.025435
0.025450
0.025463
0.025477
0.025490
0.025503
0.025516
0.025529
0.025542
0.025556
0.025777
0.025795
0.025809
0.025822
0.025835
0.025848
0.025861
0.025874
0.025888
0.025901
0.026250
0.026477
0.026501
0.026525
0.026556
0.026594
0.026620
0.026645
0.026670
0.026700
0.026723
0.024456
0.024684
0.024702
0.024716
0.024729
0.024743
0.024756
0.024769
0.024783
0.024796
0.024809
0.025979
0.026216
0.026245
0.026268
0.026294
0.026318
0.026341
0.026366
0.026389
0.026413
0.026437
0.025902
0.026125
0.026142
0.026157
0.026170
0.026184
0.026197
0.026210
0.026223
0.026236
0.026249
0.025303
0.025524
0.025542
0.025556
0.025570
0.025583
0.025596
0.025609
0.025623
0.025635
0.025649
0.051662
0.051885
0.051902
0.051924
0.051941
0.051955
0.051968
0.051981
0.051995
0.052008
0.052021
0.025927
0.026144
0.026170
0.026184
0.026198
0.026212
0.026225
0.026238
0.026252
0.026265
0.026278
0.025978
0.026208
0.026226
0.026240
0.026253
0.026267
0.026280
0.026294
0.026306
0.026322
0.026335
0.025317
0.025539
0.025558
0.025572
0.025586
0.025599
0.025612
0.025626
0.025639
0.025652
0.025666
0.025347
0.025570
0.025587
0.025602
0.025616
0.025630
0.025643
0.025657
0.025670
0.025683
0.025696
0.025107
0.025323
0.025350
0.025365
0.025378
0.025392
0.025405
0.025419
0.025432
0.025445
0.025459
0.025333
0.025559
0.025577
0.025591
0.025605
0.025619
0.025632
0.025645
0.025658
0.025671
0.025685
0.025165
0.025392
0.025410
0.025424
0.025438
0.025451
0.025465
0.025478
0.025491
0.025504
0.025518
0.024633
0.024869
0.024899
0.024926
0.024951
0.024976
0.025001
0.025025
0.025049
0.025072
0.025096
0.024456
0.024697
0.024725
0.024753
0.024780
0.024805
0.024829
0.024854
0.024878
0.024902
0.024926
0.050261
0.050488
0.050513
0.050539
0.050568
0.050593
0.050617
0.050641
0.050666
0.050691
0.050715
0.025483
0.025717
0.025744
0.025771
0.025793
0.025818
0.025843
0.025867
0.025891
0.025915
0.025939
0.026065
0.026284
0.026319
0.026345
0.026370
0.026394
0.026418
0.026441
0.026465
0.026489
0.026513
0.025382
0.025608
0.025635
0.025661
0.025685
0.025709
0.025733
0.025758
0.025781
0.025805
0.025830
0.025124
0.025369
0.025401
0.025443
0.025461
0.025475
0.025489
0.025502
0.025516
0.025528
0.025541
0.024896
0.025120
0.025139
0.025154
0.025167
0.025180
0.025193
0.025206
0.025219
0.025233
0.025246
0.025245
0.025471
0.025492
0.025507
0.025521
0.025534
0.025547
0.025560
0.025573
0.025586
0.025600
0.024831
0.025074
0.025105
0.025131
0.025156
0.025182
0.025206
0.025230
0.025255
0.025280
0.025303
0.025092
0.025317
0.025341
0.025363
0.025387
0.025412
0.025436
0.025460
0.025483
0.025507
0.025532
0.024447
0.024663
0.024691
0.024705
0.024719
0.024731
0.024745
0.024758
0.024772
0.024785
0.024798
0.050262
0.050488
0.050505
0.050520
0.050534
0.050547
0.050560
0.050573
0.050586
0.050598
0.050611
0.026066
0.026298
0.026316
0.026330
0.026344
0.026357
0.026371
0.026384
0.026397
0.026410
0.026423
0.026089
0.026314
0.026331
0.026345
0.026359
0.026372
0.026385
0.026398
0.026411
0.026424
0.026437
0.025746
0.025972
0.025989
0.026003
0.026017
0.026031
0.026044
0.026057
0.026070
0.026083
0.026097
0.025059
0.025284
0.025301
0.025315
0.025329
0.025342
0.025355
0.025368
0.025381
0.025393
0.025406
0.024909
0.025133
0.025151
0.025165
0.025179
0.025192
0.025206
0.025219
0.025233
0.025246
0.025259
0.025321
0.025545
0.025562
0.025576
0.025589
0.025603
0.025616
0.025629
0.025642
0.025655
0.025668
0.025300
0.025526
0.025544
0.025558
0.025572
0.025586
0.025599
0.025613
0.025626
0.025639
0.025652
0.026125
0.026339
0.026365
0.026379
0.026393
0.026406
0.026419
0.026432
0.026446
0.026459
0.026472
0.025628
0.025859
0.025877
0.025891
0.025905
0.025918
0.025931
0.025944
0.025957
0.025970
0.025984
0.053008
0.053232
0.053250
0.053264
0.053278
0.053291
0.053304
0.053318
0.053330
0.053343
0.053356
0.025253
0.025481
0.025502
0.025517
0.025531
0.025544
0.025558
0.025571
0.025584
0.025597
0.025610
0.025183
0.025413
0.025430
0.025445
0.025459
0.025473
0.025486
0.025499
0.025512
0.025525
0.025538
0.024917
0.025145
0.025162
0.025177
0.025190
0.025204
0.025217
0.025230
0.025243
0.025256
0.025269
0.025045
0.025270
0.025288
0.025302
0.025316
0.025329
0.025342
0.025355
0.025368
0.025381
0.025394
0.027515
0.027749
0.027767
0.027781
0.027795
0.027809
0.027822
0.027835
0.027848
0.027861
0.027874
0.025944
0.026167
0.026184
0.026199
0.026213
0.026226
0.026239
0.026253
0.026266
0.026279
0.026293
0.025891
0.026121
0.026138
0.026152
0.026166
0.026179
0.026192
0.026205
0.026218
0.026231
0.026244
0.026503
0.026725
0.026753
0.026770
0.026787
0.026803
0.026819
0.026834
0.026850
0.026866
0.026882
0.026488
0.026720
0.026740
0.026757
0.026773
0.026790
0.026806
0.026822
0.026838
0.026854
0.026869
0.052379
0.052608
0.052629
0.052646
0.052663
0.052679
0.052695
0.052715
0.052732
0.052747
0.052762
0.026106
0.026335
0.026352
0.026367
0.026381
0.026394
0.026407
0.026420
0.026433
0.026446
0.026459
0.025232
0.025443
0.025469
0.025483
0.025497
0.025510
0.025524
0.025537
0.025550
0.025563
0.025576
0.025110
0.025328
0.025354
0.025368
0.025382
0.025395
0.025408
0.025421
0.025434
0.025447
0.025460
0.025197
0.025414
0.025441
0.025455
0.025469
0.025483
0.025496
0.025509
0.025522
0.025536
0.025549
0.025938
0.026166
0.026183
0.026197
0.026211
0.026224
0.026237
0.026250
0.026263
0.026276
0.026289
0.026769
0.026995
0.027012
0.027026
0.027040
0.027054
0.027067
0.027080
0.027093
0.027106
0.027119
0.026707
0.026939
0.026957
0.026971
0.026985
0.026998
0.027011
0.027024
0.027037
0.027050
0.027062
0.025112
0.025346
0.025363
0.025378
0.025392
0.025405
0.025418
0.025431
0.025445
0.025457
0.025470
0.026613
0.026845
0.026863
0.026877
0.026891
0.026904
0.026918
0.026931
0.026944
0.026957
0.026970
0.052572
0.052785
0.052801
0.052815
0.052838
0.052851
0.052865
0.052878
0.052890
0.052904
0.052917
0.027734
0.027958
0.027976
0.027991
0.028005
0.028018
0.028031
0.028044
0.028057
0.028070
0.028083
0.027137
0.027376
0.027395
0.027409
0.027423
0.027436
0.027450
0.027463
0.027476
0.027489
0.027502
0.027153
0.027399
0.027417
0.027432
0.027445
0.027459
0.027472
0.027486
0.027499
0.027512
0.027526
0.026190
0.026417
0.026435
0.026449
0.026463
0.026476
0.026490
0.026503
0.026516
0.026529
0.026542
0.025972
0.026204
0.026222
0.026237
0.026250
0.026264
0.026277
0.026290
0.026303
0.026316
0.026329
0.026660
0.026886
0.026904
0.026918
0.026932
0.026945
0.026958
0.026971
0.026984
0.026997
0.027010
0.026828
0.027051
0.027069
0.027083
0.027097
0.027110
0.027123
0.027137
0.027150
0.027164
0.027177
0.025596
0.025812
0.025839
0.025853
0.025866
0.025879
0.025892
0.025905
0.025918
0.025931
0.025943
0.025570
0.025797
0.025814
0.025829
0.025843
0.025856
0.025870
0.025883
0.025896
0.025910
0.025923
0.051582
0.051805
0.051823
0.051837
0.051851
0.051864
0.051877
0.051891
0.051904
0.051917
0.051930
0.027379
0.027604
0.027622
0.027637
0.027650
0.027664
0.027677
0.027691
0.027704
0.027718
0.027731
0.030352
0.030578
0.030606
0.030620
0.030634
0.030647
0.030660
0.030673
0.030686
0.030699
0.030712
0.033025
0.033252
0.033270
0.033285
0.033299
0.033312
0.033326
0.033340
0.033353
0.033366
0.033380
0.031592
0.031824
0.031841
0.031856
0.031869
0.031882
0.031896
0.031909
0.031921
0.031934
0.031947
0.031149
0.031376
0.031393
0.031408
0.031421
0.031435
0.031449
0.031462
0.031475
0.031488
0.031501
0.033227
0.033459
0.033476
0.033490
0.033504
0.033517
0.033530
0.033543
0.033556
0.033569
0.033582
0.032013
0.032250
0.032268
0.032282
0.032296
0.032310
0.032324
0.032337
0.032350
0.032363
0.032377
0.030520
0.030746
0.030763
0.030777
0.030791
0.030804
0.030818
0.030831
0.030844
0.030857
0.030870
0.029779
0.030004
0.030021
0.030036
0.030049
0.030063
0.030076
0.030089
0.030102
0.030115
0.030128
0.052074
0.052285
0.052311
0.052325
0.052339
0.052352
0.052365
0.052378
0.052391
0.052403
0.052416
0.027882
0.028137
0.028159
0.028177
0.028194
0.028211
0.028233
0.028264
0.028281
0.028300
0.028314
0.025772
0.025997
0.026015
0.026029
0.026043
0.026056
0.026070
0.026083
0.026096
0.026109
0.026121
0.025872
0.026097
0.026115
0.026129
0.026143
0.026157
0.026170
0.026183
0.026196
0.026209
0.026222
0.025156
0.025380
0.025397
0.025412
0.025425
0.025439
0.025452
0.025465
0.025478
0.025491
0.025505
0.025471
0.025723
0.025748
0.025777
0.025796
0.025816
0.025836
0.025855
0.025880
0.025900
0.025919
0.027739
0.027968
0.027986
0.028000
0.028016
0.028034
0.028051
0.028066
0.028086
0.028101
0.028118
0.026403
0.026635
0.026655
0.026672
0.026690
0.026705
0.026721
0.026737
0.026752
0.026769
0.026785
0.025835
0.026083
0.026103
0.026120
0.026136
0.026152
0.026168
0.026184
0.026199
0.026215
0.026231
0.026182
0.026405
0.026434
0.026450
0.026468
0.026484
0.026500
0.026516
0.026532
0.026547
0.026564
0.052217
0.052445
0.052467
0.052484
0.052500
0.052516
0.052532
0.052547
0.052563
0.052579
0.052595
0.028014
0.028241
0.028261
0.028278
0.028294
0.028310
0.028326
0.028341
0.028357
0.028372
0.028387
0.027651
0.027870
0.027900
0.027918
0.027935
0.027951
0.027967
0.027983
0.027999
0.028014
0.028030
0.026200
0.026428
0.026448
0.026464
0.026480
0.026496
0.026512
0.026528
0.026544
0.026559
0.026575
0.026151
0.026382
0.026401
0.026418
0.026435
0.026451
0.026468
0.026484
0.026499
0.026515
0.026531
0.026032
0.026265
0.026285
0.026302
0.026318
0.026335
0.026353
0.026369
0.026384
0.026400
0.026417
0.025800
0.026042
0.026075
0.026097
0.026116
0.026130
0.026144
0.026157
0.026170
0.026183
0.026196
0.024997
0.025223
0.025241
0.025255
0.025269
0.025283
0.025295
0.025308
0.025321
0.025334
0.025347
0.024404
0.024629
0.024646
0.024660
0.024674
0.024690
0.024703
0.024716
0.024729
0.024741
0.024754
0.024594
0.024823
0.024840
0.024854
0.024868
0.024881
0.024894
0.024907
0.024920
0.024933
0.024946
0.052385
0.052607
0.052624
0.052639
0.052653
0.052666
0.052679
0.052693
0.052706
0.052719
0.052732
0.025998
0.026216
0.026242
0.026256
0.026270
0.026284
0.026297
0.026310
0.026323
0.026336
0.026349
0.026336
0.026558
0.026575
0.026590
0.026603
0.026617
0.026630
0.026643
0.026656
0.026669
0.026682
0.025991
0.026216
0.026234
0.026248
0.026262
0.026276
0.026289
0.026303
0.026316
0.026329
0.026342
0.025165
0.025392
0.025409
0.025423
0.025437
0.025450
0.025464
0.025477
0.025490
0.025503
0.025516
0.025367
0.025592
0.025610
0.025624
0.025637
0.025651
0.025664
0.025677
0.025691
0.025703
0.025716
0.026284
0.026515
0.026535
0.026551
0.026567
0.026583
0.026599
0.026615
0.026631
0.026647
0.026663
0.025609
0.025839
0.025859
0.025875
0.025891
0.025907
0.025923
0.025939
0.025954
0.025970
0.025986
0.024754
0.024976
0.024995
0.025011
0.025038
0.025054
0.025070
0.025086
0.025101
0.025117
0.025132
0.024900
0.025114
0.025133
0.025159
0.025176
0.025193
0.025209
0.025225
0.025241
0.025262
0.025279
0.052463
0.052691
0.052712
0.052729
0.052746
0.052763
0.052779
0.052795
0.052810
0.052826
0.052842
0.025226
0.025458
0.025477
0.025494
0.025511
0.025527
0.025542
0.025558
0.025574
0.025590
0.025606
0.025552
0.025785
0.025807
0.025822
0.025836
0.025852
0.025865
0.025878
0.025891
0.025906
0.025919
0.025748
0.025970
0.025987
0.026001
0.026015
0.026028
0.026044
0.026063
0.026079
0.026095
0.026110
0.025393
0.025616
0.025647
0.025663
0.025677
0.025691
0.025704
0.025717
0.025730
0.025743
0.025756
0.025273
0.025501
0.025518
0.025533
0.025547
0.025560
0.025574
0.025588
0.025601
0.025614
0.025628
0.025247
0.025471
0.025488
0.025502
0.025516
0.025529
0.025543
0.025556
0.025569
0.025582
0.025595
0.024781
0.025006
0.025023
0.025037
0.025050
0.025064
0.025078
0.025091
0.025104
0.025117
0.025130
0.025095
0.025319
0.025337
0.025351
0.025364
0.025377
0.025390
0.025403
0.025416
0.025429
0.025442
0.028916
0.029142
0.029159
0.029173
0.029186
0.029200
0.029213
0.029226
0.029240
0.029252
0.029265
0.052525
0.052754
0.052772
0.052786
0.052799
0.052812
0.052825
0.052838
0.052850
0.052864
0.052877
0.025187
0.025415
0.025433
0.025448
0.025461
0.025475
0.025488
0.025501
0.025515
0.025527
0.025540
0.025859
0.026082
0.026099
0.026113
0.026127
0.026142
0.026155
0.026167
0.026180
0.026193
0.026206
0.025244
0.025468
0.025485
0.025500
0.025513
0.025526
0.025539
0.025553
0.025565
0.025578
0.025591
0.024720
0.024946
0.024963
0.024978
0.024991
0.025005
0.025017
0.025031
0.025044
0.025057
0.025069
0.024667
0.024898
0.024916
0.024931
0.024945
0.024958
0.024971
0.024985
0.024998
0.025011
0.025024
0.024788
0.025015
0.025033
0.025047
0.025061
0.025074
0.025087
0.025100
0.025113
0.025126
0.025139
0.024229
0.024440
0.024465
0.024479
0.024493
0.024507
0.024520
0.024533
0.024547
0.024560
0.024573
0.024536
0.024755
0.024772
0.024786
0.024800
0.024814
0.024827
0.024840
0.024853
0.024866
0.024879
0.025301
0.025528
0.025546
0.025561
0.025575
0.025588
0.025601
0.025614
0.025627
0.025640
0.025653
0.052345
0.052566
0.052583
0.052598
0.052611
0.052624
0.052638
0.052651
0.052664
0.052677
0.052691
0.026652
0.026876
0.026894
0.026908
0.026922
0.026935
0.026948
0.026961
0.026974
0.026987
0.027000
0.025151
0.025379
0.025396
0.025410
0.025424
0.025437
0.025450
0.025463
0.025476
0.025490
0.025503
0.025733
0.025957
0.025975
0.025990
0.026004
0.026017
0.026031
0.026044
0.026057
0.026070
0.026083
0.026055
0.026280
0.026297
0.026311
0.026325
0.026339
0.026351
