178	501	252	217
197	498	257	221
198	502	259	223
200	507	262	225
202	512	264	227
204	517	267	229
206	522	269	231
208	527	272	234
210	532	274	236
212	537	277	238
214	542	279	240
216	547	282	242
424	507	257	221
444	507	257	221
465	508	257	221
485	509	257	221
506	510	257	221
527	511	257	221
547	511	257	221
568	512	257	221
588	513	257	221
609	514	257	221
630	515	257	221
613	512	257	221
633	512	257	221
651	513	257	221
669	513	257	221
688	514	257	221
706	515	257	221
724	515	257	221
743	516	257	221
761	516	257	221
780	517	257	221
798	518	257	221
680	507	267	230
698	507	267	230
708	507	267	230
719	507	268	231
730	507	268	231
741	507	269	232
751	507	269	232
762	507	270	233
773	507	270	233
784	507	271	234
794	506	272	234
710	494	257	221
720	493	257	221
726	493	257	221
731	492	256	220
737	491	256	220
742	490	256	220
747	490	256	220
753	489	255	219
758	488	255	219
764	487	255	219
769	486	254	219
689	490	257	221
694	489	256	220
695	488	256	220
695	488	256	220
696	487	256	220
697	486	256	220
697	486	255	219
698	485	255	219
699	485	255	219
699	484	255	219
700	484	255	219
671	480	251	216
671	479	250	215
670	478	250	215
669	477	250	215
668	477	249	214
667	476	249	214
666	475	248	214
665	474	248	213
664	474	248	213
663	473	247	213
662	472	247	212
644	468	242	208
642	467	241	207
641	466	240	207
639	465	240	206
637	464	239	205
635	463	238	205
633	462	238	204
631	461	237	204
629	460	236	203
627	459	236	203
625	458	235	202
628	456	242	208
626	455	241	207
624	453	241	207
622	452	240	206
620	451	240	206
619	450	240	206
617	449	239	206
615	448	239	205
613	447	239	205
612	446	239	205
610	445	238	205
629	456	232	200
627	454	231	199
626	454	231	199
626	454	230	198
625	453	229	198
624	453	229	197
624	452	228	197
623	452	227	196
623	452	227	196
622	451	226	195
621	451	225	195
634	466	237	204
633	465	236	203
633	466	236	203
633	466	236	203
633	466	236	203
633	467	236	203
633	467	236	203
634	468	236	203
634	468	236	203
634	469	236	203
634	469	236	203
664	472	242	208
664	472	242	208
665	472	242	208
667	473	242	208
669	474	242	208
671	474	243	209
672	475	243	209
674	475	243	209
676	476	244	209
678	476	244	210
679	477	244	210
672	476	251	216
673	476	251	216
674	476	251	216
676	477	252	217
677	477	253	217
678	478	253	218
679	478	254	219
681	479	255	219
682	479	255	220
683	480	256	220
684	480	257	221
705	468	242	208
706	468	242	208
708	468	242	208
710	467	242	208
713	467	241	207
715	467	241	207
717	467	241	207
719	466	241	207
722	466	241	207
724	466	240	206
726	465	240	206
713	476	232	200
715	475	231	199
716	476	231	199
718	476	230	198
719	476	229	198
720	476	228	197
722	477	228	196
723	477	227	196
725	477	226	195
726	478	226	195
727	478	225	194
721	472	232	200
722	472	231	199
723	472	231	199
724	472	230	198
725	472	230	198
726	471	230	198
727	471	229	198
728	471	229	197
728	471	229	197
729	471	228	197
730	471	228	197
668	443	242	208
668	442	241	207
666	441	242	208
663	439	242	208
661	437	243	208
658	436	243	209
655	434	244	209
653	432	244	209
650	431	244	210
648	429	245	210
645	428	245	211
610	452	232	200
607	450	232	200
602	450	232	200
598	449	231	199
594	449	231	199
589	449	231	199
585	449	230	199
580	448	230	198
576	448	230	198
571	448	229	198
567	448	229	197
581	452	223	192
576	451	222	191
573	451	221	191
569	451	221	190
566	451	220	189
562	451	219	189
559	451	219	188
555	451	218	188
552	451	217	187
549	451	217	187
545	451	216	186
571	448	215	185
567	447	214	184
565	447	213	183
563	447	212	183
562	447	212	182
560	447	211	181
558	446	210	181
556	446	209	180
554	446	209	179
552	446	208	179
551	446	207	178
583	449	206	178
581	448	205	177
581	448	204	176
581	448	203	176
581	448	202	175
581	448	202	174
581	448	201	174
581	448	200	173
581	448	199	172
581	448	198	172
581	448	198	171
590	435	206	178
590	434	205	177
590	434	204	177
591	433	204	176
591	432	204	176
592	431	203	176
592	431	203	176
593	430	203	175
593	429	203	175
594	428	202	175
594	427	202	175
607	412	198	171
607	411	197	170
608	409	197	170
609	407	196	169
611	406	196	169
612	404	195	168
613	403	195	168
614	401	194	167
615	399	193	167
616	398	193	167
618	396	192	166
568	380	206	178
569	378	205	177
567	375	205	177
565	373	205	177
564	371	206	178
562	368	206	178
560	366	206	178
559	363	206	178
557	361	207	178
555	358	207	179
554	356	207	179
597	382	202	174
595	379	202	174
596	378	202	174
596	377	202	173
597	376	201	173
598	375	201	173
599	375	201	173
600	374	201	173
600	373	201	173
601	372	201	173
602	371	201	173
615	390	206	178
615	389	205	177
617	389	206	178
618	389	206	178
620	389	206	178
621	389	206	178
623	390	206	178
624	390	206	178
625	390	207	179
627	390	207	179
628	390	207	179
650	387	198	171
651	387	198	171
653	387	197	170
656	387	197	170
659	387	197	170
661	387	196	169
664	387	196	169
666	386	195	169
669	386	195	168
671	386	195	168
674	386	194	168
719	426	198	171
721	425	197	170
726	428	197	170
731	430	197	170
736	432	197	170
741	434	196	170
745	436	196	169
750	438	196	169
755	440	196	169
760	443	196	169
765	445	196	169
803	449	190	164
807	451	189	163
814	453	189	163
821	455	188	162
827	457	188	162
834	460	187	162
841	462	187	161
848	464	186	161
854	466	186	160
861	468	185	160
868	471	185	159
819	406	183	158
825	408	182	157
829	406	181	157
832	405	181	156
836	403	180	156
840	402	180	155
843	400	179	154
847	399	178	154
850	397	178	153
854	396	177	153
858	394	177	152
743	378	183	158
746	376	182	157
743	374	182	157
740	371	181	157
737	369	181	156
734	367	181	156
731	364	181	156
728	362	180	156
725	360	180	156
722	357	180	155
719	355	180	155
719	402	176	151
716	399	175	150
713	399	175	150
710	400	174	149
707	400	174	149
704	401	173	148
701	401	173	148
698	401	172	148
695	402	172	147
693	402	172	147
690	402	171	146
703	415	172	148
700	415	171	147
698	416	171	147
696	417	170	146
694	418	170	146
692	419	169	146
690	420	169	145
688	421	169	145
686	422	168	145
684	423	168	144
682	424	167	144
705	403	169	146
702	404	168	145
702	403	168	145
701	403	167	145
701	403	167	144
700	403	167	144
699	402	166	144
699	402	166	144
698	402	166	143
698	402	165	143
697	401	165	143
657	391	166	143
656	390	165	142
653	389	165	142
650	389	165	142
647	388	164	141
645	387	164	141
642	386	164	141
639	385	163	141
636	384	163	140
633	384	163	140
630	383	163	140
698	372	169	146
695	371	168	145
696	369	168	145
697	368	168	145
698	366	168	145
699	365	168	146
700	364	168	146
701	362	169	146
702	361	169	146
703	359	169	146
704	358	169	146
713	345	172	148
714	343	172	148
715	341	172	148
716	339	172	148
718	337	172	148
719	335	172	148
721	333	173	148
722	331	173	148
724	329	173	149
725	326	173	149
727	324	173	149
605	378	166	143
606	375	166	143
601	376	165	142
595	377	165	142
590	378	165	142
584	379	165	142
579	380	164	142
574	381	164	141
568	382	164	141
563	383	164	141
557	384	164	141
635	381	159	137
629	381	158	136
628	382	158	136
627	383	157	135
627	384	157	135
626	384	156	135
625	385	156	134
624	386	155	134
623	387	155	133
622	387	154	133
622	388	154	132
633	371	153	132
632	371	152	131
631	371	151	131
631	371	151	130
631	370	150	130
631	370	150	129
631	370	149	129
631	369	149	128
630	369	148	128
630	369	148	127
630	369	147	127
610	363	153	132
609	362	152	131
608	362	152	131
607	361	152	131
605	360	151	130
604	360	151	130
603	359	151	130
601	359	151	130
600	358	150	130
599	357	150	130
598	357	150	129
590	358	153	132
588	357	152	131
587	356	152	131
585	356	152	131
583	355	152	131
581	355	152	131
580	354	152	131
578	354	152	131
576	353	152	131
575	353	152	131
573	352	152	131
582	354	156	134
580	353	155	133
579	353	156	134
578	352	156	134
576	352	156	134
575	351	156	134
574	351	156	134
573	350	156	134
572	350	156	134
571	350	157	134
570	349	157	134
588	351	150	129
586	350	150	129
586	350	149	128
586	349	149	128
586	349	149	128
586	349	149	128
586	348	148	127
586	348	148	127
586	348	148	127
586	347	148	127
586	347	147	127
609	349	144	124
608	348	143	123
610	348	143	123
611	348	142	122
612	347	142	122
613	347	141	122
614	347	141	121
616	347	140	121
617	347	140	121
618	346	140	120
619	346	139	120
620	350	141	122
621	349	140	121
622	349	140	121
623	349	139	121
624	349	139	120
625	349	139	120
626	349	138	120
628	349	138	119
629	349	138	119
630	349	137	119
631	349	137	119
624	350	147	127
625	349	146	126
625	349	146	126
626	349	147	127
627	349	147	127
627	349	147	127
628	349	147	127
629	349	147	127
629	349	148	127
630	349	148	128
631	349	148	128
628	354	141	122
628	353	141	122
629	354	140	121
629	354	140	121
630	354	140	121
630	354	140	121
630	355	140	121
631	355	139	121
631	355	139	120
632	355	139	120
632	356	139	120
619	363	141	122
619	363	140	121
619	363	140	121
618	364	140	121
618	365	140	121
618	365	140	121
617	366	140	121
617	366	140	121
617	367	139	121
616	368	139	121
616	368	139	120
610	361	136	117
609	361	135	116
608	361	135	116
608	361	135	116
607	362	134	115
606	362	134	115
606	362	134	115
605	362	134	115
604	362	133	114
604	362	133	114
603	362	133	114
604	369	136	117
603	369	135	116
602	369	135	116
602	370	135	116
601	370	135	116
600	371	135	116
600	371	135	116
599	371	134	115
599	372	134	115
598	372	134	115
597	373	134	115
621	368	139	119
620	368	138	118
621	368	138	118
621	368	139	119
622	368	139	119
623	369	139	119
623	369	139	119
624	369	139	119
625	369	139	119
626	369	139	119
626	369	139	119
657	369	136	117
657	369	136	117
660	369	136	116
662	369	135	116
664	369	135	116
667	369	135	116
669	369	135	116
671	369	135	116
674	369	135	116
676	369	135	116
678	370	135	116
701	389	131	112
703	389	130	111
706	390	130	111
710	391	130	111
713	392	129	110
717	393	129	110
720	394	129	110
724	395	128	110
727	397	128	109
730	398	128	109
734	399	127	109
710	390	126	108
713	391	125	107
715	391	125	107
717	392	124	106
719	392	124	106
721	393	123	106
722	393	123	105
724	394	123	105
726	395	122	105
728	395	122	104
730	396	121	104
695	393	123	106
696	393	122	105
696	393	122	105
696	394	121	105
696	394	121	104
696	394	121	104
696	395	120	104
695	395	120	104
695	396	120	103
695	396	119	103
695	396	119	103
665	389	118	102
664	389	117	101
662	389	117	101
661	389	116	101
659	389	116	100
657	388	116	100
655	388	115	100
653	388	115	99
651	388	114	99
650	388	114	99
648	388	114	98
627	392	121	104
625	391	120	103
622	392	120	103
619	392	120	103
616	392	120	103
613	392	120	103
610	392	120	103
607	392	120	103
604	392	120	103
601	392	120	103
598	392	120	103
602	388	126	108
599	388	126	107
596	387	126	108
593	387	126	108
591	387	126	108
588	387	127	108
586	387	127	109
583	387	127	109
580	386	128	109
578	386	128	109
575	386	128	110
588	391	128	110
585	390	128	110
583	390	128	110
581	390	128	110
580	391	129	110
578	391	129	111
576	391	129	111
574	391	129	111
573	391	130	111
571	391	130	111
569	391	130	112
621	397	123	106
619	397	123	106
620	397	123	106
621	397	122	105
622	398	122	105
623	398	122	105
625	398	122	105
626	399	122	105
627	399	121	105
628	400	121	105
629	400	121	104
679	398	126	108
680	398	125	107
684	398	125	107
687	398	125	107
691	399	126	107
695	399	126	108
699	399	126	108
703	399	126	108
707	399	126	108
710	400	126	108
714	400	126	108
740	412	128	110
743	412	128	110
748	413	128	110
753	413	128	110
758	414	128	110
763	415	128	110
769	416	128	110
774	417	128	110
779	418	129	110
784	419	129	111
789	419	129	111
796	417	126	108
801	417	126	108
806	418	126	108
811	419	126	108
816	419	126	107
821	420	125	107
826	421	125	107
831	421	125	107
836	422	125	107
842	423	125	107
847	423	125	107
815	425	126	108
820	425	125	107
823	426	125	107
826	427	125	107
829	427	125	107
832	428	125	107
835	429	125	107
838	429	125	107
841	430	125	107
844	431	125	107
847	431	125	107
799	422	128	110
802	422	127	109
802	422	128	110
802	422	128	110
802	422	128	110
802	423	128	110
803	423	128	110
803	423	128	110
803	423	128	110
803	423	128	110
803	423	128	110
765	423	131	112
765	423	131	112
763	423	131	112
761	423	131	112
759	423	131	112
757	423	131	112
755	423	132	112
753	423	132	113
751	423	132	113
749	423	132	113
747	423	133	113
698	418	136	117
696	418	136	117
691	417	136	117
686	417	136	117
682	417	137	118
677	417	137	118
673	416	138	118
668	416	138	119
663	416	138	119
659	416	139	119
654	415	139	120
648	416	131	112
643	415	131	112
638	415	131	112
633	415	131	112
629	415	130	111
624	414	130	111
619	414	130	111
615	414	130	111
610	414	130	111
605	413	130	111
600	413	130	111
604	419	136	117
599	418	135	116
594	418	136	117
590	418	136	117
586	419	136	117
582	419	136	117
577	419	136	117
573	419	137	118
569	419	137	118
564	419	137	118
560	419	137	118
571	419	131	112
566	419	131	112
563	419	131	112
559	419	130	111
556	419	130	111
552	419	130	111
549	419	130	111
545	419	130	111
542	419	129	110
538	419	129	110
535	419	129	110
507	429	136	117
503	429	135	116
498	429	136	117
493	430	136	117
488	430	136	117
484	431	136	117
479	431	136	117
474	432	136	117
469	433	137	118
464	433	137	118
459	434	137	118
457	424	141	122
452	424	141	122
447	424	141	122
442	424	141	122
437	424	142	123
433	424	142	123
428	424	143	124
423	424	143	124
418	424	143	124
414	424	144	125
409	424	144	125
446	440	136	117
441	439	136	117
438	440	136	117
436	441	136	117
433	442	136	117
431	443	135	116
428	444	135	116
426	445	135	116
424	445	135	116
421	446	135	116
419	447	135	116
463	453	133	115
460	453	132	114
460	454	132	114
460	456	132	114
460	457	132	114
460	458	131	114
461	459	131	113
461	460	131	113
461	461	131	113
461	462	130	113
461	463	130	113
517	465	128	110
517	466	127	109
520	467	127	109
523	468	127	109
526	469	126	108
529	470	126	108
533	471	125	108
536	472	125	107
539	473	125	107
542	474	124	106
545	476	124	106
582	484	131	112
585	485	130	111
590	486	130	111
595	488	130	111
600	489	130	111
605	491	130	111
610	492	130	111
615	494	130	111
620	495	130	111
625	496	130	111
630	498	130	111
648	501	136	117
653	502	136	116
658	504	136	117
664	505	136	117
670	507	136	117
675	508	137	118
681	510	137	118
687	511	137	118
693	513	138	118
698	514	138	119
704	516	138	119
698	508	139	119
703	509	139	119
708	510	139	119
713	511	139	119
718	512	140	119
723	513	140	120
728	514	140	120
733	515	141	120
739	516	141	120
744	517	141	121
749	518	142	121
685	503	144	124
690	504	144	124
691	504	144	124
692	504	145	124
693	504	145	125
694	504	145	125
696	504	146	126
697	504	146	126
698	504	147	126
699	504	147	127
700	504	147	127
648	519	141	122
649	519	141	122
647	519	141	122
645	520	141	122
643	521	141	122
642	522	141	122
640	523	141	122
638	524	141	122
636	525	141	122
634	526	141	122
633	526	141	122
616	502	147	127
614	502	146	127
611	502	147	127
608	501	147	127
606	501	147	127
603	500	148	128
600	500	148	128
598	499	148	128
595	498	149	128
593	498	149	129
590	497	149	129
591	500	150	129
588	499	150	129
585	499	150	129
583	498	150	129
580	498	151	129
578	497	151	130
576	497	151	130
573	496	152	130
571	496	152	130
568	496	152	131
566	495	153	131
558	496	153	132
555	495	153	132
552	495	153	132
549	494	153	132
547	494	154	132
544	494	154	133
541	493	154	133
538	493	155	133
536	492	155	134
533	492	155	134
530	492	155	134
512	479	156	134
509	478	156	134
505	477	156	134
501	476	156	134
498	475	157	134
494	474	157	135
490	473	157	135
487	472	157	135
483	471	158	135
479	469	158	135
476	468	158	136
447	481	163	140
443	479	163	140
438	479	163	140
433	479	164	141
428	478	164	141
423	478	165	141
417	478	165	142
412	477	166	142
407	477	166	143
402	477	167	143
397	476	167	143
384	467	169	146
378	466	169	146
373	465	170	146
367	464	170	147
362	464	171	147
356	463	171	148
351	462	172	148
345	461	172	149
340	460	173	149
334	459	173	150
328	458	174	150
359	460	172	148
353	459	172	148
349	458	172	148
346	457	173	149
342	456	173	149
339	456	174	149
335	455	174	150
331	454	174	150
328	453	175	150
324	453	175	151
321	452	175	151
374	462	172	148
370	461	172	148
369	461	172	148
369	460	172	148
369	460	172	148
368	460	172	148
368	460	173	148
367	460	173	148
367	459	173	149
366	459	173	149
366	459	173	149
445	460	179	154
444	459	179	154
448	459	179	154
452	459	179	154
456	459	180	155
460	459	180	155
464	459	181	155
468	458	181	156
472	458	182	156
476	458	182	157
479	458	182	157
495	461	183	158
498	460	183	158
503	460	183	158
508	460	184	159
512	460	184	159
517	460	185	159
521	460	185	160
526	460	185	160
530	460	186	161
535	460	186	161
539	460	187	161
565	459	187	161
569	459	187	161
575	458	187	161
580	458	188	162
586	458	188	162
592	458	188	162
598	458	189	162
603	458	189	163
609	458	190	163
615	458	190	163
620	458	190	164
628	466	187	161
633	465	187	161
639	466	187	161
645	466	187	161
651	466	187	161
656	467	187	161
662	467	188	161
668	467	188	162
674	468	188	162
679	468	188	162
685	468	188	162
698	482	183	158
703	482	183	158
709	483	182	157
716	484	182	157
722	485	182	157
728	486	182	157
734	487	182	157
740	488	182	157
746	489	181	157
752	490	181	157
759	491	181	156
792	495	190	164
798	496	189	163
805	497	190	164
813	498	190	164
821	499	190	164
828	500	191	164
836	501	191	165
843	503	191	165
851	504	191	165
859	505	192	166
866	506	192	166
830	490	194	167
837	491	194	167
842	491	194	167
847	491	195	167
853	491	195	168
858	491	195	168
863	492	196	168
868	492	196	169
873	492	196	169
878	492	197	169
884	492	197	169
860	485	190	164
865	485	190	164
868	484	190	164
872	484	190	164
875	484	190	164
879	484	190	164
882	483	189	164
886	483	189	163
889	483	189	163
893	483	189	163
897	482	189	163
853	469	187	161
856	468	186	160
857	467	186	160
858	466	186	160
859	465	186	160
860	464	186	160
861	463	185	159
861	462	185	159
862	461	185	159
863	460	185	159
864	459	184	159
769	446	187	161
769	444	186	160
765	443	186	160
761	441	186	160
756	439	186	160
752	438	186	160
747	436	186	160
743	434	186	160
738	432	186	160
734	431	186	160
729	429	185	159
853	430	194	167
848	428	193	166
851	426	194	167
853	425	194	167
856	423	194	167
858	421	195	168
861	420	195	168
864	418	196	168
866	417	196	169
869	415	196	169
872	413	197	169
848	411	187	161
850	409	187	161
851	407	187	161
852	406	186	160
854	404	186	160
855	402	186	160
856	401	186	160
857	399	186	160
858	397	185	159
859	396	185	159
860	394	185	159
709	379	183	158
710	377	182	157
702	374	182	157
695	372	182	157
688	370	181	157
680	367	181	156
673	365	181	156
666	362	180	156
658	360	180	155
651	357	180	155
644	355	179	155
553	394	183	158
545	391	182	157
533	391	182	157
521	391	182	157
509	391	182	157
497	390	182	157
485	390	181	157
473	390	181	157
461	390	181	156
449	390	181	156
437	390	181	156
517	392	187	161
504	391	186	160
498	391	187	161
491	391	187	161
484	391	187	161
477	391	187	161
470	391	187	161
463	391	187	161
456	391	188	161
449	391	188	161
442	391	188	162
520	389	194	167
513	388	194	167
510	388	194	167
508	388	195	167
506	388	195	168
504	388	196	168
501	388	196	169
499	387	197	169
497	387	197	169
495	387	197	170
492	387	198	170
558	404	190	164
555	403	190	164
557	404	190	164
558	405	190	164
560	406	190	164
561	406	190	164
563	407	190	164
564	408	190	164
566	409	190	164
567	409	190	164
569	410	190	164
598	422	183	158
599	422	182	158
602	424	182	157
605	425	182	157
608	426	181	156
611	428	181	156
614	429	180	156
617	430	180	155
620	432	180	155
623	433	179	155
626	434	179	154
643	445	187	161
646	446	186	160
649	448	186	160
653	450	186	160
657	451	186	160
661	453	186	160
664	455	186	160
668	457	186	160
672	459	186	160
676	461	186	160
679	462	186	160
711	484	194	167
714	485	194	167
720	488	194	167
725	491	194	167
730	494	195	168
735	497	195	168
741	500	196	168
746	503	196	169
751	506	197	169
756	509	197	169
762	511	197	170
792	562	202	174
797	564	202	174
803	570	203	174
810	575	203	175
817	581	204	175
823	586	204	176
830	592	205	177
837	598	206	177
843	603	206	178
850	609	207	178
856	614	208	179
854	520	198	171
860	525	198	171
866	525	198	171
872	525	198	171
878	525	198	171
885	525	198	171
891	525	198	171
897	525	198	171
903	525	198	171
909	525	198	172
915	525	198	172
802	431	202	174
808	431	202	174
807	425	202	174
807	420	202	174
806	415	202	174
806	409	202	174
805	404	203	174
804	399	203	175
804	394	203	175
803	388	203	175
803	383	203	175
641	340	198	171
640	334	198	171
631	327	198	171
621	319	197	170
611	312	197	170
602	305	197	170
592	297	197	170
583	290	197	170
573	282	197	170
564	275	197	170
554	268	197	170
581	459	198	171
571	451	197	170
563	455	197	170
556	458	197	170
548	462	197	170
541	465	197	170
533	469	197	170
526	473	197	170
518	476	197	170
511	480	197	170
503	483	197	170
642	324	206	178
634	327	205	177
634	322	206	178
635	316	206	178
636	311	207	179
636	305	207	179
637	300	208	179
637	294	208	180
638	289	208	180
638	283	209	180
639	278	209	181
663	321	206	178
663	315	206	178
665	312	206	178
667	309	206	178
669	307	206	178
670	304	207	179
672	301	207	179
674	298	207	179
676	295	207	179
678	293	207	179
680	290	208	179
655	312	210	181
656	309	210	181
657	307	210	181
657	306	210	181
657	304	211	181
658	303	211	182
658	301	211	182
658	300	211	182
659	299	212	182
659	297	212	182
659	296	212	183
644	309	210	181
644	307	210	181
643	306	210	181
643	306	210	181
642	305	210	181
642	304	210	181
641	304	210	181
640	303	210	181
640	302	211	181
639	302	211	181
639	301	211	182
638	322	202	174
637	321	202	174
636	321	201	173
636	322	201	173
635	322	200	173
635	323	200	172
634	323	200	172
633	324	199	171
633	324	199	171
632	325	198	171
632	325	198	170
633	323	198	171
632	323	197	170
631	323	197	170
631	324	196	169
630	324	196	169
630	324	195	169
629	325	195	168
629	325	195	168
628	325	194	168
628	326	194	167
627	326	193	167
605	332	194	167
604	332	193	166
602	332	193	166
600	333	192	165
599	334	192	165
597	334	192	165
595	335	191	164
594	335	191	164
592	336	190	164
590	337	190	163
588	337	190	163
671	361	194	167
669	361	193	166
672	363	193	166
675	365	193	166
677	367	193	166
680	369	193	166
683	370	192	165
686	372	192	165
689	374	192	165
692	376	192	165
695	378	192	165
833	409	202	174
835	410	201	173
846	414	202	174
856	417	202	174
867	421	203	174
877	424	203	175
887	428	203	175
898	431	204	175
908	435	204	176
918	438	205	176
929	441	205	176
691	440	210	181
701	443	210	181
698	446	211	181
694	449	211	182
691	452	212	182
687	456	212	183
684	459	213	184
681	462	214	184
677	465	214	185
674	468	215	185
670	471	216	186
621	312	219	188
617	315	219	188
611	309	220	189
605	303	221	189
599	297	221	190
593	291	222	191
587	285	223	191
581	279	224	192
575	274	224	192
569	268	225	193
563	262	226	194
619	308	210	181
612	302	210	181
610	299	210	181
607	296	210	181
605	293	210	181
602	289	209	181
600	286	209	180
597	283	209	180
594	280	209	180
592	277	209	180
589	274	208	180
590	317	206	178
587	313	205	177
584	313	205	177
582	312	205	177
580	312	204	177
577	311	204	176
575	311	204	176
572	310	203	176
570	310	203	175
567	309	202	175
565	309	202	175
562	314	206	178
559	313	205	177
557	313	205	177
554	313	205	177
552	312	205	177
549	312	205	177
547	312	204	177
544	312	204	177
542	311	204	176
539	311	204	176
537	311	204	176
543	319	202	174
540	318	201	173
538	318	201	173
536	319	201	173
534	319	201	173
532	319	200	172
530	319	200	172
528	319	200	172
526	320	199	172
524	320	199	171
522	320	199	171
521	317	206	178
518	317	205	177
516	317	205	177
515	317	205	177
513	317	206	178
511	317	206	178
509	317	206	178
507	317	206	178
505	317	206	178
503	317	206	178
501	317	206	178
498	324	198	171
496	323	198	171
493	324	197	170
491	324	197	170
489	325	196	170
487	325	196	169
485	325	196	169
483	326	195	169
481	326	195	168
479	326	195	168
477	327	194	168
471	320	198	171
468	320	197	170
466	320	197	170
464	320	197	170
462	320	197	170
459	320	196	170
457	320	196	169
455	320	196	169
452	319	196	169
450	319	196	169
448	319	196	169
459	333	190	164
456	332	189	163
455	333	189	163
453	334	188	162
451	334	188	162
450	335	187	162
448	336	187	161
447	336	186	161
445	337	186	160
444	338	185	160
442	339	185	159
447	340	183	158
445	340	182	157
444	341	181	157
442	342	181	156
441	342	180	156
440	343	180	155
439	344	179	154
437	344	178	154
436	345	178	153
435	346	177	153
434	346	177	152
438	346	183	158
436	346	182	157
435	347	182	157
434	347	181	157
433	348	181	156
432	349	181	156
431	349	181	156
430	350	180	156
430	350	180	156
429	351	180	155
428	352	180	155
430	361	176	151
429	361	175	150
428	362	175	150
427	363	174	149
426	364	174	149
425	365	173	148
425	366	173	148
424	367	172	148
423	369	172	147
422	370	172	147
421	371	171	146
430	375	169	146
429	376	168	145
428	377	167	145
428	378	167	144
428	379	166	144
427	380	166	143
427	382	165	143
427	383	165	142
427	384	164	142
426	385	163	141
426	387	163	141
436	383	163	140
435	384	162	139
435	385	161	139
436	386	161	138
436	386	160	137
436	387	160	137
436	388	159	136
437	389	159	136
437	390	158	135
437	391	157	135
437	392	157	134
433	384	159	137
433	384	158	136
433	385	157	136
433	385	157	135
433	386	157	135
433	386	156	135
433	386	156	134
432	387	155	134
432	387	155	133
432	388	154	133
432	388	154	133
422	396	156	134
421	396	155	133
421	397	155	133
420	397	154	133
420	398	154	132
419	399	154	132
418	400	153	132
418	401	153	131
417	401	153	131
416	402	152	131
416	403	152	130
409	398	156	134
408	398	155	133
407	399	155	133
406	399	155	133
405	400	155	133
404	400	155	133
403	401	155	133
402	401	154	133
401	401	154	132
400	402	154	132
399	402	154	132
407	409	150	129
405	409	149	128
405	410	149	128
404	410	149	128
404	411	148	127
403	412	148	127
403	413	148	127
402	414	147	127
402	414	147	126
401	415	146	126
401	416	146	126
408	416	153	132
407	416	152	131
407	417	152	131
407	418	152	131
407	418	152	131
406	419	152	131
406	420	152	131
406	420	152	131
406	421	152	131
406	422	152	131
406	423	152	131
416	424	159	137
415	424	159	137
416	425	159	137
416	426	159	137
417	426	160	137
417	427	160	138
417	428	160	138
418	428	161	138
418	429	161	139
419	430	161	139
419	431	162	139
439	436	163	140
439	436	163	140
440	437	163	140
442	438	164	140
443	439	164	141
445	440	164	141
446	441	165	141
448	442	165	142
449	443	166	142
451	444	166	142
452	445	166	143
465	442	169	146
466	442	169	146
468	443	169	146
470	444	170	147
472	445	170	147
474	445	171	148
476	446	171	148
478	447	172	149
480	447	172	149
483	448	173	149
485	449	173	150
499	451	176	151
501	451	176	151
503	452	177	151
506	453	177	152
509	454	178	152
511	454	178	153
514	455	179	153
517	456	179	154
520	457	180	154
522	457	181	155
525	458	181	155
551	453	179	154
553	453	179	154
557	454	179	154
561	454	180	155
565	455	180	155
569	455	181	155
573	455	181	156
577	456	181	156
581	456	182	156
585	457	182	157
589	457	183	157
586	460	183	158
589	460	183	158
593	460	183	158
597	461	184	159
600	461	184	159
604	462	184	159
607	463	185	160
611	463	185	160
614	464	185	160
618	464	186	161
622	465	186	161
618	454	190	164
621	454	190	164
624	454	190	164
627	454	191	165
630	454	191	165
634	454	192	166
637	453	193	166
640	453	193	167
643	453	194	167
646	453	194	168
649	453	195	168
621	463	190	164
624	462	190	164
625	463	190	164
626	463	190	164
628	464	191	165
629	464	191	165
630	464	191	165
632	465	191	165
633	465	192	165
635	466	192	165
636	466	192	166
619	465	187	161
620	465	187	161
620	465	187	161
621	466	187	160
621	466	186	160
621	466	186	160
621	466	186	160
622	467	186	160
622	467	186	160
622	467	186	160
623	468	186	160
599	472	194	167
599	472	193	166
598	472	194	167
597	473	194	167
596	473	194	167
595	474	195	167
594	474	195	168
593	475	195	168
592	475	196	168
590	476	196	169
589	476	196	169
582	476	202	174
580	476	202	174
579	476	202	174
578	477	203	175
576	477	204	175
575	478	204	176
573	478	205	176
572	479	205	177
570	479	206	177
569	479	207	178
568	480	207	178
549	483	210	181
547	483	210	181
545	483	211	182
542	484	211	182
540	485	212	183
537	485	213	183
535	486	214	184
533	486	214	185
530	487	215	185
528	487	216	186
525	488	216	186
527	483	219	188
524	483	219	188
522	483	220	189
520	483	221	189
517	484	222	190
515	484	222	191
513	484	223	191
511	484	224	192
509	485	225	193
506	485	225	193
504	485	226	194
488	482	223	192
485	482	223	192
482	482	224	193
479	482	224	193
476	482	225	194
473	482	225	194
470	482	226	194
467	482	226	195
464	482	227	195
461	482	228	196
458	482	228	196
462	474	223	192
458	474	223	192
456	473	223	192
453	473	223	192
450	472	224	192
448	472	224	193
445	471	224	193
443	471	224	193
440	470	224	193
437	470	225	193
435	469	225	194
434	471	232	200
431	470	232	200
428	470	232	200
426	469	233	201
423	469	233	201
421	469	234	202
418	468	234	202
415	468	235	203
413	467	236	203
410	467	236	204
408	467	237	204
414	467	242	208
411	466	242	208
409	466	243	209
407	465	244	209
405	465	244	210
402	465	245	211
400	464	246	211
398	464	247	212
396	464	248	213
394	463	248	213
392	463	249	214
422	441	251	216
419	440	251	216
419	439	252	217
419	437	253	218
418	435	254	218
418	434	255	219
418	432	255	220
417	431	256	220
417	429	257	221
417	427	258	222
416	426	259	223
427	446	242	208
426	444	242	208
426	443	242	208
427	443	242	208
427	443	242	208
427	442	242	208
427	442	241	207
428	441	241	207
428	441	241	207
428	441	241	207
428	440	241	207
418	416	251	216
418	415	250	215
417	413	251	216
417	412	251	216
417	410	251	216
416	408	252	217
416	406	252	217
416	405	253	217
415	403	253	218
415	401	253	218
414	399	254	218
420	406	247	212
419	404	247	212
419	402	247	212
419	401	247	212
419	400	247	212
419	398	247	212
419	397	247	212
419	396	247	211
419	395	247	211
419	393	247	211
419	392	246	211
419	405	242	208
418	403	241	207
418	403	241	207
418	402	241	207
418	402	241	207
418	401	240	206
418	400	240	206
418	400	240	206
418	399	239	206
418	399	239	205
418	398	239	205
412	399	247	212
411	398	246	211
411	397	246	211
411	397	246	211
410	396	247	212
410	396	247	212
409	395	247	212
409	395	247	212
409	394	247	212
408	394	247	212
408	393	247	212
425	415	237	204
424	414	237	204
425	415	236	203
425	415	236	203
426	416	235	202
426	417	235	202
427	417	234	202
427	418	234	201
428	419	233	201
428	420	233	201
429	420	232	200
412	415	247	212
412	415	246	211
412	416	246	211
411	416	247	212
411	416	247	212
410	417	247	212
410	417	248	212
409	417	248	213
409	418	248	213
408	418	249	213
408	418	249	214
441	407	237	204
440	407	237	204
441	407	236	203
443	406	236	203
444	406	236	203
446	406	235	203
447	405	235	202
448	405	235	202
450	405	234	202
451	404	234	201
452	404	233	201
515	395	228	196
516	394	227	195
521	393	226	195
525	393	226	194
530	392	225	193
535	391	224	193
540	390	224	192
544	389	223	192
549	388	222	191
554	388	222	190
559	387	221	190
573	390	223	192
577	389	222	191
582	388	221	190
588	387	221	190
593	387	220	189
598	386	220	189
604	386	219	189
609	385	218	188
614	384	218	188
619	384	217	187
625	383	217	187
588	402	215	185
593	401	214	184
596	401	213	183
599	402	213	183
602	402	212	182
604	403	211	182
607	403	211	181
610	403	210	181
613	404	209	180
616	404	209	180
619	405	208	179
589	408	206	178
591	408	205	177
592	408	204	176
594	409	203	176
595	410	203	175
596	410	202	174
597	411	201	174
598	411	200	173
599	412	200	173
600	412	199	172
601	413	198	171
575	430	202	174
576	430	201	173
575	431	200	172
575	433	200	172
574	434	199	171
574	436	199	171
573	437	198	171
573	439	198	170
572	440	197	170
572	442	197	169
571	443	196	169
561	437	202	174
560	438	201	173
559	439	201	173
558	440	201	173
557	441	200	173
556	442	200	172
555	443	200	172
554	444	200	172
553	445	200	172
552	446	199	172
551	447	199	171
547	433	202	174
545	434	201	173
544	434	201	173
543	434	201	173
542	434	201	173
541	434	201	173
539	434	201	173
538	434	201	173
537	435	201	173
536	435	201	173
535	435	201	173
544	437	194	167
542	437	193	166
542	437	193	166
541	437	193	166
540	437	192	165
540	438	192	165
539	438	191	164
538	438	191	164
538	438	190	164
537	438	190	163
536	439	189	163
529	437	187	161
528	437	186	160
527	437	185	160
526	437	185	159
525	437	184	159
524	437	184	158
523	437	183	158
522	437	183	157
520	437	182	157
519	437	181	156
518	438	181	156
444	429	190	164
442	429	189	163
437	428	189	163
432	428	189	163
427	427	189	163
422	427	189	163
417	427	189	163
412	426	188	163
406	426	188	163
401	425	188	163
396	425	188	163
325	417	190	164
319	416	189	163
311	415	189	163
302	414	189	163
293	414	189	163
284	413	189	164
275	412	189	164
266	411	189	164
258	410	189	164
249	409	189	164
240	408	189	164
174	415	194	167
165	414	193	167
153	413	194	167
141	413	194	167
129	412	194	167
117	412	194	167
105	411	195	167
93	411	195	168
80	410	195	168
68	410	195	168
56	409	196	168
68	378	202	174
55	377	202	174
45	375	202	174
34	373	203	175
23	370	203	175
12	368	204	176
2	366	204	176
-8	364	205	176
-19	362	206	177
-30	359	206	177
-40	357	207	178
37	354	202	174
26	351	202	174
20	349	202	174
14	347	203	174
8	344	203	175
2	342	203	175
-2	340	203	175
-8	338	203	175
-14	335	204	175
-20	333	204	176
-26	331	204	176
49	345	206	178
43	342	206	178
41	341	206	178
40	339	206	178
39	338	207	179
37	337	207	179
36	335	207	179
35	334	207	179
33	332	208	180
32	331	208	180
31	330	208	180
122	345	206	178
120	343	206	178
124	343	206	178
128	342	206	178
131	342	206	178
135	341	206	178
139	341	206	178
143	340	207	178
147	340	207	179
150	339	207	179
154	339	207	179
220	355	198	171
223	354	198	171
230	354	197	170
238	355	197	170
245	355	196	170
252	356	196	169
259	356	196	169
266	356	195	169
274	357	195	168
281	357	194	168
288	358	194	167
281	375	190	164
288	375	189	163
294	376	188	163
300	378	188	162
307	379	187	161
313	380	187	161
320	382	186	160
326	383	185	160
332	384	185	159
339	385	184	159
345	387	183	158
376	381	183	158
382	382	182	157
390	383	181	156
397	384	181	156
405	385	180	155
413	385	179	155
420	386	179	154
428	387	178	154
436	388	177	153
444	389	177	152
451	390	176	152
456	399	176	151
463	399	175	150
471	401	174	149
478	402	174	149
486	403	173	148
493	405	172	148
501	406	172	147
508	407	171	146
516	409	170	146
523	410	170	145
531	411	169	144
496	411	183	158
503	412	182	157
508	413	182	157
513	414	182	157
518	415	182	157
524	417	182	157
529	418	183	158
534	419	183	158
539	420	183	158
544	421	183	158
549	423	183	158
510	409	187	161
515	410	187	161
517	410	187	161
520	410	187	161
523	411	188	161
525	411	188	162
528	411	188	162
531	412	189	162
533	412	189	163
536	413	189	163
538	413	190	163
497	422	194	167
499	422	194	167
499	423	194	167
500	423	195	168
500	424	195	168
500	425	196	169
500	426	196	169
500	427	197	169
500	428	197	170
501	428	198	170
501	429	199	171
452	432	202	174
452	432	202	174
449	433	203	175
447	434	203	175
444	435	204	176
441	436	205	176
439	437	205	177
436	438	206	177
434	439	207	178
431	439	207	179
429	440	208	179
405	436	210	181
402	436	210	181
398	437	211	182
394	438	212	182
391	438	212	183
387	439	213	184
383	439	214	184
379	440	214	185
376	440	215	185
372	441	216	186
368	442	217	187
388	436	210	181
384	436	210	181
381	436	210	181
379	436	211	182
376	437	211	182
374	437	211	182
371	437	212	182
369	437	212	183
366	438	212	183
364	438	212	183
361	438	213	183
378	433	202	174
375	433	202	174
374	433	201	173
372	432	201	173
371	432	201	173
369	432	200	172
368	432	200	172
366	432	200	172
365	432	199	172
363	432	199	171
362	432	199	171
373	431	198	171
371	430	197	170
370	430	197	170
369	430	196	170
369	430	196	169
368	430	196	169
367	430	195	169
366	429	195	168
366	429	194	168
365	429	194	168
364	429	194	167
380	435	190	164
379	434	189	163
379	434	189	163
379	435	188	162
379	435	187	162
379	435	187	161
379	435	186	161
379	435	185	160
380	435	185	160
380	436	184	159
380	436	184	159
402	429	183	158
402	429	182	157
403	428	181	156
404	428	181	156
406	428	180	155
407	428	179	155
408	427	179	154
410	427	178	154
411	427	177	153
412	427	177	153
413	426	176	152
418	424	187	161
419	423	186	160
420	423	186	160
422	422	186	160
423	422	186	160
425	422	186	160
426	421	186	160
428	421	186	160
429	420	186	160
431	420	186	160
432	420	186	160
455	425	179	154
456	424	178	153
459	424	178	153
461	424	178	153
464	424	177	152
466	424	177	152
469	424	176	152
472	423	176	151
474	423	176	151
477	423	175	150
480	423	175	150
476	422	172	148
478	421	171	147
480	421	171	147
483	421	170	146
485	421	169	146
487	421	169	145
489	420	168	145
492	420	168	144
494	420	167	144
496	420	166	143
498	420	166	143
497	420	176	151
499	419	175	150
501	419	175	150
503	419	175	150
505	419	175	150
507	419	175	150
509	418	175	150
511	418	175	150
513	418	175	150
515	418	175	150
517	418	175	150
510	423	183	158
512	422	182	157
513	422	183	158
515	422	183	158
516	423	184	159
518	423	184	159
519	423	185	159
521	423	185	160
522	423	185	160
524	423	186	161
525	423	186	161
522	429	176	151
523	429	176	151
524	429	176	151
525	429	176	150
527	430	175	150
528	430	175	150
529	431	175	150
530	431	175	150
532	431	175	149
533	432	174	149
534	432	174	149
551	432	176	151
552	432	175	150
554	432	175	150
556	433	175	150
558	433	175	150
560	433	175	150
562	434	175	150
564	434	175	150
566	434	175	149
568	435	174	149
570	435	174	149
645	451	172	148
647	451	171	147
653	452	171	147
659	453	171	147
665	454	171	147
671	456	170	147
677	457	170	146
683	458	170	146
689	459	170	146
695	460	169	146
701	461	169	146
626	367	166	143
632	368	165	142
633	364	165	142
635	359	164	142
636	355	164	141
638	351	163	141
639	347	163	140
641	343	163	140
642	339	162	140
644	334	162	139
645	330	161	139
687	382	163	140
688	377	162	139
692	376	162	139
695	375	161	139
699	374	161	138
703	373	161	138
707	372	160	138
710	371	160	137
714	370	160	137
718	369	159	137
722	368	159	136
713	420	169	146
716	418	168	145
719	420	168	145
722	422	169	146
725	424	169	146
728	426	169	146
731	428	169	146
734	430	169	146
737	431	170	147
740	433	170	147
743	435	170	147
753	482	176	151
756	483	176	151
759	488	176	151
762	492	177	151
766	496	177	152
769	501	178	152
772	505	178	153
776	509	179	153
779	514	179	153
782	518	180	154
786	522	180	154
722	427	183	158
725	431	183	158
724	430	184	158
724	428	184	159
724	427	185	160
723	426	185	160
723	425	186	161
723	424	187	161
722	422	187	162
722	421	188	162
721	420	188	163
604	342	176	151
603	340	176	151
596	335	176	151
589	329	176	151
582	324	176	151
576	318	176	150
569	313	175	150
562	307	175	150
555	302	175	150
548	296	175	150
541	291	175	150
599	356	169	146
592	350	168	145
588	348	168	145
585	347	167	145
582	345	167	144
578	344	166	144
575	342	166	143
572	340	165	143
568	339	165	143
565	337	164	142
562	335	164	142
592	367	163	140
588	365	162	139
587	365	161	139
585	365	161	138
584	365	160	138
582	366	160	137
581	366	159	137
579	366	159	136
578	366	158	136
576	366	158	135
575	367	157	135
551	416	163	140
549	416	162	139
546	419	162	139
544	421	162	139
541	424	161	138
538	427	161	138
535	430	161	138
533	433	161	138
530	436	160	138
527	439	160	137
524	442	160	137
418	464	166	143
415	466	165	142
406	470	165	142
398	474	165	143
389	478	166	143
381	482	166	143
372	486	166	143
364	490	166	143
355	494	166	143
347	498	166	143
338	502	166	143
568	395	166	143
559	399	166	143
564	396	166	143
568	394	166	143
573	392	166	143
578	390	166	143
582	387	166	143
587	385	166	143
592	383	166	143
596	381	166	143
601	378	166	143
499	409	159	137
503	406	159	137
502	406	158	136
501	405	158	136
499	405	157	136
498	404	157	135
497	404	157	135
496	404	156	135
494	403	156	134
493	403	156	134
492	402	155	134
435	415	166	143
433	414	165	142
429	414	165	142
425	415	166	143
420	415	166	143
416	415	166	143
411	415	166	143
407	416	166	143
403	416	167	144
398	416	167	144
394	416	167	144
406	415	159	137
401	415	159	137
398	415	158	136
394	415	158	136
391	415	158	136
387	415	158	136
384	415	157	136
380	416	157	135
377	416	157	135
373	416	157	135
370	416	156	135
429	410	156	134
425	410	155	133
425	409	155	133
425	409	155	133
425	409	154	132
425	409	154	132
425	408	154	132
425	408	153	132
425	408	153	131
425	408	153	131
425	408	153	131
464	407	159	137
463	406	158	136
466	406	158	136
468	406	158	136
470	405	158	136
472	405	158	136
474	405	158	136
476	405	158	137
478	404	159	137
480	404	159	137
483	404	159	137
469	404	159	137
471	403	159	137
472	403	159	137
473	403	159	137
474	402	159	137
476	402	159	137
477	402	159	137
478	402	159	137
479	401	159	137
480	401	159	137
482	401	159	137
467	408	153	132
468	407	153	132
468	407	152	131
468	407	152	131
469	408	152	131
469	408	151	130
469	408	151	130
470	408	151	130
470	408	150	130
470	408	150	129
471	408	150	129
472	411	153	132
472	411	152	131
472	411	152	131
473	411	152	131
473	411	152	131
473	412	152	131
474	412	151	131
474	412	151	131
474	412	151	130
475	412	151	130
475	413	151	130
448	423	159	137
448	423	158	136
447	423	159	137
445	424	159	137
444	425	159	137
443	426	159	137
442	427	160	138
441	427	160	138
440	428	160	138
438	429	161	138
437	430	161	139
337	431	166	143
335	431	166	143
329	432	166	143
322	433	167	144
315	434	167	144
309	434	168	145
302	435	168	145
295	436	169	145
288	437	169	146
282	437	170	146
275	438	171	147
233	440	169	146
226	440	169	146
217	441	169	146
208	442	170	147
200	443	170	147
191	443	171	147
182	444	171	148
174	445	171	148
165	446	172	148
156	447	172	149
148	447	172	149
190	459	163	140
181	459	163	140
175	461	163	140
169	462	163	139
163	463	162	139
157	465	162	139
151	466	162	139
145	468	162	139
140	469	162	138
134	470	161	138
128	472	161	138
161	480	166	143
155	481	165	142
151	483	165	142
147	484	165	142
143	486	165	142
140	488	166	143
136	490	166	143
132	491	166	143
128	493	166	143
125	495	166	143
121	496	166	143
72	524	166	143
68	525	166	143
62	528	166	143
55	531	166	143
49	535	166	143
43	538	166	143
36	541	166	143
30	544	166	143
24	547	166	143
18	550	166	143
11	553	166	143
149	385	172	148
142	388	172	148
144	381	172	148
146	375	172	148
147	368	173	148
149	362	173	149
151	356	173	149
152	349	174	149
154	343	174	150
156	336	174	150
157	330	175	150
300	437	166	143
301	430	166	143
311	430	166	143
320	430	165	142
330	430	165	142
339	429	165	142
349	429	165	142
358	429	165	142
367	429	165	142
377	429	164	142
386	429	164	141
372	527	169	146
381	526	168	145
389	532	168	145
397	537	168	146
405	542	169	146
414	547	169	146
422	553	169	146
430	558	169	146
438	563	169	146
446	569	169	146
454	574	169	146
352	606	166	143
360	611	166	143
362	618	165	142
364	624	165	142
366	631	165	142
368	638	165	142
370	645	165	142
372	651	165	142
374	658	165	142
376	665	165	142
377	672	164	141
302	623	159	137
304	629	158	136
301	633	158	136
299	637	157	136
296	640	157	135
294	644	157	135
292	648	156	134
289	651	156	134
287	655	155	134
285	659	155	133
282	662	154	133
191	531	166	143
188	534	165	142
181	530	165	142
174	527	165	142
166	523	166	143
159	519	166	143
152	515	166	143
144	511	166	143
137	507	166	143
130	503	167	143
122	500	167	144
349	516	172	148
341	512	172	148
347	509	172	148
352	506	173	148
358	503	173	149
364	501	173	149
369	498	174	150
375	495	174	150
381	492	175	150
386	490	175	151
392	487	176	151
454	464	179	154
459	461	179	154
468	457	180	154
477	453	180	155
485	449	181	155
494	445	181	156
503	441	182	156
512	437	182	157
520	433	183	157
529	430	184	158
538	426	184	158
478	419	179	154
486	415	179	154
491	411	179	154
496	406	180	154
501	402	180	155
506	398	180	155
511	394	180	155
516	390	180	155
521	386	181	155
526	382	181	156
531	378	181	156
503	398	187	161
507	393	187	161
511	391	187	161
514	388	188	162
517	385	188	162
520	382	189	162
523	380	189	163
526	377	190	163
529	374	190	164
532	371	191	164
535	369	191	165
521	365	194	167
524	362	194	167
526	359	195	167
528	356	195	168
530	353	196	169
532	350	196	169
534	348	197	170
536	345	198	170
538	342	198	171
540	339	199	171
542	336	199	172
508	370	190	164
510	367	190	164
510	366	190	164
510	365	190	164
510	364	190	164
510	363	190	164
510	362	190	164
510	362	190	164
510	361	190	164
510	360	190	164
510	359	190	164
479	363	190	164
479	362	190	164
477	361	189	164
475	360	189	164
473	360	189	164
472	359	189	163
470	359	189	163
468	358	189	163
467	357	189	163
465	357	189	163
463	356	189	163
477	362	187	161
475	361	186	160
474	361	186	160
473	360	186	160
472	360	186	160
471	360	186	160
470	360	186	160
470	359	185	159
469	359	185	159
468	359	185	159
467	358	185	159
469	369	179	154
468	368	178	153
467	369	178	153
466	369	177	152
465	369	177	152
465	369	176	151
464	370	176	151
463	370	175	151
462	370	175	150
462	371	174	150
461	371	174	149
456	350	187	161
455	350	186	160
454	349	186	160
453	348	186	160
452	347	187	161
451	346	187	161
450	345	187	161
449	344	187	161
448	343	188	161
447	343	188	162
446	342	188	162
469	347	179	154
467	346	179	154
468	345	178	153
468	344	178	153
468	344	178	153
469	343	177	153
469	343	177	152
469	342	177	152
470	341	177	152
470	341	176	151
470	340	176	151
459	351	176	151
459	350	175	150
458	350	175	150
458	350	175	150
458	350	174	149
457	350	174	149
457	350	174	149
457	350	173	148
456	350	173	148
456	350	173	148
456	350	172	148
471	351	169	146
470	351	168	145
471	351	168	145
471	351	167	144
472	351	167	144
472	351	166	144
473	351	166	143
473	351	165	143
474	351	165	142
474	351	164	142
475	351	164	142
492	358	172	148
492	358	171	147
493	358	171	147
495	358	171	147
496	359	171	147
498	359	171	147
499	360	171	147
500	360	171	147
502	360	171	147
503	361	171	147
505	361	171	147
494	365	179	154
495	365	178	153
496	365	179	154
496	366	179	154
497	367	180	154
498	367	180	155
498	368	180	155
499	368	181	155
500	369	181	156
501	369	182	156
501	370	182	156
486	369	183	158
486	369	183	158
486	370	183	158
486	370	184	159
486	370	184	159
485	371	185	159
485	371	185	160
485	372	185	160
485	372	186	160
485	373	186	161
484	373	187	161
438	382	190	164
437	382	190	164
435	383	190	164
432	384	191	165
429	385	192	165
426	386	192	166
423	386	193	166
421	387	193	167
418	388	194	167
415	389	194	168
412	390	195	168
357	395	198	171
354	395	198	171
348	396	199	172
342	398	199	172
337	399	200	173
331	400	201	173
325	401	201	174
319	402	202	174
314	403	203	175
308	404	203	176
302	405	204	176
312	402	206	178
306	403	206	178
301	403	207	179
296	404	208	179
291	405	208	180
286	406	209	181
281	407	210	181
276	408	210	182
272	408	211	182
267	409	212	183
262	410	213	184
332	400	202	174
327	400	202	174
326	401	202	174
325	401	202	174
324	401	202	174
324	401	202	174
323	401	202	174
322	402	203	174
321	402	203	174
321	402	203	174
320	402	203	174
384	414	194	167
383	414	194	167
386	415	193	166
388	415	193	166
391	416	192	165
394	417	192	165
397	418	191	164
400	419	191	164
403	419	190	164
405	420	190	163
408	421	189	163
466	419	198	171
468	419	197	170
474	420	197	170
480	421	197	170
486	421	197	170
492	422	197	170
498	422	197	170
503	423	197	170
509	424	197	170
515	424	197	170
521	425	197	170
539	431	194	167
544	431	194	167
551	432	193	166
557	433	193	166
564	434	193	166
570	435	193	166
577	436	193	166
583	437	192	165
590	437	192	165
596	438	192	165
603	439	192	165
621	442	190	164
627	442	189	163
634	443	189	163
641	444	189	163
648	445	188	163
655	446	188	162
663	447	188	162
670	448	187	162
677	449	187	162
684	450	187	161
691	451	187	161
638	439	198	171
645	439	197	170
648	440	198	171
652	440	198	171
656	440	198	171
660	440	198	171
663	441	199	172
667	441	199	172
671	441	199	172
675	441	200	173
678	441	200	173
630	439	206	178
633	439	206	178
634	439	206	178
635	439	207	179
636	439	208	179
637	439	208	180
637	439	209	180
638	439	209	181
639	439	210	181
640	439	211	182
641	439	211	183
627	446	206	178
627	446	206	178
627	446	206	178
627	446	207	178
627	447	207	179
627	447	207	179
627	448	207	179
627	448	208	179
627	448	208	180
627	449	208	180
627	449	208	180
609	453	215	185
609	453	215	185
607	453	215	185
606	454	216	186
605	455	216	186
604	455	217	187
603	456	218	187
602	456	218	187
601	457	219	188
600	457	219	188
599	458	220	189
611	463	219	188
609	463	219	188
609	464	220	188
609	465	220	189
608	465	220	189
608	466	221	189
608	467	221	190
607	468	222	190
607	469	222	190
607	469	223	191
606	470	223	191
604	474	219	188
603	474	219	188
603	475	219	188
602	476	219	188
602	477	219	188
601	478	220	188
601	479	220	189
600	480	220	189
600	481	220	189
599	482	220	189
599	483	221	189
604	477	228	196
603	477	228	196
603	478	228	196
603	479	229	197
602	479	229	197
602	480	230	198
602	480	230	198
602	481	231	199
602	481	232	199
601	482	232	199
601	482	233	200
607	486	237	204
606	486	237	204
606	487	238	205
607	487	239	205
607	488	239	206
607	489	240	207
607	489	241	207
607	490	241	208
607	491	242	209
607	492	243	209
607	492	244	210
594	498	247	212
594	498	247	212
593	499	248	213
592	500	249	214
592	501	250	214
591	502	251	215
590	503	251	216
590	504	252	216
589	505	253	217
588	506	254	218
588	507	255	219
607	507	247	212
606	507	247	212
606	508	248	212
607	509	248	213
607	510	248	213
608	511	249	213
608	512	249	214
608	513	249	214
609	514	250	214
609	514	250	214
610	515	250	215
601	520	257	221
601	520	257	221
601	521	257	221
601	523	258	222
601	524	259	223
600	525	259	223
600	526	260	224
600	527	261	224
