1.684482
0.031950
0.032260
0.032281
0.032302
0.032317
0.032331
0.032346
0.032362
0.032378
0.032392
0.032406
0.035015
0.035289
0.035311
0.035339
0.035357
0.035377
0.035395
0.035415
0.035433
0.035451
0.035470
0.029098
0.029330
0.029346
0.029360
0.029373
0.029392
0.029405
0.029419
0.029435
0.029454
0.029471
0.024996
0.025226
0.025246
0.025262
0.025278
0.025295
0.025311
0.025327
0.025343
0.025359
0.025374
0.025119
0.025351
0.025371
0.025387
0.025404
0.025419
0.025435
0.025451
0.025467
0.025482
0.025498
0.024759
0.024988
0.025007
0.025025
0.025040
0.025056
0.025071
0.025087
0.025103
0.025118
0.025136
0.025270
0.025494
0.025511
0.025526
0.025539
0.025552
0.025568
0.025582
0.025595
0.025608
0.025621
0.023668
0.023892
0.023909
0.023927
0.023944
0.023961
0.023977
0.023992
0.024007
0.024023
0.024038
0.023634
0.023878
0.023898
0.023916
0.023933
0.023949
0.023966
0.023982
0.023997
0.024013
0.024028
0.044266
0.044491
0.044511
0.044529
0.044546
0.044563
0.044579
0.044598
0.044613
0.044629
0.044644
0.024080
0.024310
0.024328
0.024345
0.024362
0.024379
0.024394
0.024410
0.024425
0.024441
0.024457
0.023526
0.023759
0.023779
0.023797
0.023813
0.023832
0.023849
0.023864
0.023880
0.023895
0.023911
0.024410
0.024643
0.024664
0.024680
0.024696
0.024712
0.024728
0.024743
0.024758
0.024774
0.024790
0.023769
0.024004
0.024025
0.024042
0.024058
0.024076
0.024092
0.024107
0.024123
0.024138
0.024154
0.024115
0.024339
0.024357
0.024371
0.024384
0.024398
0.024412
0.024426
0.024439
0.024452
0.024465
0.024074
0.024289
0.024315
0.024329
0.024342
0.024355
0.024368
0.024382
0.024396
0.024410
0.024423
0.024146
0.024362
0.024389
0.024403
0.024417
0.024431
0.024444
0.024457
0.024470
0.024482
0.024495
0.023488
0.023704
0.023730
0.023743
0.023757
0.023770
0.023783
0.023796
0.023809
0.023822
0.023835
0.023695
0.023921
0.023938
0.023955
0.023968
0.023982
0.023995
0.024008
0.024021
0.024034
0.024046
0.049407
0.049634
0.049651
0.049665
0.049678
0.049691
0.049704
0.049717
0.049730
0.049742
0.049755
0.026392
0.026617
0.026634
0.026648
0.026662
0.026675
0.026689
0.026702
0.026715
0.026728
0.026741
0.025342
0.025553
0.025582
0.025596
0.025610
0.025623
0.025636
0.025649
0.025662
0.025675
0.025688
0.024663
0.024890
0.024908
0.024922
0.024936
0.024954
0.024968
0.024981
0.024994
0.025007
0.025020
0.024752
0.024968
0.024994
0.025008
0.025022
0.025035
0.025048
0.025062
0.025075
0.025088
0.025101
0.024971
0.025197
0.025215
0.025229
0.025243
0.025259
0.025272
0.025285
0.025298
0.025311
0.025325
0.024000
0.024217
0.024242
0.024257
0.024271
0.024285
0.024298
0.024311
0.024324
0.024337
0.024350
0.025054
0.025280
0.025297
0.025311
0.025325
0.025338
0.025352
0.025365
0.025378
0.025391
0.025404
0.024908
0.025132
0.025149
0.025163
0.025177
0.025190
0.025203
0.025216
0.025230
0.025243
0.025255
0.025032
0.025260
0.025278
0.025293
0.025314
0.025348
0.025367
0.025381
0.025395
0.025408
0.025422
0.047620
0.047848
0.047869
0.047887
0.047904
0.047920
0.047935
0.047951
0.047967
0.047982
0.047998
0.025237
0.025472
0.025496
0.025515
0.025532
0.025548
0.025564
0.025580
0.025595
0.025611
0.025627
0.025172
0.025403
0.025423
0.025440
0.025456
0.025472
0.025488
0.025504
0.025521
0.025537
0.025553
0.026869
0.027100
0.027123
0.027139
0.027156
0.027171
0.027186
0.027201
0.027216
0.027232
0.027246
0.032915
0.033176
0.033196
0.033224
0.033242
0.033260
0.033278
0.033296
0.033314
0.033331
0.033349
0.028697
0.028915
0.028941
0.028955
0.028968
0.028982
0.028995
0.029008
0.029022
0.029035
0.029048
0.026508
0.026736
0.026753
0.026767
0.026781
0.026794
0.026808
0.026821
0.026833
0.026846
0.026859
0.026021
0.026246
0.026263
0.026277
0.026291
0.026304
0.026317
0.026331
0.026345
0.026361
0.026374
0.025774
0.026022
0.026041
0.026055
0.026069
0.026082
0.026095
0.026109
0.026122
0.026135
0.026148
0.025520
0.025750
0.025767
0.025781
0.025795
0.025809
0.025823
0.025836
0.025850
0.025863
0.025876
0.048467
0.048688
0.048706
0.048720
0.048733
0.048747
0.048760
0.048773
0.048786
0.048799
0.048812
0.027419
0.027645
0.027662
0.027676
0.027690
0.027704
0.027717
0.027730
0.027743
0.027756
0.027770
0.033422
0.033682
0.033701
0.033728
0.033746
0.033769
0.033787
0.033805
0.033823
0.033841
0.033858
0.029247
0.029477
0.029494
0.029508
0.029522
0.029536
0.029549
0.029563
0.029576
0.029589
0.029602
0.027300
0.027532
0.027550
0.027565
0.027578
0.027592
0.027605
0.027618
0.027631
0.027644
0.027657
0.027140
0.027368
0.027385
0.027400
0.027414
0.027427
0.027441
0.027454
0.027467
0.027480
0.027493
0.028538
0.028758
0.028785
0.028800
0.028813
0.028826
0.028840
0.028853
0.028866
0.028879
0.028892
0.027216
0.027441
0.027458
0.027473
0.027486
0.027500
0.027513
0.027526
0.027539
0.027552
0.027565
0.027079
0.027306
0.027323
0.027339
0.027352
0.027365
0.027378
0.027392
0.027405
0.027421
0.027434
0.026618
0.026836
0.026863
0.026877
0.026891
0.026904
0.026917
0.026930
0.026943
0.026955
0.026968
0.051123
0.051336
0.051362
0.051376
0.051390
0.051403
0.051416
0.051429
0.051442
0.051455
0.051468
0.027053
0.027279
0.027297
0.027311
0.027324
0.027338
0.027351
0.027364
0.027377
0.027390
0.027402
0.029676
0.029902
0.029919
0.029933
0.029946
0.029959
0.029973
0.029985
0.029999
0.030011
0.030025
0.028855
0.029075
0.029101
0.029116
0.029130
0.029143
0.029156
0.029169
0.029182
0.029196
0.029208
0.029420
0.029652
0.029670
0.029684
0.029697
0.029711
0.029724
0.029737
0.029750
0.029764
0.029777
0.025810
0.026034
0.026052
0.026066
0.026083
0.026097
0.026110
0.026124
0.026137
0.026150
0.026163
0.023300
0.023527
0.023544
0.023559
0.023572
0.023585
0.023598
0.023612
0.023626
0.023638
0.023652
0.023092
0.023305
0.023331
0.023355
0.023379
0.023395
0.023409
0.023423
0.023448
0.023469
0.023483
0.023115
0.023330
0.023356
0.023371
0.023384
0.023398
0.023412
0.023426
0.023439
0.023453
0.023466
0.023302
0.023519
0.023545
0.023559
0.023573
0.023586
0.023599
0.023612
0.023625
0.023638
0.023650
0.047245
0.047461
0.047488
0.047503
0.047516
0.047530
0.047544
0.047557
0.047570
0.047583
0.047596
0.024183
0.024398
0.024426
0.024440
0.024455
0.024468
0.024481
0.024495
0.024508
0.024521
0.024534
0.024141
0.024365
0.024382
0.024396
0.024410
0.024424
0.024438
0.024451
0.024467
0.024480
0.024493
0.024589
0.024836
0.024854
0.024868
0.024882
0.024895
0.024908
0.024921
0.024934
0.024947
0.024960
0.024714
0.024934
0.024951
0.024966
0.024980
0.024994
0.025007
0.025021
0.025033
0.025047
0.025060
0.024678
0.024904
0.024921
0.024935
0.024950
0.024963
0.024977
0.024990
0.025003
0.025016
0.025029
0.024445
0.024666
0.024685
0.024700
0.024713
0.024727
0.024740
0.024753
0.024766
0.024779
0.024792
0.024515
0.024739
0.024757
0.024771
0.024785
0.024799
0.024813
0.024826
0.024839
0.024852
0.024865
0.026498
0.026725
0.026742
0.026757
0.026770
0.026784
0.026798
0.026811
0.026824
0.026837
0.026850
0.023722
0.023934
0.023961
0.023975
0.023989
0.024002
0.024015
0.024028
0.024041
0.024054
0.024067
0.046404
0.046624
0.046641
0.046656
0.046669
0.046683
0.046696
0.046709
0.046722
0.046735
0.046747
0.032477
0.032726
0.032757
0.032776
0.032794
0.032812
0.032830
0.032847
0.032865
0.032882
0.032900
0.026817
0.027033
0.027060
0.027074
0.027088
0.027101
0.027114
0.027127
0.027140
0.027153
0.027166
0.024001
0.024230
0.024248
0.024262
0.024276
0.024289
0.024302
0.024316
0.024329
0.024342
0.024356
0.024071
0.024301
0.024319
0.024333
0.024347
0.024360
0.024374
0.024386
0.024400
0.024412
0.024425
0.024548
0.024774
0.024791
0.024805
0.024819
0.024832
0.024846
0.024859
0.024873
0.024887
0.024900
0.024865
0.025077
0.025104
0.025118
0.025131
0.025144
0.025157
0.025170
0.025182
0.025195
0.025208
0.024851
0.025074
0.025092
0.025106
0.025120
0.025133
0.025146
0.025160
0.025174
0.025187
0.025201
0.024348
0.024595
0.024613
0.024627
0.024641
0.024654
0.024667
0.024679
0.024692
0.024705
0.024718
0.023721
0.023945
0.023962
0.023977
0.023990
0.024003
0.024017
0.024030
0.024044
0.024057
0.024070
0.047125
0.047363
0.047381
0.047395
0.047408
0.047425
0.047438
0.047451
0.047463
0.047477
0.047489
0.025403
0.025630
0.025647
0.025661
0.025675
0.025689
0.025703
0.025717
0.025730
0.025743
0.025756
0.024793
0.025023
0.025041
0.025055
0.025069
0.025082
0.025095
0.025108
0.025121
0.025134
0.025147
0.024575
0.024799
0.024820
0.024837
0.024853
0.024870
0.024886
0.024902
0.024917
0.024933
0.024948
0.024704
0.024935
0.024956
0.024973
0.024989
0.025005
0.025020
0.025036
0.025052
0.025068
0.025083
0.024613
0.024840
0.024860
0.024878
0.024895
0.024911
0.024927
0.024943
0.024959
0.024974
0.024990
0.023788
0.024005
0.024025
0.024051
0.024068
0.024083
0.024099
0.024114
0.024130
0.024146
0.024161
0.022979
0.023208
0.023229
0.023245
0.023262
0.023278
0.023294
0.023310
0.023326
0.023341
0.023357
0.023326
0.023551
0.023568
0.023582
0.023596
0.023609
0.023623
0.023636
0.023649
0.023661
0.023674
0.023216
0.023439
0.023456
0.023471
0.023484
0.023497
0.023511
0.023524
0.023537
0.023550
0.023562
0.045427
0.045644
0.045669
0.045683
0.045697
0.045710
0.045724
0.045737
0.045749
0.045762
0.045775
0.023824
0.024045
0.024063
0.024086
0.024100
0.024114
0.024127
0.024140
0.024154
0.024167
0.024180
0.022807
0.023036
0.023056
0.023073
0.023090
0.023105
0.023121
0.023137
0.023152
0.023167
0.023183
0.023015
0.023242
0.023261
0.023279
0.023295
0.023311
0.023327
0.023343
0.023358
0.023373
0.023389
0.023058
0.023285
0.023306
0.023323
0.023339
0.023355
0.023370
0.023386
0.023401
0.023417
0.023433
0.023345
0.023582
0.023602
0.023620
0.023636
0.023652
0.023668
0.023683
0.023699
0.023714
0.023729
0.023078
0.023309
0.023329
0.023347
0.023363
0.023379
0.023394
0.023410
0.023425
0.023441
0.023456
0.022917
0.023144
0.023165
0.023182
0.023198
0.023214
0.023229
0.023244
0.023260
0.023275
0.023290
0.023199
0.023421
0.023439
0.023453
0.023466
0.023479
0.023493
0.023506
0.023520
0.023532
0.023546
0.022996
0.023223
0.023242
0.023256
0.023270
0.023283
0.023296
0.023309
0.023322
0.023335
0.023348
0.046716
0.046978
0.047013
0.047035
0.047056
0.047079
0.047100
0.047122
0.047144
0.047165
0.047187
0.023735
0.023961
0.023979
0.023994
0.024008
0.024021
0.024035
0.024047
0.024061
0.024090
0.024113
0.031493
0.031741
0.031760
0.031789
0.031807
0.031826
0.031844
0.031861
0.031879
0.031899
0.031916
0.027151
0.027381
0.027400
0.027416
0.027431
0.027446
0.027462
0.027478
0.027493
0.027507
0.027523
0.023002
0.023228
0.023265
0.023292
0.023316
0.023342
0.023365
0.023389
0.023413
0.023437
0.023461
0.022867
0.023104
0.023133
0.023160
0.023186
0.023211
0.023237
0.023260
0.023285
0.023309
0.023333
0.023090
0.023318
0.023343
0.023367
0.023391
0.023416
0.023440
0.023463
0.023488
0.023511
0.023535
0.022882
0.023117
0.023147
0.023175
0.023201
0.023227
0.023252
0.023276
0.023300
0.023324
0.023348
0.023210
0.023471
0.023502
0.023529
0.023552
0.023568
0.023585
0.023601
0.023617
0.023633
0.023648
0.022823
0.023056
0.023085
0.023106
0.023121
0.023134
0.023148
0.023161
0.023175
0.023188
0.023201
0.045386
0.045608
0.045625
0.045640
0.045653
0.045666
0.045679
0.045692
0.045706
0.045719
0.045732
0.024040
0.024271
0.024289
0.024304
0.024318
0.024331
0.024345
0.024359
0.024372
0.024384
0.024398
0.022943
0.023171
0.023189
0.023203
0.023217
0.023230
0.023243
0.023257
0.023270
0.023283
0.023296
0.024249
0.024473
0.024491
0.024505
0.024519
0.024532
0.024545
0.024559
0.024572
0.024585
0.024598
0.023647
0.023874
0.023892
0.023906
0.023919
0.023933
0.023946
0.023959
0.023972
0.023985
0.023998
0.023874
0.024094
0.024122
0.024136
0.024149
0.024163
0.024176
0.024189
0.024202
0.024215
0.024229
0.024346
0.024588
0.024624
0.024644
0.024666
0.024688
0.024702
0.024715
0.024728
0.024741
0.024753
0.024050
0.024276
0.024294
0.024308
0.024322
0.024336
0.024349
0.024362
0.024375
0.024389
0.024401
0.023601
0.023821
0.023838
0.023852
0.023866
0.023879
0.023892
0.023905
0.023918
0.023931
0.023943
0.023718
0.023941
0.023958
0.023973
0.023986
0.023999
0.024013
0.024026
0.024040
0.024052
0.024065
0.046402
0.046613
0.046638
0.046653
0.046667
0.046680
0.046693
0.046706
0.046719
0.046732
0.046745
0.023273
0.023506
0.023527
0.023544
0.023561
0.023578
0.023595
0.023612
0.023628
0.023644
0.023660
0.023335
0.023572
0.023593
0.023612
0.023629
0.023644
0.023660
0.023676
0.023692
0.023706
0.023722
0.023126
0.023355
0.023376
0.023394
0.023412
0.023429
0.023445
0.023462
0.023477
0.023493
0.023509
0.023088
0.023306
0.023336
0.023353
0.023369
0.023385
0.023400
0.023417
0.023432
0.023447
0.023463
0.023153
0.023380
0.023398
0.023412
0.023426
0.023440
0.023454
0.023467
0.023480
0.023493
0.023506
0.023053
0.023270
0.023297
0.023311
0.023325
0.023338
0.023350
0.023364
0.023376
0.023389
0.023402
0.023103
0.023327
0.023345
0.023359
0.023373
0.023387
0.023400
0.023414
0.023427
0.023440
0.023453
0.023155
0.023383
0.023401
0.023415
0.023429
0.023443
0.023456
0.023468
0.023481
0.023494
0.023507
0.023078
0.023302
0.023320
0.023335
0.023349
0.023362
0.023376
0.023389
0.023402
0.023415
0.023428
0.047640
0.047853
0.047879
0.047894
0.047907
0.047921
0.047934
0.047947
0.047960
0.047972
0.047985
0.022605
0.022830
0.022852
0.022867
0.022881
0.022894
0.022907
0.022920
0.022933
0.022946
0.022959
0.022315
0.022529
0.022555
0.022569
0.022583
0.022596
0.022609
0.022622
0.022635
0.022648
0.022660
0.021800
0.022025
0.022043
0.022057
0.022070
0.022084
0.022097
0.022110
0.022123
0.022135
0.022148
0.023053
0.023265
0.023291
0.023305
0.023319
0.023332
0.023345
0.023359
0.023372
0.023385
0.023399
0.022307
0.022521
0.022548
0.022563
0.022583
0.022600
0.022615
0.022630
0.022645
0.022660
0.022676
0.021668
0.021897
0.021916
0.021932
0.021949
0.021965
0.021980
0.021996
0.022011
0.022026
0.022042
0.022291
0.022516
0.022535
0.022551
0.022567
0.022583
0.022599
0.022614
0.022630
0.022646
0.022661
0.022560
0.022789
0.022818
0.022835
0.022851
0.022866
0.022882
0.022897
0.022914
0.022931
0.022947
0.023027
0.023246
0.023265
0.023291
0.023307
0.023322
0.023338
0.023353
0.023369
0.023384
0.023400
0.047358
0.047583
0.047605
0.047623
0.047639
0.047655
0.047671
0.047687
0.047703
0.047719
0.047734
0.023316
0.023547
0.023568
0.023584
0.023599
0.023614
0.023629
0.023643
0.023657
0.023672
0.023686
0.022836
0.023063
0.023082
0.023099
0.023115
0.023130
0.023145
0.023160
0.023176
0.023191
0.023206
0.022773
0.022990
0.023009
0.023034
0.023050
0.023065
0.023080
0.023095
0.023110
0.023125
0.023140
0.023209
0.023439
0.023458
0.023476
0.023493
0.023509
0.023524
0.023540
0.023555
0.023571
0.023586
0.023749
0.023980
0.024013
0.024035
0.024055
0.024075
0.024094
0.024113
0.024132
0.024151
0.024170
0.023075
0.023327
0.023349
0.023378
0.023398
0.023417
0.023438
0.023457
0.023476
0.023495
0.023514
0.022165
0.022482
0.022501
0.022515
0.022539
0.022552
0.022565
0.022579
0.022592
0.022605
0.022619
0.022974
0.023198
0.023215
0.023230
0.023244
0.023257
0.023270
0.023284
0.023297
0.023309
0.023323
0.022978
0.023201
0.023218
0.023233
0.023247
0.023260
0.023274
0.023287
0.023300
0.023313
0.023326
0.046962
0.047185
0.047203
0.047217
0.047231
0.047244
0.047257
0.047271
0.047283
0.047297
0.047310
0.023107
0.023333
0.023351
0.023365
0.023379
0.023393
0.023406
0.023420
0.023433
0.023446
0.023459
0.023147
0.023360
0.023376
0.023390
0.023413
0.023427
0.023440
0.023453
0.023467
0.023479
0.023492
0.023231
0.023458
0.023477
0.023491
0.023504
0.023518
0.023532
0.023545
0.023558
0.023571
0.023584
0.022835
0.023059
0.023077
0.023091
0.023105
0.023119
0.023132
0.023145
0.023159
0.023172
0.023185
0.022816
0.023043
0.023060
0.023074
0.023088
0.023101
0.023114
0.023127
0.023141
0.023154
0.023167
0.022518
0.022743
0.022760
0.022775
0.022788
0.022802
0.022815
0.022829
0.022842
0.022855
0.022868
0.022465
0.022687
0.022704
0.022719
0.022733
0.022746
0.022760
0.022773
0.022786
0.022799
0.022813
0.022794
0.023018
0.023036
0.023050
0.023063
0.023077
0.023089
0.023102
0.023115
0.023128
0.023141
0.022711
0.022936
0.022954
0.022968
0.022982
0.022995
0.023009
0.023022
0.023036
0.023049
0.023062
0.045242
0.045463
0.045480
0.045495
0.045508
0.045521
0.045534
0.045547
0.045561
0.045573
0.045586
0.022978
0.023199
0.023217
0.023231
0.023245
0.023258
0.023271
0.023285
0.023298
0.023311
0.023324
0.022741
0.022968
0.022986
0.023001
0.023014
0.023027
0.023040
0.023053
0.023066
0.023078
0.023091
0.022727
0.022954
0.022973
0.022987
0.023001
0.023014
0.023028
0.023042
0.023055
0.023068
0.023082
0.025270
0.025497
0.025515
0.025529
0.025542
0.025555
0.025568
0.025581
0.025594
0.025607
0.025620
0.022712
0.022937
0.022954
0.022969
0.022982
0.022996
0.023009
0.023023
0.023036
0.023049
0.023062
0.022752
0.022963
0.022989
0.023003
0.023016
0.023030
0.023043
0.023056
0.023068
0.023081
0.023094
0.023049
0.023266
0.023292
0.023307
0.023321
0.023335
0.023348
0.023361
0.023375
0.023388
0.023401
0.022496
0.022717
0.022735
0.022749
0.022763
0.022776
0.022789
0.022802
0.022815
0.022828
0.022840
0.022671
0.022895
0.022912
0.022927
0.022941
0.022954
0.022967
0.022980
0.022994
0.023006
0.023020
