1.819351
0.032601
0.032899
0.032917
0.032933
0.032948
0.032962
0.032976
0.032990
0.033005
0.033020
0.033034
0.027310
0.027559
0.027576
0.027591
0.027606
0.027620
0.027635
0.027649
0.027664
0.027678
0.027692
0.027963
0.028187
0.028215
0.028231
0.028246
0.028260
0.028273
0.028287
0.028301
0.028315
0.028329
0.026402
0.026622
0.026638
0.026660
0.026677
0.026691
0.026704
0.026718
0.026731
0.026745
0.026758
0.026653
0.026883
0.026911
0.026925
0.026940
0.026955
0.026969
0.026982
0.026995
0.027008
0.027022
0.026427
0.026652
0.026669
0.026685
0.026698
0.026711
0.026725
0.026738
0.026752
0.026765
0.026778
0.025513
0.025729
0.025755
0.025769
0.025783
0.025796
0.025812
0.025832
0.025846
0.025858
0.025872
0.025258
0.025485
0.025502
0.025516
0.025531
0.025544
0.025557
0.025570
0.025583
0.025596
0.025609
0.026014
0.026231
0.026247
0.026270
0.026284
0.026297
0.026310
0.026323
0.026337
0.026350
0.026362
0.052274
0.052503
0.052521
0.052535
0.052548
0.052561
0.052574
0.052588
0.052601
0.052615
0.052628
0.028140
0.028362
0.028379
0.028393
0.028407
0.028420
0.028434
0.028447
0.028460
0.028473
0.028486
0.029373
0.029602
0.029618
0.029632
0.029646
0.029662
0.029675
0.029688
0.029701
0.029714
0.029727
0.029983
0.030209
0.030226
0.030240
0.030254
0.030267
0.030281
0.030294
0.030308
0.030321
0.030334
0.029602
0.029828
0.029845
0.029860
0.029873
0.029889
0.029902
0.029916
0.029929
0.029942
0.029955
0.030649
0.030875
0.030891
0.030906
0.030919
0.030933
0.030947
0.030960
0.030973
0.030986
0.030999
0.028046
0.028274
0.028291
0.028306
0.028319
0.028332
0.028345
0.028357
0.028373
0.028386
0.028399
0.028998
0.029225
0.029243
0.029258
0.029272
0.029285
0.029299
0.029312
0.029325
0.029338
0.029351
0.028800
0.029024
0.029041
0.029055
0.029068
0.029081
0.029094
0.029108
0.029120
0.029133
0.029146
0.029627
0.029850
0.029868
0.029885
0.029898
0.029911
0.029924
0.029937
0.029950
0.029963
0.029975
0.054310
0.054526
0.054552
0.054566
0.054579
0.054593
0.054606
0.054619
0.054632
0.054645
0.054658
0.029172
0.029389
0.029416
0.029430
0.029443
0.029456
0.029469
0.029482
0.029495
0.029507
0.029520
0.028527
0.028747
0.028776
0.028790
0.028804
0.028817
0.028830
0.028844
0.028857
0.028871
0.028883
0.028090
0.028314
0.028331
0.028345
0.028359
0.028372
0.028385
0.028398
0.028411
0.028424
0.028437
0.027990
0.028215
0.028232
0.028246
0.028260
0.028274
0.028287
0.028300
0.028313
0.028326
0.028339
0.028130
0.028358
0.028375
0.028389
0.028403
0.028419
0.028433
0.028446
0.028459
0.028472
0.028485
0.028186
0.028409
0.028426
0.028441
0.028454
0.028468
0.028481
0.028494
0.028507
0.028520
0.028533
0.029118
0.029343
0.029361
0.029375
0.029389
0.029402
0.029416
0.029429
0.029442
0.029455
0.029468
0.028867
0.029084
0.029110
0.029125
0.029139
0.029152
0.029166
0.029179
0.029192
0.029206
0.029219
0.028061
0.028278
0.028305
0.028320
0.028333
0.028347
0.028360
0.028373
0.028387
0.028400
0.028413
0.054981
0.055209
0.055227
0.055241
0.055255
0.055268
0.055281
0.055294
0.055307
0.055321
0.055333
0.029605
0.029841
0.029858
0.029872
0.029886
0.029899
0.029912
0.029926
0.029939
0.029952
0.029966
0.028923
0.029155
0.029172
0.029186
0.029200
0.029213
0.029227
0.029240
0.029252
0.029265
0.029278
0.028683
0.028898
0.028928
0.028942
0.028955
0.028969
0.028982
0.028995
0.029009
0.029022
0.029035
0.028498
0.028723
0.028741
0.028755
0.028770
0.028783
0.028796
0.028810
0.028822
0.028835
0.028848
0.029330
0.029560
0.029577
0.029591
0.029605
0.029618
0.029631
0.029645
0.029659
0.029672
0.029685
0.028866
0.029089
0.029106
0.029120
0.029134
0.029148
0.029161
0.029174
0.029187
0.029200
0.029213
0.028577
0.028793
0.028819
0.028833
0.028847
0.028861
0.028874
0.028888
0.028902
0.028919
0.028932
0.028208
0.028432
0.028450
0.028464
0.028477
0.028490
0.028503
0.028516
0.028529
0.028542
0.028555
0.028699
0.028926
0.028944
0.028959
0.028972
0.028986
0.029000
0.029013
0.029027
0.029040
0.029053
0.055743
0.055970
0.055988
0.056002
0.056015
0.056029
0.056042
0.056055
0.056068
0.056081
0.056094
0.030275
0.030500
0.030516
0.030530
0.030544
0.030558
0.030571
0.030584
0.030597
0.030611
0.030624
0.029931
0.030154
0.030172
0.030186
0.030201
0.030214
0.030227
0.030241
0.030254
0.030267
0.030280
0.029400
0.029619
0.029645
0.029660
0.029673
0.029687
0.029700
0.029713
0.029726
0.029739
0.029752
0.028448
0.028663
0.028689
0.028704
0.028718
0.028731
0.028744
0.028758
0.028771
0.028784
0.028797
0.031124
0.031338
0.031365
0.031379
0.031393
0.031407
0.031420
0.031434
0.031447
0.031460
0.031473
0.028932
0.029153
0.029171
0.029186
0.029212
0.029228
0.029243
0.029258
0.029273
0.029288
0.029303
0.029002
0.029214
0.029240
0.029254
0.029267
0.029280
0.029294
0.029306
0.029320
0.029332
0.029345
0.029326
0.029551
0.029568
0.029583
0.029596
0.029610
0.029624
0.029637
0.029650
0.029666
0.029679
0.030744
0.030974
0.030994
0.031010
0.031026
0.031042
0.031056
0.031072
0.031087
0.031102
0.031116
0.055311
0.055534
0.055551
0.055565
0.055579
0.055592
0.055606
0.055619
0.055632
0.055645
0.055658
0.030744
0.030963
0.030990
0.031004
0.031018
0.031031
0.031045
0.031058
0.031071
0.031084
0.031097
0.028966
0.029190
0.029207
0.029221
0.029234
0.029247
0.029260
0.029273
0.029286
0.029300
0.029314
0.028937
0.029150
0.029176
0.029191
0.029205
0.029219
0.029232
0.029245
0.029258
0.029271
0.029284
0.028925
0.029150
0.029166
0.029180
0.029193
0.029207
0.029220
0.029233
0.029246
0.029260
0.029273
0.030914
0.031142
0.031160
0.031174
0.031192
0.031205
0.031218
0.031231
0.031245
0.031257
0.031271
0.029297
0.029510
0.029536
0.029551
0.029564
0.029577
0.029590
0.029603
0.029617
0.029630
0.029644
0.028881
0.029098
0.029124
0.029139
0.029153
0.029166
0.029179
0.029193
0.029206
0.029219
0.029232
0.028887
0.029112
0.029130
0.029144
0.029157
0.029171
0.029184
0.029198
0.029211
0.029225
0.029257
0.031263
0.031480
0.031507
0.031521
0.031535
0.031548
0.031562
0.031575
0.031588
0.031601
0.031615
0.056580
0.056797
0.056823
0.056837
0.056850
0.056864
0.056877
0.056891
0.056904
0.056917
0.056929
0.031616
0.031857
0.031888
0.031916
0.031942
0.031967
0.031991
0.032014
0.032039
0.032063
0.032087
0.031714
0.031941
0.031978
0.032004
0.032030
0.032055
0.032080
0.032103
0.032131
0.032156
0.032179
0.040849
0.041096
0.041127
0.041146
0.041163
0.041181
0.041199
0.041216
0.041233
0.041250
0.041267
0.035300
0.035527
0.035545
0.035560
0.035574
0.035587
0.035601
0.035614
0.035627
0.035641
0.035654
0.032215
0.032439
0.032457
0.032471
0.032485
0.032497
0.032514
0.032531
0.032548
0.032564
0.032579
0.029354
0.029583
0.029604
0.029622
0.029638
0.029654
0.029671
0.029686
0.029702
0.029718
0.029733
0.025777
0.026008
0.026028
0.026045
0.026062
0.026079
0.026095
0.026110
0.026126
0.026141
0.026157
0.025333
0.025563
0.025583
0.025599
0.025617
0.025634
0.025650
0.025665
0.025681
0.025697
0.025712
0.026313
0.026535
0.026565
0.026582
0.026599
0.026615
0.026632
0.026648
0.026664
0.026680
0.026695
0.053253
0.053484
0.053505
0.053523
0.053540
0.053556
0.053572
0.053588
0.053604
0.053620
0.053635
0.027733
0.027955
0.027985
0.028002
0.028018
0.028034
0.028050
0.028066
0.028082
0.028099
0.028115
0.027078
0.027311
0.027331
0.027349
0.027365
0.027381
0.027397
0.027412
0.027428
0.027443
0.027459
0.024473
0.024704
0.024723
0.024740
0.024756
0.024771
0.024787
0.024803
0.024818
0.024834
0.024850
0.033559
0.033791
0.033811
0.033827
0.033844
0.033861
0.033876
0.033892
0.033908
0.033924
0.033939
0.025980
0.026210
0.026231
0.026249
0.026266
0.026283
0.026299
0.026315
0.026331
0.026347
0.026364
0.026346
0.026570
0.026588
0.026602
0.026616
0.026629
0.026643
0.026657
0.026670
0.026683
0.026696
0.025080
0.025303
0.025321
0.025335
0.025348
0.025362
0.025375
0.025388
0.025402
0.025415
0.025428
0.025137
0.025365
0.025382
0.025396
0.025410
0.025424
0.025437
0.025450
0.025463
0.025476
0.025489
0.025108
0.025331
0.025348
0.025362
0.025376
0.025389
0.025403
0.025416
0.025429
0.025443
0.025456
0.052722
0.052947
0.052964
0.052978
0.052991
0.053008
0.053021
0.053034
0.053047
0.053060
0.053072
0.026330
0.026545
0.026572
0.026586
0.026599
0.026613
0.026627
0.026640
0.026654
0.026667
0.026680
0.027045
0.027272
0.027290
0.027305
0.027319
0.027332
0.027346
0.027359
0.027372
0.027385
0.027398
0.025441
0.025673
0.025690
0.025704
0.025718
0.025732
0.025745
0.025759
0.025772
0.025785
0.025798
0.024444
0.024674
0.024691
0.024705
0.024719
0.024732
0.024745
0.024758
0.024771
0.024784
0.024797
0.025568
0.025793
0.025810
0.025825
0.025839
0.025852
0.025865
0.025879
0.025892
0.025904
0.025918
0.026553
0.026784
0.026801
0.026816
0.026829
0.026843
0.026856
0.026870
0.026882
0.026895
0.026908
0.026680
0.026906
0.026925
0.026939
0.026953
0.026967
0.026980
0.026993
0.027006
0.027019
0.027032
0.025772
0.025998
0.026016
0.026031
0.026045
0.026058
0.026071
0.026085
0.026098
0.026111
0.026124
0.025700
0.025929
0.025946
0.025960
0.025974
0.025987
0.026000
0.026013
0.026027
0.026040
0.026052
0.052270
0.052493
0.052510
0.052525
0.052539
0.052552
0.052565
0.052578
0.052591
0.052604
0.052617
0.025216
0.025445
0.025463
0.025477
0.025491
0.025504
0.025517
0.025530
0.025543
0.025556
0.025569
0.025981
0.026205
0.026222
0.026237
0.026250
0.026263
0.026276
0.026289
0.026302
0.026315
0.026329
0.027305
0.027523
0.027540
0.027553
0.027577
0.027591
0.027604
0.027617
0.027630
0.027643
0.027655
0.025794
0.026018
0.026035
0.026049
0.026063
0.026077
0.026090
0.026103
0.026116
0.026129
0.026143
0.025922
0.026148
0.026165
0.026180
0.026193
0.026206
0.026220
0.026233
0.026246
0.026259
0.026273
0.028082
0.028312
0.028330
0.028344
0.028358
0.028371
0.028385
0.028398
0.028411
0.028425
0.028438
0.024628
0.024857
0.024874
0.024888
0.024902
0.024915
0.024929
0.024942
0.024959
0.024991
0.025018
0.024436
0.024671
0.024689
0.024703
0.024717
0.024730
0.024743
0.024757
0.024770
0.024784
0.024797
0.025191
0.025408
0.025435
0.025450
0.025463
0.025477
0.025490
0.025503
0.025516
0.025529
0.025542
0.051802
0.052033
0.052050
0.052064
0.052077
0.052090
0.052104
0.052118
0.052131
0.052144
0.052157
0.025252
0.025479
0.025497
0.025511
0.025525
0.025539
0.025553
0.025566
0.025579
0.025592
0.025605
0.026098
0.026311
0.026337
0.026351
0.026365
0.026378
0.026392
0.026405
0.026418
0.026435
0.026448
0.025270
0.025488
0.025505
0.025519
0.025542
0.025556
0.025569
0.025582
0.025595
0.025609
0.025622
0.025810
0.026034
0.026051
0.026066
0.026080
0.026093
0.026106
0.026119
0.026133
0.026145
0.026158
0.024809
0.025036
0.025054
0.025068
0.025082
0.025095
0.025108
0.025121
0.025135
0.025148
0.025161
0.025777
0.026014
0.026037
0.026052
0.026066
0.026080
0.026093
0.026114
0.026133
0.026146
0.026159
0.024855
0.025079
0.025097
0.025112
0.025126
0.025139
0.025153
0.025166
0.025179
0.025192
0.025206
0.025176
0.025399
0.025417
0.025432
0.025446
0.025459
0.025473
0.025486
0.025499
0.025512
0.025525
0.026933
0.027210
0.027240
0.027275
0.027307
0.027326
0.027339
0.027353
0.027366
0.027379
0.027392
0.052455
0.052685
0.052703
0.052717
0.052731
0.052744
0.052757
0.052769
0.052782
0.052795
0.052808
0.026815
0.027043
0.027061
0.027076
0.027091
0.027104
0.027117
0.027130
0.027143
0.027156
0.027169
0.026522
0.026744
0.026762
0.026776
0.026790
0.026803
0.026816
0.026829
0.026842
0.026855
0.026868
0.026179
0.026393
0.026419
0.026434
0.026448
0.026464
0.026481
0.026496
0.026512
0.026527
0.026543
0.025727
0.025965
0.025983
0.025998
0.026011
0.026025
0.026038
0.026052
0.026065
0.026078
0.026091
0.025373
0.025605
0.025633
0.025648
0.025661
0.025675
0.025688
0.025702
0.025715
0.025728
0.025742
0.024605
0.024828
0.024849
0.024863
0.024877
0.024891
0.024904
0.024917
0.024930
0.024944
0.024956
0.025444
0.025672
0.025696
0.025719
0.025743
0.025768
0.025791
0.025816
0.025840
0.025865
0.025889
0.024408
0.024644
0.024673
0.024700
0.024725
0.024750
0.024774
0.024798
0.024822
0.024846
0.024869
0.025367
0.025588
0.025615
0.025649
0.025673
0.025698
0.025722
0.025746
0.025770
0.025794
0.025817
0.054255
0.054482
0.054499
0.054514
0.054528
0.054541
0.054554
0.054567
0.054580
0.054593
0.054605
0.027210
0.027436
0.027454
0.027468
0.027481
0.027495
0.027508
0.027521
0.027534
0.027548
0.027561
0.026594
0.026819
0.026837
0.026851
0.026865
0.026878
0.026891
0.026904
0.026918
0.026931
0.026944
0.032104
0.032367
0.032397
0.032415
0.032433
0.032451
0.032470
0.032487
0.032505
0.032522
0.032540
0.027084
0.027312
0.027331
0.027345
0.027359
0.027372
0.027385
0.027398
0.027411
0.027424
0.027437
0.025951
0.026177
0.026194
0.026208
0.026222
0.026236
0.026250
0.026263
0.026276
0.026289
0.026302
0.025788
0.026014
0.026035
0.026053
0.026070
0.026085
0.026101
0.026117
0.026132
0.026148
0.026163
0.025115
0.025345
0.025365
0.025383
0.025400
0.025417
0.025433
0.025449
0.025464
0.025480
0.025495
0.024626
0.024844
0.024863
0.024889
0.024905
0.024921
0.024936
0.024952
0.024968
0.024983
0.024999
0.024718
0.024946
0.024966
0.024983
0.024999
0.025016
0.025033
0.025048
0.025063
0.025083
0.025100
0.051083
0.051306
0.051326
0.051351
0.051374
0.051391
0.051408
0.051423
0.051439
0.051454
0.051469
0.025797
0.026027
0.026050
0.026068
0.026084
0.026101
0.026117
0.026133
0.026148
0.026164
0.026179
0.025941
0.026169
0.026190
0.026207
0.026223
0.026238
0.026254
0.026269
0.026284
0.026300
0.026315
0.025131
0.025351
0.025381
0.025398
0.025414
0.025430
0.025447
0.025464
0.025477
0.025490
0.025503
0.024769
0.024994
0.025011
0.025025
0.025039
0.025052
0.025068
0.025085
0.025101
0.025117
0.025132
0.024877
0.025095
0.025114
0.025139
0.025155
0.025171
0.025187
0.025202
0.025217
0.025232
0.025248
0.025431
0.025658
0.025677
0.025693
0.025711
0.025727
0.025742
0.025757
0.025773
0.025789
0.025805
0.025732
0.025965
0.025986
0.026002
0.026019
0.026035
0.026051
0.026066
0.026082
0.026098
0.026113
0.024493
0.024718
0.024735
0.024749
0.024762
0.024776
0.024789
0.024802
0.024815
0.024829
0.024842
0.024857
0.025082
0.025100
0.025114
0.025128
0.025141
0.025155
0.025168
0.025181
0.025194
0.025207
0.051454
0.051702
0.051720
0.051735
0.051748
0.051762
0.051775
0.051788
0.051802
0.051815
0.051828
0.026371
0.026586
0.026603
0.026617
0.026641
0.026654
0.026667
0.026680
0.026694
0.026707
0.026720
0.026615
0.026832
0.026858
0.026871
0.026885
0.026898
0.026911
0.026925
0.026938
0.026952
0.026965
0.025751
0.025975
0.025992
0.026006
0.026020
0.026034
0.026047
0.026060
0.026073
0.026086
0.026098
0.025666
0.025877
0.025903
0.025917
0.025930
0.025944
0.025957
0.025970
0.025983
0.025996
0.026009
0.026018
0.026245
0.026263
0.026278
0.026291
0.026304
0.026318
0.026331
0.026345
0.026358
0.026371
0.025758
0.025975
0.026001
0.026015
0.026028
0.026042
0.026056
0.026069
0.026082
0.026095
0.026108
0.025790
0.026003
0.026021
0.026035
0.026058
0.026071
0.026084
0.026098
0.026111
0.026124
0.026137
0.025635
0.025861
0.025877
0.025891
0.025905
0.025918
0.025931
0.025944
0.025957
0.025969
0.025982
0.034044
0.034310
0.034332
0.034351
0.034369
0.034386
0.034404
0.034421
0.034438
0.034456
0.034473
0.054016
0.054240
0.054256
0.054271
0.054284
0.054297
0.054311
0.054323
0.054336
0.054349
0.054362
0.026336
0.026551
0.026577
0.026592
0.026606
0.026619
0.026633
0.026646
0.026659
0.026672
0.026685
0.026585
0.026799
0.026826
0.026841
0.026854
0.026868
0.026881
0.026894
0.026907
0.026920
0.026933
0.025568
0.025795
0.025812
0.025827
0.025841
0.025854
0.025867
0.025880
0.025893
0.025907
0.025920
0.025548
0.025773
0.025790
0.025804
0.025818
0.025832
0.025845
0.025859
0.025872
0.025885
0.025898
0.025758
0.025972
0.025998
0.026013
0.026027
0.026040
0.026053
0.026066
0.026079
0.026092
0.026105
0.025689
0.025915
0.025933
0.025948
0.025961
0.025974
0.025988
0.026002
0.026015
0.026028
0.026041
0.025366
0.025589
0.025606
0.025620
0.025634
0.025647
0.025660
0.025673
0.025686
0.025700
0.025713
0.024943
0.025170
0.025187
0.025201
0.025214
0.025228
0.025241
0.025254
0.025267
0.025280
0.025293
0.025987
0.026202
0.026228
0.026242
0.026256
0.026269
0.026283
0.026296
0.026309
0.026323
0.026336
0.052829
0.053057
0.053074
0.053089
0.053102
0.053116
0.053129
0.053142
0.053155
0.053168
0.053181
0.029472
0.029699
0.029716
0.029731
0.029745
0.029758
0.029772
0.029785
0.029799
0.029813
0.029826
0.028603
0.028829
0.028847
0.028861
0.028875
0.028889
0.028902
0.028915
0.028929
0.028941
0.028954
0.026725
0.026954
0.026971
0.026985
0.026999
0.027013
0.027026
0.027040
0.027053
0.027066
0.027080
0.029004
0.029230
0.029248
0.029262
0.029276
0.029289
0.029302
0.029315
0.029328
0.029341
0.029354
0.031148
0.031376
0.031393
0.031407
0.031421
0.031435
0.031448
0.031462
0.031475
0.031488
0.031502
0.031899
0.032127
0.032144
0.032158
0.032171
0.032185
0.032198
0.032211
0.032224
0.032238
0.032250
0.031216
0.031430
0.031456
0.031470
0.031484
0.031498
0.031511
0.031524
0.031537
0.031550
0.031563
0.031293
0.031520
0.031537
0.031551
0.031565
0.031579
0.031592
0.031605
0.031618
0.031631
0.031644
0.031428
0.031657
0.031674
0.031688
0.031702
0.031715
0.031729
0.031742
0.031755
0.031768
0.031781
0.056178
0.056405
0.056429
0.056453
0.056479
0.056504
0.056527
0.056552
0.056575
0.056599
0.056623
0.031580
0.031802
0.031845
0.031872
0.031897
0.031921
0.031947
0.031971
0.031995
0.032019
0.032043
0.031590
0.031822
0.031861
0.031887
0.031911
0.031936
0.031960
0.031983
0.032007
0.032031
0.032054
0.030227
0.030447
0.030473
0.030508
0.030532
0.030557
0.030581
0.030605
0.030629
0.030653
0.030677
0.029515
0.029761
0.029793
0.029819
0.029844
0.029868
0.029893
0.029916
0.029941
0.029964
0.029988
0.025843
0.026069
0.026086
0.026100
0.026113
0.026127
0.026139
0.026153
0.026165
0.026179
0.026191
0.028324
0.028558
0.028576
0.028590
0.028604
0.028617
0.028630
0.028643
0.028656
0.028669
0.028682
0.029078
0.029308
0.029325
0.029339
0.029352
0.029367
0.029380
0.029393
0.029406
0.029419
0.029432
0.026450
0.026680
0.026699
0.026717
0.026733
0.026749
0.026764
0.026780
0.026796
0.026812
0.026827
0.029291
0.029521
0.029540
0.029557
0.029572
0.029588
0.029603
0.029618
0.029633
0.029648
0.029663
0.051785
0.052011
0.052031
0.052048
0.052064
0.052080
0.052095
0.052111
0.052128
0.052144
0.052159
0.027767
0.027993
0.028015
0.028032
0.028050
0.028070
0.028086
0.028102
0.028118
0.028133
0.028149
0.025824
0.026050
0.026069
0.026087
0.026103
0.026119
0.026135
0.026153
0.026167
0.026181
0.026196
0.025038
0.025264
0.025281
0.025295
0.025309
0.025322
0.025336
0.025349
0.025362
0.025375
0.025388
0.024889
0.025114
0.025131
0.025145
0.025159
0.025172
0.025186
0.025199
0.025216
0.025234
0.025250
0.024992
0.025224
0.025243
0.025260
0.025277
0.025293
0.025310
0.025325
0.025341
0.025357
0.025373
0.025192
0.025421
0.025440
0.025456
0.025472
0.025488
0.025504
0.025520
0.025535
0.025550
0.025565
0.026326
0.026561
0.026582
0.026598
0.026616
0.026633
0.026650
0.026666
0.026682
0.026698
0.026714
0.025774
0.026003
0.026024
0.026041
0.026059
0.026076
0.026089
0.026103
0.026116
0.026132
0.026145
0.027183
0.027413
