1.839251
0.030964
0.031242
0.031261
0.031276
0.031292
0.031307
0.031322
0.031339
0.031354
0.031368
0.031382
0.031818
0.032096
0.032127
0.032146
0.032164
0.032184
0.032202
0.032220
0.032239
0.032258
0.032276
0.027283
0.027519
0.027534
0.027548
0.027561
0.027578
0.027592
0.027606
0.027620
0.027634
0.027648
0.030583
0.030834
0.030854
0.030880
0.030899
0.030917
0.030935
0.030953
0.030971
0.030989
0.031007
0.023545
0.023766
0.023782
0.023796
0.023815
0.023829
0.023843
0.023857
0.023870
0.023884
0.023897
0.022388
0.022614
0.022631
0.022650
0.022665
0.022678
0.022691
0.022704
0.022717
0.022730
0.022743
0.022960
0.023182
0.023199
0.023213
0.023226
0.023240
0.023256
0.023269
0.023283
0.023296
0.023309
0.022408
0.022632
0.022652
0.022668
0.022685
0.022701
0.022717
0.022732
0.022747
0.022763
0.022779
0.023148
0.023377
0.023396
0.023413
0.023429
0.023445
0.023461
0.023476
0.023492
0.023508
0.023524
0.047092
0.047326
0.047347
0.047364
0.047380
0.047396
0.047412
0.047430
0.047446
0.047462
0.047477
0.023612
0.023843
0.023864
0.023881
0.023896
0.023913
0.023928
0.023944
0.023959
0.023975
0.023990
0.022856
0.023074
0.023104
0.023121
0.023137
0.023155
0.023170
0.023186
0.023202
0.023217
0.023232
0.022696
0.022931
0.022952
0.022969
0.022985
0.023001
0.023017
0.023034
0.023050
0.023066
0.023081
0.022707
0.022935
0.022955
0.022972
0.022989
0.023008
0.023024
0.023040
0.023056
0.023071
0.023086
0.022725
0.022957
0.022986
0.023003
0.023019
0.023036
0.023051
0.023067
0.023083
0.023098
0.023113
0.023874
0.024099
0.024117
0.024131
0.024144
0.024158
0.024171
0.024184
0.024199
0.024212
0.024225
0.022961
0.023194
0.023213
0.023228
0.023242
0.023256
0.023269
0.023283
0.023296
0.023309
0.023322
0.023910
0.024134
0.024152
0.024166
0.024180
0.024193
0.024206
0.024220
0.024232
0.024245
0.024258
0.023569
0.023794
0.023811
0.023828
0.023842
0.023855
0.023868
0.023881
0.023895
0.023907
0.023920
0.048292
0.048514
0.048531
0.048545
0.048558
0.048571
0.048584
0.048598
0.048611
0.048624
0.048637
0.023512
0.023739
0.023756
0.023770
0.023783
0.023797
0.023810
0.023824
0.023837
0.023850
0.023863
0.023784
0.024010
0.024029
0.024043
0.024057
0.024070
0.024083
0.024096
0.024109
0.024123
0.024137
0.023407
0.023631
0.023648
0.023662
0.023675
0.023688
0.023701
0.023715
0.023728
0.023741
0.023753
0.022908
0.023132
0.023149
0.023163
0.023177
0.023191
0.023204
0.023217
0.023230
0.023243
0.023257
0.023400
0.023615
0.023641
0.023656
0.023669
0.023684
0.023697
0.023710
0.023724
0.023736
0.023750
0.023088
0.023300
0.023325
0.023339
0.023352
0.023365
0.023378
0.023391
0.023404
0.023417
0.023429
0.022921
0.023146
0.023164
0.023178
0.023191
0.023204
0.023217
0.023230
0.023243
0.023256
0.023269
0.023053
0.023261
0.023278
0.023291
0.023314
0.023328
0.023341
0.023355
0.023368
0.023382
0.023395
0.023539
0.023766
0.023783
0.023798
0.023811
0.023824
0.023837
0.023850
0.023863
0.023876
0.023888
0.050116
0.050330
0.050357
0.050371
0.050385
0.050399
0.050412
0.050425
0.050438
0.050451
0.050465
0.024610
0.024836
0.024853
0.024868
0.024881
0.024894
0.024908
0.024921
0.024935
0.024948
0.024961
0.024540
0.024767
0.024785
0.024799
0.024813
0.024827
0.024840
0.024853
0.024867
0.024880
0.024893
0.023802
0.024048
0.024069
0.024083
0.024097
0.024111
0.024124
0.024137
0.024150
0.024163
0.024176
0.023910
0.024135
0.024152
0.024167
0.024180
0.024193
0.024206
0.024220
0.024233
0.024246
0.024258
0.024179
0.024404
0.024421
0.024435
0.024448
0.024462
0.024475
0.024488
0.024501
0.024515
0.024528
0.025172
0.025400
0.025418
0.025432
0.025446
0.025459
0.025472
0.025485
0.025498
0.025511
0.025524
0.025237
0.025463
0.025480
0.025494
0.025507
0.025521
0.025534
0.025547
0.025560
0.025576
0.025589
0.025260
0.025486
0.025504
0.025518
0.025532
0.025546
0.025559
0.025572
0.025585
0.025598
0.025611
0.025083
0.025312
0.025330
0.025345
0.025359
0.025372
0.025385
0.025399
0.025412
0.025424
0.025438
0.052198
0.052425
0.052442
0.052456
0.052469
0.052483
0.052496
0.052509
0.052522
0.052535
0.052548
0.025914
0.026143
0.026160
0.026174
0.026187
0.026201
0.026215
0.026228
0.026241
0.026254
0.026267
0.025627
0.025841
0.025868
0.025882
0.025896
0.025910
0.025923
0.025936
0.025949
0.025962
0.025975
0.024438
0.024665
0.024683
0.024697
0.024711
0.024724
0.024738
0.024750
0.024764
0.024777
0.024790
0.024898
0.025123
0.025141
0.025156
0.025170
0.025183
0.025196
0.025210
0.025223
0.025236
0.025249
0.024793
0.025026
0.025045
0.025059
0.025074
0.025087
0.025100
0.025113
0.025127
0.025140
0.025152
0.025074
0.025300
0.025318
0.025332
0.025346
0.025359
0.025372
0.025385
0.025398
0.025411
0.025424
0.024735
0.024964
0.024982
0.024997
0.025011
0.025024
0.025038
0.025051
0.025064
0.025077
0.025091
0.024737
0.024962
0.024979
0.024994
0.025008
0.025021
0.025035
0.025048
0.025061
0.025077
0.025090
0.024244
0.024470
0.024487
0.024500
0.024514
0.024527
0.024541
0.024554
0.024567
0.024580
0.024593
0.062528
0.062783
0.062804
0.062832
0.062850
0.062867
0.062885
0.062902
0.062920
0.062937
0.062955
0.029287
0.029518
0.029535
0.029549
0.029563
0.029577
0.029590
0.029603
0.029616
0.029629
0.029642
0.024037
0.024262
0.024279
0.024293
0.024306
0.024319
0.024333
0.024346
0.024359
0.024371
0.024384
0.023924
0.024148
0.024165
0.024179
0.024193
0.024206
0.024219
0.024232
0.024246
0.024258
0.024271
0.024894
0.025125
0.025143
0.025157
0.025171
0.025184
0.025197
0.025210
0.025223
0.025236
0.025249
0.025502
0.025724
0.025742
0.025757
0.025775
0.025788
0.025802
0.025815
0.025828
0.025841
0.025854
0.025575
0.025792
0.025818
0.025832
0.025849
0.025867
0.025882
0.025898
0.025915
0.025931
0.025948
0.024235
0.024464
0.024484
0.024501
0.024518
0.024533
0.024549
0.024565
0.024581
0.024598
0.024614
0.024150
0.024381
0.024400
0.024417
0.024434
0.024449
0.024465
0.024481
0.024496
0.024512
0.024528
0.024280
0.024509
0.024529
0.024548
0.024565
0.024581
0.024597
0.024612
0.024628
0.024644
0.024660
0.050709
0.050939
0.050959
0.050977
0.050993
0.051009
0.051026
0.051042
0.051059
0.051074
0.051090
0.024783
0.025002
0.025033
0.025051
0.025068
0.025084
0.025100
0.025115
0.025132
0.025147
0.025163
0.025231
0.025458
0.025478
0.025496
0.025512
0.025529
0.025544
0.025560
0.025578
0.025593
0.025609
0.025333
0.025557
0.025575
0.025589
0.025603
0.025616
0.025633
0.025651
0.025668
0.025684
0.025700
0.024677
0.024905
0.024924
0.024942
0.024958
0.024974
0.024989
0.025005
0.025022
0.025038
0.025054
0.024023
0.024252
0.024272
0.024289
0.024307
0.024328
0.024361
0.024388
0.024417
0.024443
0.024459
0.024320
0.024538
0.024565
0.024579
0.024593
0.024606
0.024619
0.024633
0.024646
0.024660
0.024673
0.023732
0.023955
0.023973
0.023987
0.024001
0.024014
0.024027
0.024040
0.024053
0.024066
0.024079
0.024868
0.025091
0.025108
0.025122
0.025138
0.025157
0.025173
0.025189
0.025205
0.025221
0.025237
0.024498
0.024717
0.024746
0.024764
0.024781
0.024797
0.024813
0.024828
0.024845
0.024860
0.024876
0.050770
0.050998
0.051018
0.051035
0.051051
0.051068
0.051085
0.051101
0.051117
0.051133
0.051149
0.024768
0.025003
0.025022
0.025037
0.025050
0.025063
0.025080
0.025098
0.025114
0.025130
0.025146
0.025387
0.025619
0.025640
0.025657
0.025673
0.025689
0.025705
0.025720
0.025736
0.025751
0.025766
0.025389
0.025616
0.025638
0.025655
0.025671
0.025687
0.025702
0.025718
0.025733
0.025749
0.025764
0.024672
0.024900
0.024920
0.024937
0.024953
0.024969
0.024984
0.025000
0.025015
0.025030
0.025045
0.024491
0.024727
0.024747
0.024764
0.024780
0.024796
0.024812
0.024827
0.024843
0.024859
0.024874
0.023497
0.023730
0.023751
0.023777
0.023793
0.023809
0.023825
0.023840
0.023856
0.023871
0.023887
0.023460
0.023695
0.023714
0.023731
0.023747
0.023763
0.023779
0.023794
0.023810
0.023826
0.023842
0.024404
0.024632
0.024652
0.024668
0.024685
0.024700
0.024717
0.024734
0.024751
0.024767
0.024782
0.023859
0.024085
0.024103
0.024117
0.024131
0.024145
0.024158
0.024171
0.024184
0.024198
0.024211
0.050303
0.050543
0.050575
0.050601
0.050626
0.050653
0.050677
0.050701
0.050731
0.050755
0.050779
0.025208
0.025438
0.025468
0.025491
0.025517
0.025541
0.025565
0.025589
0.025613
0.025636
0.025660
0.031320
0.031574
0.031604
0.031624
0.031642
0.031660
0.031678
0.031695
0.031713
0.031730
0.031747
0.027744
0.027987
0.028016
0.028044
0.028069
0.028094
0.028119
0.028144
0.028168
0.028192
0.028216
0.024648
0.024877
0.024901
0.024925
0.024950
0.024975
0.025000
0.025024
0.025048
0.025072
0.025100
0.025331
0.025573
0.025607
0.025632
0.025658
0.025683
0.025707
0.025732
0.025756
0.025779
0.025804
0.025424
0.025662
0.025695
0.025721
0.025748
0.025772
0.025796
0.025821
0.025844
0.025868
0.025893
0.025354
0.025581
0.025612
0.025644
0.025671
0.025695
0.025719
0.025743
0.025768
0.025792
0.025815
0.025281
0.025520
0.025554
0.025579
0.025604
0.025629
0.025653
0.025676
0.025701
0.025724
0.025748
0.032236
0.032489
0.032510
0.032537
0.032555
0.032573
0.032591
0.032608
0.032626
0.032644
0.032661
0.053559
0.053798
0.053829
0.053856
0.053882
0.053908
0.053933
0.053957
0.053981
0.054005
0.054029
0.024912
0.025141
0.025170
0.025193
0.025218
0.025242
0.025268
0.025292
0.025316
0.025340
0.025364
0.027678
0.027920
0.027949
0.027977
0.028004
0.028030
0.028055
0.028080
0.028104
0.028128
0.028152
0.024417
0.024651
0.024683
0.024709
0.024734
0.024760
0.024784
0.024808
0.024832
0.024856
0.024880
0.024294
0.024521
0.024549
0.024573
0.024599
0.024622
0.024646
0.024670
0.024695
0.024719
0.024743
0.024772
0.025004
0.025034
0.025058
0.025084
0.025107
0.025131
0.025155
0.025180
0.025204
0.025228
0.026019
0.026263
0.026295
0.026322
0.026347
0.026371
0.026396
0.026420
0.026443
0.026467
0.026490
0.024811
0.025022
0.025049
0.025063
0.025077
0.025091
0.025104
0.025117
0.025131
0.025144
0.025157
0.025585
0.025800
0.025827
0.025841
0.025855
0.025868
0.025881
0.025894
0.025907
0.025920
0.025933
0.024323
0.024542
0.024559
0.024574
0.024588
0.024601
0.024615
0.024628
0.024641
0.024654
0.024667
0.050231
0.050456
0.050473
0.050488
0.050501
0.050514
0.050528
0.050541
0.050554
0.050567
0.050580
0.024662
0.024887
0.024904
0.024919
0.024932
0.024946
0.024959
0.024972
0.024985
0.024998
0.025011
0.025315
0.025544
0.025562
0.025576
0.025590
0.025604
0.025617
0.025630
0.025643
0.025661
0.025674
0.024305
0.024529
0.024546
0.024560
0.024574
0.024587
0.024601
0.024614
0.024627
0.024640
0.024653
0.024663
0.024888
0.024905
0.024919
0.024933
0.024946
0.024959
0.024972
0.024985
0.024998
0.025011
0.024180
0.024396
0.024423
0.024438
0.024451
0.024464
0.024477
0.024491
0.024504
0.024517
0.024529
0.024917
0.025143
0.025160
0.025175
0.025189
0.025202
0.025215
0.025229
0.025241
0.025254
0.025268
0.024750
0.024975
0.024993
0.025007
0.025021
0.025034
0.025048
0.025061
0.025074
0.025087
0.025100
0.032439
0.032682
0.032712
0.032731
0.032749
0.032766
0.032784
0.032801
0.032819
0.032836
0.032854
0.027930
0.028163
0.028181
0.028195
0.028209
0.028222
0.028236
0.028249
0.028262
0.028276
0.028289
0.051444
0.051671
0.051688
0.051703
0.051717
0.051730
0.051744
0.051757
0.051771
0.051785
0.051798
0.025681
0.025902
0.025922
0.025949
0.025965
0.025983
0.025999
0.026015
0.026031
0.026046
0.026062
0.025192
0.025407
0.025434
0.025448
0.025462
0.025475
0.025489
0.025502
0.025515
0.025528
0.025542
0.025120
0.025342
0.025359
0.025373
0.025387
0.025401
0.025414
0.025427
0.025440
0.025452
0.025465
0.024214
0.024423
0.024450
0.024464
0.024478
0.024492
0.024505
0.024518
0.024531
0.024545
0.024558
0.024246
0.024471
0.024489
0.024503
0.024516
0.024530
0.024543
0.024556
0.024569
0.024582
0.024595
0.024186
0.024398
0.024430
0.024444
0.024458
0.024472
0.024485
0.024498
0.024511
0.024524
0.024537
0.024318
0.024541
0.024558
0.024572
0.024586
0.024599
0.024612
0.024625
0.024637
0.024650
0.024663
0.024345
0.024571
0.024588
0.024603
0.024616
0.024630
0.024643
0.024656
0.024669
0.024682
0.024695
0.023686
0.023908
0.023926
0.023940
0.023954
0.023967
0.023980
0.023993
0.024006
0.024019
0.024032
0.049340
0.049556
0.049573
0.049587
0.049600
0.049614
0.049627
0.049640
0.049653
0.049666
0.049679
0.025725
0.025954
0.025972
0.025987
0.026001
0.026014
0.026027
0.026041
0.026053
0.026066
0.026079
0.025502
0.025724
0.025742
0.025756
0.025769
0.025783
0.025797
0.025810
0.025822
0.025835
0.025848
0.025554
0.025769
0.025800
0.025815
0.025828
0.025842
0.025855
0.025868
0.025881
0.025894
0.025907
0.024995
0.025222
0.025239
0.025254
0.025267
0.025280
0.025293
0.025306
0.025319
0.025332
0.025345
0.024511
0.024735
0.024752
0.024767
0.024780
0.024794
0.024807
0.024820
0.024833
0.024846
0.024859
0.024481
0.024705
0.024724
0.024738
0.024752
0.024765
0.024778
0.024791
0.024804
0.024817
0.024830
0.024402
0.024636
0.024662
0.024677
0.024691
0.024704
0.024717
0.024731
0.024744
0.024757
0.024771
0.024341
0.024570
0.024590
0.024607
0.024624
0.024639
0.024656
0.024671
0.024687
0.024702
0.024718
0.023758
0.023988
0.024008
0.024024
0.024041
0.024057
0.024073
0.024089
0.024105
0.024121
0.024136
0.052220
0.052447
0.052468
0.052485
0.052503
0.052519
0.052536
0.052551
0.052567
0.052582
0.052598
0.025625
0.025858
0.025878
0.025893
0.025907
0.025920
0.025934
0.025948
0.025961
0.025974
0.025987
0.024257
0.024483
0.024500
0.024514
0.024528
0.024542
0.024555
0.024568
0.024582
0.024595
0.024608
0.025230
0.025454
0.025470
0.025485
0.025499
0.025512
0.025526
0.025539
0.025552
0.025565
0.025578
0.023811
0.024022
0.024049
0.024063
0.024076
0.024089
0.024103
0.024116
0.024129
0.024141
0.024154
0.024200
0.024425
0.024443
0.024457
0.024470
0.024483
0.024497
0.024510
0.024523
0.024536
0.024549
0.024395
0.024617
0.024634
0.024648
0.024662
0.024675
0.024688
0.024701
0.024714
0.024727
0.024740
0.024965
0.025192
0.025210
0.025224
0.025239
0.025252
0.025266
0.025279
0.025292
0.025306
0.025319
0.023905
0.024116
0.024143
0.024157
0.024170
0.024183
0.024196
0.024209
0.024222
0.024235
0.024247
0.024011
0.024239
0.024256
0.024271
0.024285
0.024298
0.024311
0.024324
0.024337
0.024350
0.024364
0.050860
0.051072
0.051099
0.051113
0.051127
0.051140
0.051153
0.051166
0.051179
0.051192
0.051205
0.025783
0.026012
0.026030
0.026045
0.026058
0.026072
0.026085
0.026098
0.026111
0.026124
0.026137
0.024312
0.024539
0.024557
0.024571
0.024585
0.024598
0.024612
0.024625
0.024638
0.024651
0.024664
0.025367
0.025596
0.025614
0.025628
0.025642
0.025655
0.025669
0.025682
0.025695
0.025708
0.025721
0.024864
0.025090
0.025107
0.025121
0.025135
0.025148
0.025162
0.025175
0.025188
0.025201
0.025214
0.023904
0.024128
0.024146
0.024161
0.024174
0.024188
0.024201
0.024215
0.024228
0.024241
0.024255
0.025105
0.025320
0.025346
0.025360
0.025374
0.025388
0.025401
0.025414
0.025428
0.025441
0.025454
0.024989
0.025209
0.025227
0.025241
0.025255
0.025268
0.025282
0.025295
0.025308
0.025321
0.025334
0.024883
0.025101
0.025118
0.025132
0.025145
0.025167
0.025180
0.025193
0.025206
0.025219
0.025232
0.024997
0.025220
0.025237
0.025251
0.025265
0.025278
0.025292
0.025305
0.025318
0.025331
0.025344
0.051092
0.051319
0.051336
0.051351
0.051364
0.051378
0.051391
0.051404
0.051417
0.051430
0.051443
0.025294
0.025529
0.025547
0.025562
0.025575
0.025589
0.025602
0.025615
0.025628
0.025641
0.025654
0.025100
0.025324
0.025340
0.025354
0.025368
0.025381
0.025394
0.025407
0.025420
0.025433
0.025447
0.025567
0.025794
0.025812
0.025826
0.025839
0.025853
0.025866
0.025880
0.025893
0.025906
0.025919
0.025269
0.025491
0.025508
0.025522
0.025536
0.025550
0.025563
0.025580
0.025594
0.025607
0.025620
0.024813
0.025038
0.025056
0.025070
0.025084
0.025097
0.025111
0.025124
0.025137
0.025150
0.025163
0.024483
0.024697
0.024724
0.024738
0.024751
0.024765
0.024779
0.024792
0.024806
0.024819
0.024836
0.024447
0.024675
0.024695
0.024712
0.024728
0.024744
0.024760
0.024776
0.024791
0.024806
0.024822
0.024330
0.024562
0.024582
0.024600
0.024615
0.024631
0.024647
0.024662
0.024678
0.024694
0.024709
0.024451
0.024679
0.024701
0.024719
0.024736
0.024753
0.024769
0.024785
0.024801
0.024816
0.024831
0.050522
0.050750
0.050771
0.050788
0.050804
0.050820
0.050836
0.050852
0.050867
0.050883
0.050897
0.025384
0.025612
0.025633
0.025651
0.025668
0.025684
0.025700
0.025716
0.025731
0.025747
0.025763
0.025650
0.025880
0.025900
0.025918
0.025934
0.025950
0.025966
0.025982
0.025997
0.026013
0.026028
0.025251
0.025467
0.025497
0.025514
0.025530
0.025546
0.025561
0.025577
0.025592
0.025608
0.025624
0.025660
0.025890
0.025907
0.025921
0.025935
0.025948
0.025961
0.025975
0.025987
0.026000
0.026013
0.025194
0.025421
0.025438
0.025452
0.025466
0.025479
0.025492
0.025505
0.025517
0.025530
0.025543
0.024686
0.024910
0.024927
0.024942
0.024956
0.024969
0.024982
0.024996
0.025009
0.025022
0.025035
0.024568
0.024786
0.024803
0.024827
0.024840
0.024853
0.024866
0.024879
0.024892
0.024905
0.024918
0.024855
0.025066
0.025082
0.025106
0.025120
0.025133
0.025146
0.025159
0.025172
0.025185
0.025198
0.024759
0.024984
0.025001
0.025016
0.025029
0.025043
0.025056
0.025069
0.025083
0.025095
0.025109
0.050564
0.050783
0.050801
0.050815
0.050829
0.050843
0.050856
0.050869
0.050882
0.050895
0.050908
0.024854
0.025079
0.025097
0.025111
0.025124
0.025138
0.025151
0.025164
0.025177
0.025190
0.025203
0.025758
0.025980
0.025998
0.026012
0.026026
0.026039
0.026052
0.026065
0.026078
0.026091
0.026103
0.026470
0.026695
0.026712
0.026726
0.026740
0.026753
0.026766
0.026779
0.026792
0.026805
0.026818
0.024878
0.025103
0.025120
0.025135
0.025148
0.025161
0.025174
0.025187
0.025200
0.025213
0.025226
0.024509
0.024733
0.024750
0.024764
0.024778
0.024791
0.024805
0.024818
0.024832
0.024844
0.024858
0.024341
0.024565
0.024582
0.024596
0.024610
0.024623
0.024636
0.024650
0.024662
0.024675
0.024688
0.024389
0.024612
0.024630
0.024645
0.024658
0.024673
0.024686
0.024699
0.024713
0.024727
0.024740
0.024358
0.024573
0.024599
0.024613
0.024626
0.024640
0.024653
0.024666
0.024678
0.024691
0.024704
0.024435
0.024659
0.024676
0.024690
0.024704
0.024718
0.024731
0.024744
0.024758
0.024771
0.024784
0.051966
0.052185
0.052202
0.052216
0.052230
0.052243
0.052256
0.052269
0.052283
0.052295
0.052308
0.025119
0.025343
0.025361
0.025376
0.025390
0.025403
0.025417
0.025430
0.025443
0.025456
0.025470
0.024700
0.024925
0.024942
0.024957
0.024970
0.024984
0.024996
0.025009
0.025023
0.025035
0.025048
0.025404
0.025624
0.025641
0.025655
0.025669
0.025683
0.025697
0.025710
0.025723
0.025736
0.025749
0.025534
0.025745
0.025772
0.025786
0.025800
0.025814
0.025827
0.025841
0.025854
0.025867
0.025880
0.024643
0.024868
0.024886
0.024900
0.024914
0.024928
0.024940
0.024953
0.024966
0.024979
0.024992
0.024809
0.025030
0.025047
0.025061
0.025074
0.025088
0.025100
0.025113
0.025126
0.025139
0.025151
0.024482
0.024705
0.024722
0.024737
0.024751
0.024764
0.024778
0.024791
0.024805
0.024818
0.024831
0.024533
0.024747
0.024763
0.024777
0.024800
0.024815
0.024829
0.024841
0.024854
0.024867
0.024879
0.024448
0.024657
0.024683
0.024697
0.024711
0.024724
0.024738
0.024751
0.024764
0.024777
0.024790
0.050377
0.050601
0.050618
0.050632
0.050646
0.050659
0.050672
0.050685
0.050698
0.050711
0.050724
0.024040
0.024262
0.024280
0.024294
0.024308
0.024321
0.024335
0.024348
0.024361
0.024374
0.024387
0.024950
0.025176
0.025193
0.025208
0.025221
0.025234
0.025247
0.025260
0.025273
0.025286
0.025299
0.025614
0.025848
0.025881
0.025907
0.025933
0.025957
0.025981
0.026005
0.026030
0.026053
0.026077
0.025558
0.025796
0.025827
0.025854
0.025880
0.025906
0.025929
0.025954
0.025978
0.026002
0.026026
0.025254
0.025494
0.025525
0.025552
0.025578
0.025604
0.025628
0.025652
0.025676
0.025699
0.025723
0.024669
0.024895
0.024932
0.024959
0.024983
0.025007
0.025033
0.025057
0.025080
0.025105
0.025129
0.024708
0.024945
0.024974
0.025002
0.025029
0.025055
0.025080
0.025104
0.025129
0.025153
0.025176
0.024675
0.024890
0.024914
0.024947
0.024971
0.024996
0.025020
0.025043
0.025068
0.025092
0.025115
0.025099
0.025334
0.025364
0.025391
0.025418
0.025442
0.025467
0.025492
0.025517
0.025541
0.025564
0.050230
0.050445
0.050478
0.050503
0.050528
0.050552
0.050576
0.050600
0.050625
0.050649
0.050673
0.025168
0.025395
0.025424
0.025449
0.025474
0.025497
0.025522
0.025546
0.025570
0.025594
0.025618
0.025485
0.025703
0.025738
0.025767
0.025793
0.025807
0.025821
0.025838
0.025853
0.025871
0.025885
0.024409
0.024637
0.024655
0.024669
0.024683
0.024696
0.024709
0.024722
0.024735
0.024749
0.024762
0.025134
0.025361
0.025379
0.025393
0.025407
0.025420
0.025434
0.025447
0.025463
0.025480
0.025495
0.026547
0.026773
0.026791
0.026805
0.026818
0.026832
0.026845
0.026858
0.026872
0.026885
0.026898
0.024748
0.024973
0.025012
0.025039
0.025064
0.025089
0.025112
0.025136
0.025159
0.025184
0.025207
0.024969
0.025203
0.025234
0.025262
0.025287
0.025312
0.025336
0.025360
0.025384
0.025408
0.025432
0.024053
0.024294
0.024324
0.024352
0.024377
0.024402
0.024426
0.024450
0.024474
0.024498
0.024521
0.024818
0.025058
0.025090
0.025117
0.025144
0.025169
0.025194
0.025218
0.025242
0.025266
0.025290
0.049870
0.050100
0.050133
0.050162
0.050186
0.050213
0.050237
0.050261
0.050285
0.050309
0.050333
0.025169
0.025401
0.025430
0.025454
0.025479
0.025503
0.025527
0.025552
0.025575
0.025599
0.025623
0.025859
0.026097
0.026129
0.026154
0.026179
0.026211
0.026235
0.026260
0.026283
0.026307
0.026331
0.025728
0.025945
0.025975
0.025992
0.026008
0.026025
0.026040
0.026056
0.026072
0.026088
0.026104
0.025328
0.025555
0.025577
0.025594
0.025610
0.025626
0.025642
0.025657
0.025673
0.025689
0.025705
0.024820
0.025051
0.025077
0.025095
0.025112
0.025129
0.025145
0.025161
0.025177
0.025193
0.025209
0.024420
0.024653
0.024675
0.024693
0.024709
0.024725
0.024741
0.024757
0.024773
0.024788
0.024803
0.024373
0.024600
0.024620
0.024639
0.024656
0.024675
0.024692
0.024708
0.024724
0.024739
0.024755
0.024533
0.024763
0.024784
0.024802
0.024818
0.024834
0.024849
0.024865
0.024881
0.024897
0.024912
0.024521
0.024750
0.024770
0.024789
0.024805
0.024821
0.024837
0.024853
0.024868
0.024885
0.024902
0.054908
0.055132
0.055161
0.055179
0.055196
0.055211
0.055227
0.055242
0.055258
0.055273
0.055289
0.025125
0.025356
0.025377
0.025394
0.025411
0.025428
0.025445
0.025461
0.025477
0.025494
0.025509
0.025689
0.025916
0.025937
0.025955
0.025972
0.025988
0.026004
0.026019
0.026035
0.026051
0.026066
0.026604
0.026830
0.026850
0.026867
0.026886
0.026921
0.026942
0.026957
0.026971
0.026985
0.026998
0.024559
0.024785
0.024802
0.024817
0.024830
0.024844
0.024857
0.024869
0.024883
0.024896
0.024909
0.024252
0.024478
0.024495
0.024510
0.024523
0.024537
0.024551
0.024565
0.024578
0.024591
0.024605
0.023463
0.023689
0.023706
0.023721
0.023734
0.023748
0.023761
0.023774
0.023787
0.023800
0.023813
0.025675
0.025907
0.025924
0.025939
0.025953
0.025967
0.025980
0.025994
0.026007
0.026020
0.026033
0.026103
0.026327
0.026353
0.026367
0.026381
0.026394
0.026407
0.026421
0.026433
0.026447
0.026460
0.026231
0.026461
0.026479
0.026494
0.026508
0.026521
0.026534
0.026547
0.026561
0.026573
0.026586
0.051708
0.051937
0.051954
0.051968
0.051981
0.051995
0.052008
0.052021
0.052033
0.052046
0.052060
0.025648
0.025877
0.025894
0.025909
0.025922
0.025936
0.025949
0.025962
0.025975
0.025988
0.026001
0.026145
0.026378
0.026396
0.026410
0.026424
0.026437
0.026451
0.026464
0.026477
0.026490
0.026503
0.026835
0.027071
0.027089
0.027103
0.027117
0.027131
0.027144
0.027157
0.027170
0.027183
0.027196
0.025346
0.025574
0.025592
0.025606
0.025620
0.025633
0.025646
0.025659
0.025672
0.025685
0.025698
0.025526
0.025752
0.025769
0.025783
0.025797
0.025810
0.025824
0.025837
0.025850
0.025863
0.025876
0.025512
0.025740
0.025758
0.025772
0.025785
0.025799
0.025812
0.025825
0.025838
0.025851
0.025864
0.025204
0.025427
0.025445
0.025459
0.025473
0.025486
0.025500
0.025513
0.025526
0.025538
0.025551
0.024836
0.025061
0.025079
0.025093
0.025107
0.025120
0.025133
0.025146
0.025159
0.025172
0.025185
0.024905
0.025131
0.025148
0.025163
0.025176
0.025198
0.025212
0.025225
0.025238
0.025251
0.025265
0.050799
0.051027
0.051044
0.051058
0.051072
0.051085
0.051099
0.051112
0.051125
0.051138
0.051151
0.024812
0.025038
0.025056
0.025071
0.025084
0.025098
0.025111
0.025124
0.025137
0.025151
0.025164
0.025485
0.025708
0.025726
0.025740
0.025753
0.025767
0.025780
0.025793
0.025806
0.025819
0.025832
0.025556
0.025779
0.025797
0.025811
0.025825
0.025839
0.025851
0.025865
0.025878
0.025891
0.025904
0.025199
0.025423
0.025440
0.025454
0.025468
0.025481
0.025494
0.025507
0.025520
0.025533
0.025546
0.024513
0.024740
0.024758
0.024772
0.024786
0.024800
0.024813
0.024826
0.024840
0.024853
0.024866
0.024461
0.024687
0.024704
0.024718
0.024732
0.024746
0.024760
0.024773
0.024786
0.024799
0.024812
0.025318
0.025547
0.025563
0.025578
0.025591
0.025604
0.025618
0.025630
0.025643
0.025656
0.025669
0.024671
0.024900
0.024916
0.024930
0.024944
0.024958
0.024971
0.024984
0.024997
0.025010
0.025023
0.024320
0.024533
0.024559
0.024573
0.024587
0.024601
0.024614
0.024627
0.024641
0.024654
0.024667
0.050195
0.050407
0.050424
0.050438
0.050461
0.050475
0.050488
0.050500
0.050514
0.050527
0.050539
0.024841
0.025054
0.025082
0.025097
0.025110
0.025124
0.025136
0.025150
0.025163
0.025176
0.025189
0.025613
0.025839
0.025867
0.025881
0.025895
0.025908
0.025921
0.025939
0.025952
0.025965
0.025978
0.025562
0.025788
0.025805
0.025819
0.025832
0.025846
0.025859
0.025872
0.025885
0.025898
0.025910
0.024687
0.024912
0.024929
0.024944
0.024957
0.024971
0.024984
0.024997
0.025010
0.025023
0.025036
0.024373
0.024585
0.024612
0.024627
0.024640
0.024654
0.024667
0.024680
0.024693
0.024706
0.024719
0.024307
0.024530
0.024548
0.024562
0.024576
0.024590
0.024603
0.024616
0.024629
0.024642
0.024655
0.024727
0.024945
0.024971
0.024985
0.024998
0.025012
0.025025
0.025038
0.025051
0.025063
0.025076
0.024735
0.024946
0.024972
0.024986
0.024999
0.025012
0.025025
0.025038
0.025050
0.025063
0.025075
0.025020
0.025244
0.025261
0.025275
0.025289
0.025302
0.025315
0.025328
0.025342
0.025355
0.025368
0.050841
0.051067
0.051084
0.051099
0.051116
0.051133
0.051149
0.051165
0.051180
0.051196
0.051211
0.026387
0.026638
0.026678
0.026706
0.026733
0.026761
0.026788
0.026814
0.026840
0.026866
0.026893
0.025634
0.025859
0.025876
0.025890
0.025903
0.025917
0.025930
0.025943
0.025956
