734	166	34	129
734	162	35	134
741	163	35	135
748	165	35	136
755	166	36	137
762	168	36	139
770	169	36	140
777	171	37	141
784	173	37	143
791	174	37	144
799	176	38	145
806	178	38	147
737	169	34	131
737	169	33	130
737	170	33	130
737	170	33	130
738	171	33	129
738	172	33	129
738	172	33	129
739	173	33	129
739	174	33	128
739	174	33	128
739	175	33	128
770	201	34	129
770	201	33	128
772	204	33	128
774	206	33	128
776	208	33	128
778	210	33	127
781	212	33	127
783	214	33	127
785	216	33	127
787	218	33	127
789	221	33	126
762	185	35	134
764	187	34	133
764	187	35	133
764	187	35	134
765	187	35	134
765	187	35	134
766	187	35	134
766	187	35	134
767	187	35	135
767	187	35	135
767	187	35	135
761	170	34	129
761	169	34	129
761	169	34	129
761	168	33	128
761	167	33	128
761	166	33	128
761	165	33	128
761	164	33	128
761	163	33	127
761	162	33	127
761	161	33	127
734	140	35	134
734	139	34	133
732	136	35	134
731	134	35	134
729	132	35	134
727	130	35	134
726	128	35	134
724	126	35	134
723	124	35	135
721	122	35	135
720	120	35	135
709	180	36	136
707	177	36	136
705	179	36	136
703	180	36	136
701	181	36	136
699	183	36	137
697	184	36	137
695	185	36	137
693	187	36	137
690	188	36	137
688	189	36	138
717	156	34	131
714	157	34	131
714	156	33	131
714	156	33	130
713	155	33	130
713	154	33	130
712	154	33	130
712	153	33	130
712	153	33	129
711	152	33	129
711	151	33	129
719	135	35	134
718	134	34	133
718	132	34	133
718	131	34	133
718	129	34	134
718	128	34	134
718	126	34	134
718	125	35	134
718	123	35	134
719	122	35	134
719	120	35	134
726	151	35	134
726	149	35	134
726	149	35	134
726	149	35	134
727	150	35	134
727	150	35	134
728	150	35	134
728	150	35	134
729	151	35	134
729	151	35	134
729	151	35	134
722	155	34	131
722	155	34	131
722	155	33	130
722	156	33	130
722	156	33	130
722	156	33	130
722	157	33	130
722	157	33	130
722	158	33	129
722	158	33	129
722	158	33	129
716	154	35	134
715	154	34	133
715	154	34	133
715	154	35	134
714	154	35	134
714	154	35	134
714	155	35	134
713	155	35	134
713	155	35	134
713	155	35	134
712	155	35	134
715	152	34	129
714	152	34	129
714	152	33	128
714	151	33	128
713	151	33	128
713	151	33	128
713	151	33	127
713	151	33	127
713	151	33	127
712	151	33	127
712	151	33	127
713	156	34	131
712	155	33	130
712	156	33	130
712	156	33	130
712	156	33	130
712	156	33	130
711	156	33	130
711	156	33	130
711	157	33	130
711	157	33	130
711	157	33	130
724	154	34	129
723	154	33	129
724	154	33	128
724	154	33	128
725	154	33	128
725	154	33	128
726	154	33	128
727	154	33	128
727	153	33	128
728	153	33	128
728	153	33	128
728	149	34	129
728	148	33	128
729	148	33	128
729	148	33	128
729	148	33	128
730	147	33	128
730	147	33	128
731	147	33	128
731	146	33	128
732	146	33	128
732	146	33	128
733	144	34	131
733	143	33	130
733	143	33	131
734	142	33	131
734	142	33	131
735	142	33	131
735	141	33	131
736	141	33	131
736	140	33	131
737	140	33	131
737	140	33	131
736	141	34	131
736	140	33	131
736	140	33	131
737	139	33	131
737	139	33	131
737	139	33	131
738	138	33	131
738	138	33	131
738	138	33	131
739	137	33	131
739	137	33	131
738	144	34	131
738	143	33	131
738	143	33	131
738	143	33	131
739	143	33	131
739	143	33	131
739	143	33	131
739	143	33	131
740	143	33	131
740	143	33	131
740	144	33	131
742	142	33	126
742	142	33	126
742	141	32	125
742	141	32	125
743	141	32	125
743	141	32	124
743	141	32	124
744	141	32	124
744	141	32	124
744	141	32	123
745	141	32	123
743	136	34	131
743	135	33	130
743	135	33	130
743	135	34	131
743	134	34	131
744	134	34	131
744	134	34	131
744	133	34	131
744	133	34	131
744	132	34	131
744	132	34	132
740	135	34	131
740	134	34	131
740	134	34	131
739	134	34	131
739	133	34	131
739	133	34	131
739	133	34	131
739	133	34	131
739	133	34	131
739	132	34	131
739	132	34	131
739	133	35	134
738	132	35	134
738	132	35	134
738	132	35	134
738	132	35	134
738	132	35	134
738	131	35	135
738	131	35	135
738	131	35	135
738	131	35	135
737	131	35	135
742	134	34	129
741	133	34	129
742	133	34	129
742	133	34	128
742	133	33	128
742	133	33	128
742	133	33	128
742	133	33	128
742	133	33	127
742	133	33	127
742	133	33	127
746	132	34	129
746	131	33	128
746	131	33	128
746	131	33	128
746	131	33	128
747	131	33	128
747	131	33	128
747	131	33	128
748	131	33	128
748	131	33	128
748	131	33	127
758	126	34	131
758	125	33	130
759	125	33	130
759	125	33	131
760	124	33	131
761	124	33	131
762	123	33	131
762	123	33	131
763	123	33	131
764	122	33	131
765	122	33	131
763	124	34	131
763	123	33	131
764	123	33	131
765	123	33	131
765	122	33	131
766	122	33	131
766	122	33	131
767	121	33	131
768	121	33	131
768	121	33	131
769	121	33	131
769	125	34	131
769	124	33	131
770	124	33	131
770	124	33	131
771	124	33	131
771	124	33	131
772	124	33	131
772	124	33	131
773	124	33	131
774	124	33	131
774	124	33	131
774	125	34	129
774	124	33	129
775	124	33	128
775	124	33	128
776	124	33	128
776	124	33	128
777	124	33	128
777	124	33	128
778	124	33	128
778	124	33	128
779	124	33	128
771	133	35	134
771	132	34	133
771	133	35	134
771	133	35	134
771	134	35	134
771	134	35	134
771	135	35	135
771	135	35	135
771	136	35	135
771	136	35	135
771	136	35	135
751	144	35	134
751	144	35	134
749	145	35	134
748	146	35	134
747	146	35	134
746	147	35	134
745	148	35	134
744	149	35	134
743	150	35	134
742	150	35	135
740	151	35	135
735	141	34	129
733	141	34	129
732	141	33	128
731	142	33	128
729	142	33	128
728	142	33	128
726	142	33	127
725	142	33	127
724	142	33	127
722	143	33	127
721	143	33	126
785	109	34	131
783	109	33	130
785	107	33	130
788	105	33	130
790	103	33	130
792	102	33	130
794	100	33	130
796	98	33	130
799	96	33	130
801	95	33	130
803	93	33	130
838	120	33	126
840	118	32	125
844	118	32	125
848	117	32	125
852	117	32	125
856	117	32	124
860	117	32	124
864	117	32	124
868	117	32	124
872	116	32	123
876	116	32	123
839	127	34	131
843	126	33	130
844	127	33	130
846	127	33	131
848	128	34	131
849	128	34	131
851	128	34	131
853	129	34	131
855	129	34	131
856	130	34	132
858	130	34	132
838	157	34	129
839	157	34	129
840	159	34	129
840	161	34	129
841	162	34	129
841	164	34	129
842	166	34	129
842	168	34	129
843	170	34	128
843	172	34	128
844	174	34	128
812	155	34	131
812	156	34	130
811	157	34	131
809	158	34	131
808	158	34	131
807	159	34	131
805	160	34	131
804	161	34	131
803	161	34	131
801	162	34	131
800	163	34	131
787	158	35	134
785	158	35	134
783	159	35	134
781	159	35	134
779	159	35	134
777	160	35	134
775	160	35	135
773	160	35	135
771	161	35	135
769	161	35	135
767	162	35	135
769	158	34	129
766	158	34	129
765	158	34	129
763	158	33	128
761	158	33	128
759	158	33	128
757	159	33	128
756	159	33	128
754	159	33	127
752	159	33	127
750	159	33	127
765	153	34	129
763	153	33	128
762	152	33	128
761	152	33	128
760	152	33	128
759	152	33	128
758	151	33	128
757	151	33	128
756	151	33	128
755	151	33	128
754	150	33	127
765	137	34	129
764	136	33	128
763	135	33	128
763	134	33	128
763	133	33	128
762	132	33	128
762	131	33	128
762	130	33	128
761	129	33	128
761	128	33	128
761	127	33	128
774	129	34	131
773	127	33	130
774	127	33	131
774	126	33	131
774	125	33	131
775	124	33	131
775	123	33	131
776	122	33	131
776	121	33	131
776	120	33	131
777	120	33	131
778	123	36	136
778	122	35	136
778	121	36	136
779	120	36	136
779	120	36	137
780	119	36	137
780	118	36	137
780	118	36	138
781	117	36	138
781	116	36	138
782	116	36	139
792	133	35	134
792	132	35	134
793	132	35	134
794	132	35	134
795	133	35	134
796	133	35	134
797	133	35	134
798	134	35	134
799	134	35	134
799	134	35	134
800	135	35	134
800	143	34	129
800	143	33	129
801	144	33	128
802	144	33	128
803	145	33	128
804	146	33	127
805	146	33	127
805	147	33	127
806	148	33	127
807	149	33	126
808	149	33	126
800	142	34	131
800	142	33	130
801	142	33	130
801	143	33	130
801	143	33	130
802	143	33	130
802	143	33	130
802	144	33	130
803	144	33	130
803	144	33	130
803	145	33	130
799	140	35	134
799	140	34	133
799	140	35	134
799	140	35	134
799	140	35	134
799	140	35	134
799	140	35	134
799	140	35	135
799	139	35	135
799	139	35	135
799	139	35	135
798	139	35	134
798	138	35	134
797	138	35	134
797	138	35	134
797	138	35	134
797	138	35	134
797	138	35	134
797	138	35	134
797	138	35	134
797	138	35	134
797	138	35	134
795	137	34	131
794	136	34	131
794	136	33	130
794	136	33	130
794	136	33	130
794	136	33	130
793	136	33	130
793	136	33	130
793	135	33	130
793	135	33	129
793	135	33	129
789	127	35	134
788	126	34	133
788	126	34	133
787	125	35	134
787	125	35	134
787	124	35	134
786	123	35	134
786	123	35	134
785	122	35	134
785	121	35	134
785	121	35	134
785	124	34	131
784	123	34	131
784	122	33	130
783	122	33	130
783	122	33	130
782	121	33	130
782	121	33	130
782	120	33	130
781	120	33	130
781	119	33	130
781	119	33	130
785	119	34	131
784	118	33	130
784	118	33	130
784	117	33	130
784	117	33	130
783	116	33	130
783	116	33	130
783	115	33	130
783	115	33	130
783	115	33	130
783	114	33	130
788	115	36	136
787	114	35	135
787	114	36	136
788	113	36	136
788	113	36	136
788	112	36	136
788	112	36	137
788	112	36	137
788	111	36	137
788	111	36	138
788	111	36	138
795	119	34	131
795	118	34	131
795	118	34	131
796	118	33	130
796	118	33	130
796	118	33	130
797	118	33	130
797	119	33	130
798	119	33	130
798	119	33	129
799	119	33	129
798	114	36	136
798	114	35	135
798	113	36	136
799	113	36	136
799	113	36	136
799	113	36	136
800	112	36	136
800	112	36	136
800	112	36	137
801	112	36	137
801	112	36	137
804	115	34	131
804	114	34	131
804	114	34	131
805	114	33	130
805	114	33	130
806	114	33	130
806	114	33	130
807	114	33	130
807	114	33	129
808	114	33	129
808	114	33	129
805	115	34	131
805	114	33	130
805	114	33	130
805	114	33	130
806	114	33	130
806	114	33	130
806	114	33	130
806	114	33	130
807	114	33	130
807	114	33	130
807	114	33	129
803	110	35	134
803	109	34	133
803	109	35	134
803	109	35	134
803	109	35	134
803	108	35	134
803	108	35	134
803	108	35	134
803	108	35	134
803	107	35	134
802	107	35	135
804	110	34	131
803	109	34	131
804	109	34	131
804	109	33	130
804	109	33	130
804	109	33	130
804	109	33	130
804	108	33	130
804	108	33	130
804	108	33	130
804	108	33	130
803	110	35	134
803	109	34	133
802	109	35	134
802	109	35	134
802	109	35	134
802	109	35	134
802	109	35	134
802	109	35	134
802	109	35	134
802	109	35	134
802	109	35	134
805	110	35	134
804	109	35	134
805	109	35	134
805	109	35	134
805	109	35	134
805	109	35	134
805	109	35	134
805	109	35	134
805	109	35	134
805	109	35	134
805	109	35	134
806	117	35	134
806	116	35	134
806	117	35	134
806	117	35	134
806	118	35	134
806	118	35	134
806	118	35	134
806	119	35	134
806	119	35	134
806	120	35	134
806	120	35	134
808	130	34	131
808	130	34	131
808	131	33	130
808	132	33	130
808	133	33	130
808	133	33	130
808	134	33	130
808	135	33	130
809	136	33	129
809	137	33	129
809	138	33	129
811	136	34	131
811	136	33	130
811	137	33	130
811	138	33	130
811	139	33	130
812	139	33	130
812	140	33	130
812	141	33	130
812	141	33	130
812	142	33	130
813	143	33	130
815	139	35	134
815	139	34	133
815	140	35	134
815	140	35	134
816	141	35	134
816	141	35	134
816	141	35	134
817	142	35	134
817	142	35	134
817	143	35	135
818	143	35	135
819	143	35	134
819	143	35	134
819	143	35	134
820	144	35	134
820	144	35	134
820	144	35	134
821	145	35	134
821	145	35	134
821	146	35	134
822	146	35	134
822	146	35	134
831	148	34	129
831	148	34	129
832	148	33	128
832	149	33	128
833	149	33	128
834	150	33	128
835	150	33	127
836	150	33	127
836	151	33	127
837	151	33	127
838	152	33	126
833	144	34	131
833	144	33	130
834	144	33	130
834	144	33	130
835	144	33	130
835	144	33	130
836	144	33	130
836	144	33	130
836	144	33	130
837	143	33	130
837	143	33	130
832	139	35	134
832	138	34	133
832	138	35	134
832	138	35	134
832	137	35	134
832	137	35	134
832	137	35	134
833	136	35	135
833	136	35	135
833	136	35	135
833	136	35	135
831	135	36	136
831	134	36	136
831	134	36	136
831	133	36	136
830	133	36	136
830	133	36	136
830	132	36	137
830	132	36	137
830	132	36	137
830	131	36	137
830	131	36	137
833	136	34	131
832	135	34	131
833	135	34	130
833	135	33	130
833	135	33	130
833	135	33	130
833	135	33	130
833	135	33	129
833	135	33	129
833	134	33	129
833	134	33	129
831	136	35	134
831	135	34	133
831	135	34	133
830	135	34	133
830	135	34	133
830	135	34	134
830	135	35	134
830	135	35	134
830	135	35	134
830	135	35	134
830	135	35	134
828	137	35	134
827	136	35	134
827	137	35	134
827	137	35	134
827	137	35	134
827	137	35	134
826	137	35	134
826	137	35	134
826	137	35	134
826	137	35	134
826	137	35	134
825	139	35	134
824	139	35	134
824	139	35	134
824	139	35	134
824	139	35	134
823	139	35	134
823	139	35	134
823	139	35	134
823	139	35	134
822	140	35	134
822	140	35	134
822	136	35	134
821	136	35	134
821	136	35	134
821	135	35	134
820	135	35	134
820	135	35	134
820	135	35	134
820	135	35	134
819	135	35	134
819	135	35	134
819	135	35	134
817	135	34	131
816	134	34	131
816	134	33	130
815	134	33	130
815	134	33	130
815	134	33	130
814	134	33	130
814	134	33	130
814	134	33	129
813	133	33	129
813	133	33	129
811	124	35	134
810	123	34	133
810	123	34	133
809	122	35	134
809	121	35	134
808	121	35	134
808	120	35	134
807	119	35	134
807	119	35	134
806	118	35	134
806	118	35	134
808	123	35	134
807	122	35	134
807	122	35	134
806	121	35	134
806	121	35	134
806	120	35	134
805	120	35	134
805	120	35	134
804	119	35	134
804	119	35	134
804	119	35	134
805	127	34	131
804	126	34	131
804	126	33	130
804	126	33	130
803	126	33	130
803	127	33	130
803	127	33	130
802	127	33	130
802	127	33	130
802	127	33	129
801	127	33	129
809	129	35	134
808	129	34	133
808	129	34	133
808	129	35	134
809	129	35	134
809	129	35	134
809	129	35	134
809	130	35	134
809	130	35	134
809	130	35	134
809	130	35	134
810	128	34	131
810	128	34	131
810	128	33	130
810	128	33	130
810	128	33	130
810	128	33	130
810	128	33	130
810	128	33	130
810	128	33	130
811	128	33	130
811	128	33	130
785	126	35	134
785	126	34	133
783	125	34	133
782	125	35	134
781	125	35	134
779	125	35	134
778	125	35	134
777	125	35	134
775	125	35	134
774	125	35	134
773	125	35	134
755	133	35	134
753	132	35	134
751	133	35	134
749	133	35	134
746	133	35	134
744	134	35	134
742	134	35	134
740	134	35	134
737	135	35	134
735	135	35	134
733	135	35	134
789	139	35	134
786	139	35	134
787	139	35	134
788	140	35	134
789	140	35	134
790	141	35	134
791	141	35	134
792	142	35	134
793	142	35	134
794	143	35	134
795	143	35	134
803	137	36	139
803	137	36	139
805	137	36	139
806	137	36	139
807	137	36	139
809	137	36	140
810	137	36	140
811	138	36	140
813	138	36	140
814	138	36	141
815	138	36	141
780	148	37	142
781	148	37	142
780	148	37	142
779	149	37	142
779	149	37	143
778	150	37	143
777	151	37	143
776	151	37	144
776	152	37	144
775	153	37	144
774	153	37	144
783	166	36	136
782	166	36	136
782	167	36	136
781	169	36	135
781	170	36	135
781	171	35	135
781	172	35	135
780	174	35	134
780	175	35	134
780	176	35	134
780	178	35	134
764	172	35	134
763	173	34	133
762	174	34	133
761	175	34	133
760	175	34	133
759	176	34	132
758	177	34	132
757	178	34	132
755	179	34	132
754	180	34	131
753	181	34	131
820	231	36	139
818	231	35	138
821	235	35	138
824	239	35	139
826	242	36	139
829	246	36	139
831	249	36	139
834	253	36	139
837	256	36	140
839	260	36	140
842	264	36	140
748	168	37	142
750	171	37	142
747	169	37	142
745	167	37	142
742	165	37	142
739	163	37	143
736	161	37	143
734	159	37	143
731	158	37	144
728	156	37	144
725	154	37	144
754	169	36	136
751	167	36	136
750	166	36	136
749	165	36	135
748	164	35	135
747	162	35	135
745	161	35	135
744	160	35	134
743	159	35	134
742	158	35	134
741	157	35	134
760	156	37	142
758	154	36	141
758	153	37	141
758	152	37	142
759	151	37	142
759	150	37	142
759	149	37	142
759	148	37	143
759	147	37	143
759	146	37	143
759	145	37	143
764	115	36	139
764	113	36	139
764	111	36	139
764	108	35	139
764	105	35	139
765	103	35	138
765	100	35	138
765	97	35	138
766	95	35	138
766	92	35	138
766	89	35	138
784	95	38	145
784	92	37	144
785	90	38	145
786	87	38	145
787	85	38	145
789	83	38	146
790	81	38	146
791	78	38	146
792	76	38	147
794	74	38	147
795	72	38	147
774	112	39	148
775	109	39	148
775	109	39	148
775	109	39	148
775	110	39	149
775	110	39	149
775	110	39	149
775	110	39	150
775	110	39	150
775	110	39	150
775	110	39	151
709	113	38	145
709	113	38	145
705	113	38	145
701	113	38	145
697	113	38	145
694	113	38	145
690	114	38	145
686	114	37	145
683	114	37	144
679	114	37	144
675	115	37	144
700	115	37	142
696	115	36	141
694	115	36	141
692	115	36	141
689	115	36	141
687	116	36	141
685	116	36	140
683	116	36	140
681	116	36	140
679	116	36	140
677	117	36	140
705	125	36	139
702	125	35	138
702	125	35	138
701	126	35	138
701	127	35	138
700	127	35	137
700	128	35	137
700	129	35	137
699	129	35	137
699	130	35	136
698	130	35	136
698	127	35	134
697	127	34	133
697	128	34	133
696	128	34	132
696	128	34	132
695	129	34	132
695	129	34	131
694	129	34	131
694	130	34	131
693	130	34	130
693	131	34	130
704	141	33	128
703	141	32	127
703	142	32	127
703	143	32	126
703	144	32	126
704	145	32	125
704	145	32	125
704	146	32	124
704	147	31	124
704	148	31	123
704	149	31	123
710	148	34	131
710	148	33	130
710	149	33	130
710	150	33	130
711	151	33	130
711	152	33	130
712	152	33	130
712	153	33	130
713	154	33	130
713	155	33	130
713	155	33	130
710	142	34	131
710	142	33	130
710	142	34	130
710	142	34	130
710	142	34	131
711	142	34	131
711	142	34	131
711	142	34	131
711	142	34	131
711	142	34	131
712	142	34	131
691	122	35	134
691	121	35	134
690	120	35	134
689	119	35	134
688	118	35	134
687	117	35	134
686	116	35	134
685	114	35	135
684	113	35	135
683	112	35	135
682	111	35	135
679	123	35	134
678	121	35	134
676	121	35	134
675	120	35	134
674	120	35	134
673	119	35	134
672	119	35	134
671	119	35	134
670	118	35	134
669	118	35	134
667	117	35	134
671	127	36	139
669	126	36	139
668	126	36	139
668	126	36	139
667	126	36	139
666	126	36	140
665	126	36	140
664	127	36	140
663	127	36	141
662	127	36	141
661	127	36	141
664	125	37	142
663	125	37	142
662	125	37	142
661	124	37	142
660	124	37	143
660	124	37	143
659	124	37	143
658	124	37	144
658	124	37	144
657	124	37	144
656	124	37	144
655	129	36	136
654	128	36	136
653	129	36	136
652	129	36	135
651	129	36	135
651	129	35	135
650	129	35	135
649	130	35	134
648	130	35	134
648	130	35	134
647	130	35	134
717	86	36	136
716	86	35	135
719	83	35	135
722	81	35	135
725	79	35	135
728	77	35	135
731	74	35	135
735	72	35	135
738	70	35	134
741	67	35	134
744	65	35	134
702	126	36	136
705	123	35	135
705	124	35	135
706	126	35	135
706	127	35	135
707	128	35	135
708	129	35	135
708	130	35	135
709	131	35	135
710	133	35	135
710	134	35	135
628	139	37	142
628	140	36	141
624	141	37	142
620	142	37	142
616	144	37	142
612	145	37	143
608	147	37	143
604	148	37	143
600	149	37	144
596	151	37	144
592	152	37	144
634	142	36	136
629	143	36	136
628	144	36	136
626	144	35	135
625	145	35	135
624	146	35	135
622	146	35	135
621	147	35	135
619	148	35	135
618	149	35	134
616	149	35	134
676	143	34	131
674	143	33	130
676	144	33	130
678	144	33	130
680	144	33	129
682	144	33	129
683	145	33	128
685	145	33	128
687	145	33	128
689	146	32	127
691	146	32	127
689	146	36	136
690	146	35	135
692	146	35	135
694	146	35	135
695	147	36	135
697	147	36	136
699	147	36	136
700	147	36	136
702	148	36	136
704	148	36	136
705	148	36	136
687	108	34	131
688	108	34	131
689	106	33	130
689	104	33	130
690	102	33	130
690	100	33	130
691	98	33	130
691	96	33	129
692	94	33	129
692	92	33	129
693	90	33	129
701	151	33	126
701	148	32	125
702	150	32	125
703	151	32	125
704	153	32	124
705	154	32	124
706	156	32	123
707	157	32	123
707	159	32	123
708	160	32	122
709	162	32	122
709	157	32	123
709	158	31	122
710	159	31	122
711	160	31	121
712	161	31	121
713	162	31	121
714	163	31	121
714	165	31	120
715	166	31	120
716	167	31	120
717	168	31	119
751	201	33	128
751	202	32	127
754	204	32	127
757	207	32	127
759	210	32	128
762	213	32	128
765	216	33	128
767	219	33	128
770	222	33	128
772	224	33	128
775	227	33	129
730	152	35	134
732	154	35	134
732	153	35	134
732	151	35	134
732	150	35	135
732	148	35	135
732	147	35	136
732	145	35	136
732	144	35	137
732	142	36	137
732	141	36	137
736	152	33	128
735	150	33	128
736	149	33	128
736	148	33	128
736	147	32	127
736	147	32	127
736	146	32	127
736	145	32	127
737	144	32	127
737	143	32	127
737	142	32	127
742	142	35	134
742	141	34	133
742	140	35	134
742	139	35	134
743	138	35	134
743	137	35	134
744	136	35	135
744	136	35	135
745	135	35	135
745	134	35	135
745	133	35	136
747	135	36	136
747	134	36	136
747	133	36	136
748	132	36	136
748	132	36	136
749	131	36	137
749	130	36	137
750	129	36	137
750	129	36	137
751	128	36	138
751	127	36	138
751	129	36	136
751	128	36	136
751	127	36	136
752	127	36	136
752	126	36	136
753	125	36	136
753	125	36	136
753	124	36	136
754	124	36	136
754	123	36	136
755	122	36	137
755	130	35	134
755	129	35	134
755	129	34	134
756	129	34	133
756	128	34	133
756	128	34	133
757	128	34	133
757	128	34	133
758	128	34	133
758	127	34	133
758	127	34	133
760	126	36	136
760	125	35	135
760	125	35	135
761	125	36	136
761	125	36	136
762	124	36	136
762	124	36	136
762	124	36	136
763	123	36	136
763	123	36	136
764	123	36	136
764	122	34	131
764	121	34	131
764	121	33	130
765	121	33	130
765	120	33	130
765	120	33	130
766	120	33	129
766	119	33	129
767	119	33	129
767	119	33	129
767	118	33	128
767	122	34	131
767	121	33	130
767	121	33	130
768	121	33	130
768	121	33	130
768	121	33	130
768	121	33	130
769	120	33	130
769	120	33	129
769	120	33	129
770	120	33	129
765	118	36	136
765	117	35	135
765	117	36	136
765	117	36	136
765	117	36	136
765	116	36	136
765	116	36	137
765	116	36	137
765	116	36	137
765	115	36	137
765	115	36	138
764	124	36	136
764	123	36	136
763	123	36	136
763	124	36	136
763	124	36	136
763	124	36	136
763	124	36	136
763	125	36	136
763	125	36	137
763	125	36	137
763	125	36	137
765	123	37	142
764	123	37	142
764	123	37	142
764	123	37	142
765	123	37	143
765	123	37	143
765	123	37	143
765	123	37	144
765	123	37	144
765	123	37	145
765	123	37	145
766	126	36	139
766	126	36	139
766	126	36	139
766	126	36	139
766	126	35	139
766	126	35	139
766	126	35	139
766	127	35	139
766	127	35	139
766	127	35	139
766	127	35	139
777	120	37	142
777	120	36	141
777	119	37	142
778	119	37	142
778	119	37	142
779	119	37	142
780	118	37	142
780	118	37	142
781	118	37	142
782	118	37	143
782	117	37	143
790	108	37	142
790	107	37	142
791	106	37	142
792	106	37	142
793	105	37	142
794	104	37	142
795	103	37	142
796	103	37	142
797	102	37	142
798	101	37	142
799	100	37	142
791	103	36	139
792	102	36	139
792	101	35	138
792	100	35	138
793	100	35	138
793	99	35	138
794	99	35	138
794	98	35	138
795	97	35	138
795	97	35	137
796	96	35	137
764	136	37	142
764	135	36	141
763	136	36	141
761	138	37	142
760	140	37	142
759	141	37	142
757	143	37	142
756	144	37	142
755	146	37	142
753	148	37	142
752	149	37	142
747	117	36	136
745	118	36	136
744	118	35	135
742	118	35	135
740	117	35	135
739	117	35	134
737	117	35	134
736	116	35	134
734	116	35	134
733	116	35	133
731	115	35	133
794	120	36	136
792	119	35	135
794	119	35	135
796	119	35	135
798	119	35	135
800	119	35	135
802	119	35	135
804	119	35	134
806	119	35	134
808	119	35	134
810	119	35	134
820	140	37	142
821	139	36	141
824	141	37	142
826	142	37	142
829	143	37	142
831	144	37	143
834	145	37	143
836	146	37	143
838	147	37	143
841	148	37	144
843	149	37	144
713	140	39	148
715	141	39	148
710	141	39	148
705	142	39	149
700	142	39	149
695	143	39	150
690	143	39	150
685	144	39	151
680	144	39	151
675	145	40	152
670	145	40	152
741	152	38	145
735	152	38	145
735	153	38	145
734	154	38	145
733	154	38	145
732	155	38	145
732	156	38	145
731	157	38	145
730	158	38	145
729	159	38	145
728	159	38	145
756	142	36	139
755	142	36	139
755	142	35	138
756	142	35	138
757	142	35	137
758	141	35	137
758	141	35	137
759	141	35	136
760	141	35	136
761	141	35	136
761	140	34	135
756	115	36	139
756	114	35	138
757	113	35	138
757	111	35	138
757	109	35	138
758	108	35	138
758	106	35	137
759	104	35	137
759	103	35	137
759	101	35	137
760	100	35	137
756	106	36	136
756	104	35	135
756	103	35	135
756	101	35	135
756	100	35	135
756	99	35	134
757	98	35	134
757	97	35	134
757	95	35	134
757	94	35	134
757	93	35	133
754	97	37	142
754	95	36	141
754	94	37	142
753	93	37	142
753	92	37	142
753	91	37	142
753	91	37	143
753	90	37	143
753	89	37	143
753	88	37	143
753	87	37	143
749	96	36	139
748	95	36	139
748	94	36	139
748	94	35	139
747	93	35	139
747	93	35	139
747	92	35	139
747	92	35	138
746	92	35	138
746	91	35	138
746	91	35	138
743	103	37	142
742	102	36	141
742	102	37	142
741	103	37	142
741	103	37	142
740	103	37	142
740	103	37	142
739	104	37	142
739	104	37	142
738	104	37	143
738	104	37	143
743	98	36	139
742	98	36	139
742	98	36	139
742	97	35	138
741	97	35	138
741	97	35	138
741	97	35	138
741	97	35	138
741	97	35	138
740	97	35	138
740	97	35	138
769	89	37	142
768	88	36	141
770	88	36	142
771	87	37	142
772	87	37	142
774	86	37	142
775	85	37	142
777	85	37	142
778	84	37	142
779	84	37	142
781	83	37	142
784	95	37	142
785	94	37	142
786	94	37	142
788	94	37	142
789	94	37	142
791	94	37	142
792	94	37	142
794	94	37	142
795	95	37	142
797	95	37	142
798	95	37	142
793	104	36	136
794	104	36	136
795	104	35	135
796	105	35	135
797	105	35	135
798	106	35	134
799	106	35	134
800	107	35	134
801	108	35	133
803	108	35	133
804	109	35	133
785	101	36	136
786	101	35	135
786	101	35	135
785	101	35	135
785	101	35	135
785	101	35	135
785	101	35	134
785	102	35	134
785	102	35	134
785	102	35	134
785	102	35	134
774	98	36	136
773	98	35	135
773	97	35	135
772	97	35	135
771	97	35	135
771	97	35	135
770	97	35	135
769	97	35	135
769	96	35	135
768	96	35	135
767	96	35	135
770	97	36	139
769	96	35	138
768	96	35	139
768	96	35	139
767	96	35	139
767	96	35	139
766	96	35	139
766	96	35	139
765	95	35	140
765	95	35	140
764	95	35	140
768	117	37	142
767	116	36	142
767	117	37	142
766	118	37	142
766	120	37	142
766	121	37	143
765	122	37	143
765	123	37	143
765	124	37	143
765	125	37	144
764	126	37	144
778	117	36	139
777	118	36	139
778	118	36	139
778	119	35	139
779	119	35	139
779	119	35	138
779	120	35	138
780	120	35	138
780	121	35	138
781	121	35	138
781	122	35	138
792	134	38	145
792	134	37	144
793	135	38	145
794	136	38	145
795	137	38	145
796	138	38	146
797	139	38	146
798	141	38	146
799	142	38	146
800	143	38	147
801	144	38	147
806	132	36	139
806	133	36	139
808	133	36	139
809	133	35	138
810	134	35	138
811	134	35	138
812	134	35	138
814	135	35	138
815	135	35	137
816	135	35	137
817	136	35	137
813	129	37	142
814	129	36	141
815	129	36	141
815	129	36	141
816	129	36	141
817	129	37	142
818	128	37	142
819	128	37	142
820	128	37	142
821	128	37	142
821	128	37	142
820	126	36	139
820	125	36	139
821	125	35	138
822	125	35	138
822	125	35	138
823	125	35	138
824	124	35	138
825	124	35	138
825	124	35	138
826	124	35	138
827	123	35	137
829	124	36	139
829	123	35	138
830	123	35	138
831	123	35	138
832	123	35	138
832	122	35	138
833	122	35	138
834	122	35	138
835	122	35	138
835	122	35	138
836	121	35	138
825	119	38	145
825	118	37	144
825	118	38	145
825	118	38	145
826	117	38	145
826	117	38	146
826	117	38	146
826	116	38	146
826	116	38	147
826	115	38	147
826	115	38	147
811	119	38	145
811	118	38	145
810	118	38	145
809	118	38	145
808	118	38	145
807	118	38	145
807	117	38	146
806	117	38	146
805	117	38	146
804	117	38	146
804	117	38	146
805	115	39	151
804	114	39	151
803	114	39	151
802	114	39	151
802	114	39	152
801	113	39	152
800	113	39	153
800	113	39	153
799	112	39	153
798	112	39	154
798	112	39	154
803	116	38	145
802	115	38	145
801	115	38	145
801	115	38	145
801	115	37	144
800	115	37	144
800	115	37	144
800	115	37	144
799	115	37	144
799	115	37	144
798	115	37	143
801	108	39	151
800	107	38	150
800	107	39	151
800	107	39	151
799	106	39	151
799	106	39	151
799	105	39	151
799	105	39	152
798	104	39	152
798	104	39	152
798	103	39	152
801	107	38	145
800	106	38	145
800	106	38	145
800	106	37	144
800	105	37	144
800	105	37	144
800	105	37	144
800	105	37	143
800	104	37	143
800	104	37	143
799	104	37	143
793	107	38	145
792	106	37	144
792	106	37	144
791	106	37	144
791	106	37	144
791	106	37	144
790	106	37	144
790	106	37	144
789	106	37	144
789	106	37	143
788	105	37	143
788	109	37	142
787	108	36	141
787	108	36	141
786	109	36	141
786	109	36	141
785	109	36	141
785	109	36	140
784	109	36	140
784	109	36	140
783	109	36	140
783	109	36	140
784	115	36	136
783	115	35	135
783	115	35	135
782	115	35	134
782	116	35	134
781	116	35	134
781	116	35	133
781	117	35	133
780	117	35	132
780	118	35	132
779	118	35	132
781	117	36	139
780	117	35	138
780	117	35	138
779	117	35	138
779	118	35	138
779	118	35	138
778	118	35	138
778	119	35	138
778	119	35	138
778	119	35	138
777	119	35	138
774	113	36	139
773	113	35	138
773	113	35	139
772	113	35	139
772	112	35	139
771	112	35	139
771	112	35	139
770	112	35	139
770	112	35	139
769	112	35	139
769	112	35	139
773	107	36	139
772	106	35	139
772	106	35	139
771	106	35	139
771	105	35	139
771	105	35	139
771	104	35	139
770	104	35	139
770	104	35	139
770	103	35	139
770	103	35	139
773	103	36	136
772	102	35	136
772	102	35	135
772	101	35	135
772	101	35	135
772	101	35	135
772	100	35	135
772	100	35	135
772	99	35	134
772	99	35	134
771	99	35	134
769	101	36	136
768	100	35	135
768	100	35	135
768	100	35	135
768	99	35	135
767	99	35	135
767	99	35	135
767	99	35	135
767	98	35	135
766	98	35	135
766	98	35	135
755	98	37	142
754	97	36	141
753	97	37	142
752	97	37	142
752	96	37	142
751	96	37	143
750	96	37	143
749	96	37	143
748	95	37	144
747	95	37	144
746	95	37	144
733	98	36	136
732	97	36	136
730	97	36	136
728	97	35	135
727	97	35	135
725	97	35	135
724	97	35	135
722	97	35	135
720	97	35	134
719	96	35	134
717	96	35	134
717	96	36	139
715	95	35	138
713	95	35	138
712	95	35	138
710	95	35	138
709	95	35	139
707	95	35	139
706	95	35	139
704	94	35	139
702	94	35	139
701	94	35	139
719	96	37	142
717	95	36	142
716	95	37	142
716	95	37	142
715	95	37	142
715	95	37	142
714	95	37	143
714	95	37	143
714	95	37	143
713	95	37	143
713	95	37	143
724	97	36	139
723	96	36	139
723	96	36	139
723	97	35	139
723	97	35	138
724	97	35	138
724	97	35	138
724	97	35	138
724	97	35	138
724	97	35	138
724	97	35	138
729	100	36	136
729	100	35	135
729	100	35	135
729	100	35	135
730	100	35	135
730	100	35	135
730	100	35	134
731	101	35	134
731	101	35	134
732	101	35	134
732	101	35	134
741	97	37	142
741	97	36	141
742	97	37	142
743	97	37	142
743	96	37	142
744	96	37	142
745	96	37	142
746	96	37	143
747	96	37	143
747	96	37	143
748	96	37	143
753	105	37	142
753	104	37	142
754	105	37	142
755	105	37	142
756	106	37	142
757	106	37	142
758	106	37	142
759	107	37	142
760	107	37	143
761	108	37	143
762	108	37	143
766	118	37	142
767	118	37	142
768	119	37	142
769	120	37	142
770	121	37	142
771	122	37	142
772	122	37	142
773	123	37	142
774	124	37	142
776	125	37	142
777	126	37	142
767	122	36	139
768	122	36	139
768	123	35	138
769	124	35	138
769	124	35	138
770	125	35	138
770	125	35	138
771	126	35	138
771	127	35	137
772	127	35	137
772	128	35	137
769	125	36	139
769	125	35	138
769	125	35	138
770	126	35	138
770	126	35	138
770	127	35	138
770	127	35	138
771	127	35	138
771	128	35	138
771	128	35	138
771	129	35	138
769	124	37	142
769	124	36	141
769	124	37	142
769	124	37	142
769	124	37	142
769	124	37	142
769	124	37	142
769	124	37	142
769	124	37	142
770	125	37	143
770	125	37	143
764	123	36	136
764	123	36	136
763	123	36	135
763	123	35	135
763	122	35	135
763	122	35	135
762	122	35	134
762	122	35	134
762	122	35	134
762	122	35	134
761	122	35	133
766	120	36	136
765	119	35	135
765	119	35	135
765	119	35	135
765	119	35	135
765	119	35	135
765	119	35	135
765	118	35	134
765	118	35	134
765	118	35	134
765	118	35	134
770	118	35	134
769	117	34	133
770	117	34	133
770	117	34	133
770	117	34	133
770	117	34	133
771	116	34	133
771	116	34	132
771	116	34	132
771	116	34	132
772	116	34	132
775	115	36	139
775	114	35	138
775	114	35	139
775	114	35	139
776	114	36	139
776	113	36	139
777	113	36	139
777	113	36	140
777	113	36	140
778	112	36	140
778	112	36	140
776	111	36	139
776	110	36	139
776	110	36	139
776	110	36	139
777	109	36	139
777	109	36	139
777	109	36	139
777	108	36	139
777	108	36	139
778	108	36	140
778	107	36	140
779	109	36	139
779	108	36	139
779	108	36	139
779	108	36	139
779	107	36	139
780	107	36	139
780	107	36	139
780	107	36	139
780	107	36	139
781	106	36	139
781	106	36	139
779	102	37	142
779	101	37	142
779	101	37	142
779	100	37	142
779	100	37	142
779	99	37	142
779	99	37	142
779	98	37	143
779	98	37	143
780	97	37	143
780	97	37	143
778	99	38	145
778	98	38	145
778	98	38	145
778	97	38	145
778	97	38	145
777	97	38	146
777	96	38	146
777	96	38	146
777	95	38	146
777	95	38	147
777	95	38	147
773	113	36	139
772	112	36	139
772	113	36	139
772	113	35	138
772	114	35	138
771	115	35	138
771	115	35	138
771	116	35	137
770	117	35	137
770	117	35	137
770	118	35	137
838	106	37	142
837	106	36	141
841	106	36	141
844	106	36	141
848	106	36	141
851	106	36	141
855	106	37	142
858	106	37	142
862	106	37	142
865	105	37	142
868	105	37	142
775	126	38	145
778	125	38	145
776	126	38	145
774	127	38	145
772	129	38	145
770	130	38	145
768	131	38	146
766	132	38	146
765	133	38	146
763	134	38	146
761	135	38	146
775	135	38	145
773	136	38	145
772	137	38	145
770	137	38	145
769	138	38	145
768	139	38	145
767	140	38	145
766	141	38	145
765	142	38	145
764	143	38	145
763	144	38	145
772	141	38	145
770	141	38	145
770	142	38	145
769	143	38	145
769	144	38	145
768	144	38	145
768	145	38	145
767	146	38	145
767	146	38	145
766	147	38	145
766	148	38	145
770	145	36	139
769	145	36	139
769	146	35	138
768	146	35	138
768	147	35	138
768	147	35	137
768	148	35	137
767	148	35	137
767	149	35	136
767	149	35	136
766	150	35	136
766	144	36	139
765	144	35	138
765	144	35	138
765	144	35	138
764	144	35	138
764	144	35	138
764	145	35	137
763	145	35	137
763	145	35	137
763	145	35	137
762	145	35	137
763	143	37	142
762	143	36	141
762	143	36	141
762	143	37	142
761	143	37	142
761	143	37	142
761	142	37	142
760	142	37	142
760	142	37	142
760	142	37	142
760	142	37	142
758	139	38	145
757	138	38	145
757	138	38	145
756	138	38	145
756	138	38	145
756	138	38	146
755	137	38	146
755	137	38	146
754	137	38	146
754	137	38	146
754	136	38	147
754	133	37	142
753	132	37	142
753	132	37	142
752	131	37	142
752	131	37	142
752	131	36	141
751	130	36	141
751	130	36	141
750	129	36	141
750	129	36	141
750	128	36	141
749	124	37	142
748	123	36	141
748	122	36	141
747	122	36	141
747	121	36	141
746	120	36	141
746	120	36	141
746	119	36	141
745	118	36	141
745	118	36	141
744	117	36	141
754	119	37	142
753	118	36	141
753	117	36	141
753	117	36	141
753	116	36	141
754	116	36	141
754	115	36	141
754	114	36	141
754	114	36	141
754	113	36	141
754	113	36	141
764	123	36	139
764	122	35	138
764	122	35	138
765	122	35	138
765	122	35	138
766	122	35	138
767	122	35	138
767	122	35	137
768	122	35	137
769	122	35	137
769	122	35	137
759	130	38	145
759	130	37	144
759	130	38	145
759	130	38	145
759	131	38	145
759	131	38	145
759	132	38	146
759	132	38	146
759	132	38	146
759	133	38	146
759	133	38	147
751	135	38	145
751	135	38	145
750	135	38	145
750	136	38	145
749	136	38	145
749	137	38	145
748	137	38	145
748	138	38	146
747	138	38	146
747	139	38	146
746	139	38	146
737	128	36	139
736	128	36	139
735	128	35	138
734	128	35	138
733	127	35	138
732	127	35	137
731	127	35	137
730	127	35	137
729	127	35	137
728	126	35	136
727	126	35	136
732	115	36	139
731	114	35	138
730	113	35	138
729	113	35	138
728	112	35	138
728	111	35	138
727	110	35	138
726	109	35	137
726	108	35	137
725	108	35	137
724	107	35	137
733	109	36	139
732	108	35	138
732	107	35	138
731	106	35	138
731	106	35	138
731	105	35	138
731	104	35	138
731	103	35	138
730	103	35	138
730	102	35	138
730	101	35	138
733	108	36	139
732	107	35	138
732	106	35	138
732	106	35	138
732	106	35	138
732	106	35	138
732	105	35	138
732	105	35	138
732	105	35	138
732	104	35	138
732	104	35	138
736	108	37	142
735	107	36	141
736	107	37	142
736	107	37	142
736	107	37	142
736	107	37	142
736	107	37	142
736	107	37	142
737	106	37	143
737	106	37	143
737	106	37	143
738	120	36	139
738	119	36	139
738	120	36	139
738	121	35	138
738	121	35	138
738	122	35	138
739	123	35	138
739	123	35	138
739	124	35	138
739	124	35	138
739	125	35	138
732	122	36	139
732	122	35	138
731	123	35	138
731	123	35	138
731	123	35	138
731	124	35	138
730	124	35	138
730	125	35	138
730	125	35	138
730	125	35	138
729	126	35	138
729	127	36	136
728	127	35	135
728	127	35	135
728	128	35	135
727	128	35	135
727	129	35	135
727	129	35	135
726	129	35	134
726	130	35	134
726	130	35	134
726	131	35	134
733	130	35	134
732	130	34	133
732	130	34	133
732	131	34	133
733	131	34	133
733	131	34	133
733	132	34	132
733	132	34	132
733	132	34	132
733	133	34	132
733	133	34	132
748	123	36	139
748	123	35	138
748	123	35	139
749	122	36	139
750	122	36	139
751	122	36	139
752	122	36	139
753	121	36	140
754	121	36	140
755	121	36	140
756	120	36	140
755	123	37	142
