1.855691
0.031621
0.031899
0.031918
0.031933
0.031948
0.031963
0.031977
0.031992
0.032007
0.032021
0.032035
0.025650
0.025895
0.025913
0.025927
0.025941
0.025956
0.025970
0.025984
0.025997
0.026011
0.026024
0.023940
0.024166
0.024194
0.024208
0.024222
0.024236
0.024249
0.024262
0.024276
0.024289
0.024303
0.026687
0.026915
0.026934
0.026948
0.026961
0.026974
0.026988
0.027002
0.027015
0.027028
0.027041
0.024908
0.025132
0.025150
0.025165
0.025178
0.025192
0.025206
0.025219
0.025232
0.025245
0.025258
0.024822
0.025053
0.025070
0.025086
0.025100
0.025113
0.025126
0.025140
0.025153
0.025166
0.025179
0.023447
0.023682
0.023703
0.023720
0.023736
0.023752
0.023770
0.023786
0.023802
0.023817
0.023833
0.023255
0.023484
0.023505
0.023522
0.023540
0.023557
0.023573
0.023588
0.023604
0.023619
0.023635
0.023394
0.023623
0.023644
0.023662
0.023679
0.023696
0.023712
0.023727
0.023743
0.023758
0.023774
0.047850
0.048077
0.048097
0.048114
0.048130
0.048146
0.048161
0.048179
0.048194
0.048210
0.048225
0.023213
0.023438
0.023456
0.023470
0.023483
0.023496
0.023510
0.023523
0.023536
0.023550
0.023563
0.023348
0.023572
0.023589
0.023603
0.023616
0.023632
0.023646
0.023659
0.023672
0.023685
0.023698
0.023327
0.023580
0.023607
0.023633
0.023647
0.023660
0.023673
0.023686
0.023700
0.023713
0.023726
0.028303
0.028557
0.028581
0.028609
0.028623
0.028643
0.028663
0.028686
0.028701
0.028714
0.028727
0.023766
0.023993
0.024009
0.024024
0.024037
0.024051
0.024065
0.024078
0.024091
0.024104
0.024117
0.023777
0.024002
0.024018
0.024032
0.024045
0.024058
0.024071
0.024084
0.024100
0.024113
0.024125
0.023722
0.023950
0.023967
0.023982
0.023996
0.024009
0.024023
0.024035
0.024049
0.024066
0.024080
0.023633
0.023861
0.023879
0.023893
0.023906
0.023919
0.023932
0.023945
0.023958
0.023971
0.023984
0.023947
0.024171
0.024189
0.024205
0.024219
0.024233
0.024246
0.024259
0.024272
0.024285
0.024298
0.049349
0.049571
0.049588
0.049602
0.049615
0.049628
0.049641
0.049654
0.049667
0.049680
0.049693
0.023619
0.023847
0.023864
0.023878
0.023892
0.023905
0.023917
0.023930
0.023943
0.023956
0.023969
0.023848
0.024076
0.024096
0.024110
0.024123
0.024136
0.024149
0.024163
0.024176
0.024189
0.024202
0.023695
0.023921
0.023938
0.023952
0.023966
0.023979
0.023992
0.024005
0.024018
0.024031
0.024044
0.023911
0.024133
0.024149
0.024163
0.024176
0.024191
0.024204
0.024217
0.024230
0.024243
0.024256
0.024021
0.024249
0.024267
0.024281
0.024295
0.024310
0.024324
0.024337
0.024350
0.024363
0.024375
0.023999
0.024225
0.024247
0.024276
0.024295
0.024313
0.024331
0.024354
0.024372
0.024392
0.024411
0.026036
0.026271
0.026290
0.026308
0.026324
0.026340
0.026356
0.026372
0.026387
0.026404
0.026420
0.024634
0.024863
0.024883
0.024899
0.024917
0.024933
0.024949
0.024965
0.024981
0.024996
0.025012
0.024975
0.025211
0.025230
0.025248
0.025265
0.025280
0.025297
0.025316
0.025333
0.025348
0.025364
0.059452
0.059743
0.059783
0.059809
0.059835
0.059861
0.059887
0.059913
0.059940
0.059966
0.059991
0.038751
0.039046
0.039078
0.039114
0.039141
0.039168
0.039196
0.039222
0.039248
0.039275
0.039303
0.032654
0.032910
0.032931
0.032948
0.032966
0.032992
0.033010
0.033027
0.033045
0.033062
0.033080
0.027544
0.027775
0.027795
0.027810
0.027824
0.027837
0.027850
0.027863
0.027877
0.027890
0.027903
0.024651
0.024877
0.024920
0.024944
0.024970
0.024994
0.025018
0.025042
0.025066
0.025090
0.025114
0.024602
0.024840
0.024873
0.024900
0.024926
0.024950
0.024974
0.024998
0.025023
0.025047
0.025071
0.024966
0.025199
0.025231
0.025257
0.025282
0.025307
0.025332
0.025356
0.025380
0.025404
0.025428
0.025720
0.025944
0.025975
0.026008
0.026033
0.026058
0.026082
0.026106
0.026130
0.026156
0.026180
0.025610
0.025834
0.025865
0.025898
0.025924
0.025949
0.025973
0.025996
0.026020
0.026044
0.026068
0.024843
0.025055
0.025088
0.025112
0.025135
0.025160
0.025185
0.025208
0.025233
0.025256
0.025280
0.051426
0.051660
0.051693
0.051718
0.051744
0.051768
0.051792
0.051816
0.051840
0.051864
0.051887
0.026481
0.026709
0.026726
0.026741
0.026755
0.026769
0.026783
0.026797
0.026810
0.026823
0.026850
0.030303
0.030539
0.030557
0.030571
0.030585
0.030598
0.030612
0.030625
0.030638
0.030651
0.030664
0.024499
0.024711
0.024737
0.024752
0.024765
0.024779
0.024792
0.024805
0.024818
0.024832
0.024845
0.024267
0.024493
0.024510
0.024524
0.024538
0.024551
0.024564
0.024577
0.024590
0.024603
0.024616
0.024491
0.024714
0.024731
0.024745
0.024759
0.024772
0.024786
0.024799
0.024811
0.024824
0.024837
0.024628
0.024841
0.024869
0.024883
0.024896
0.024909
0.024923
0.024935
0.024948
0.024961
0.024974
0.024558
0.024781
0.024799
0.024813
0.024827
0.024840
0.024854
0.024867
0.024881
0.024893
0.024907
0.025144
0.025366
0.025384
0.025398
0.025412
0.025425
0.025438
0.025451
0.025465
0.025480
0.025493
0.025724
0.025948
0.025965
0.025979
0.025992
0.026006
0.026019
0.026032
0.026045
0.026058
0.026071
0.050898
0.051123
0.051140
0.051154
0.051168
0.051181
0.051194
0.051208
0.051221
0.051234
0.051247
0.025675
0.025907
0.025924
0.025939
0.025952
0.025965
0.025979
0.025992
0.026005
0.026018
0.026031
0.026174
0.026390
0.026415
0.026430
0.026443
0.026456
0.026469
0.026483
0.026495
0.026509
0.026522
0.025529
0.025750
0.025768
0.025782
0.025796
0.025809
0.025822
0.025835
0.025848
0.025861
0.025874
0.024990
0.025223
0.025249
0.025264
0.025278
0.025292
0.025305
0.025318
0.025331
0.025354
0.025376
0.024298
0.024524
0.024541
0.024555
0.024572
0.024586
0.024599
0.024612
0.024625
0.024639
0.024652
0.025080
0.025299
0.025316
0.025330
0.025344
0.025357
0.025370
0.025383
0.025397
0.025409
0.025423
0.027605
0.027832
0.027849
0.027864
0.027877
0.027890
0.027904
0.027917
0.027930
0.027943
0.027956
0.024803
0.025029
0.025046
0.025060
0.025074
0.025087
0.025100
0.025114
0.025127
0.025140
0.025153
0.024660
0.024888
0.024906
0.024920
0.024933
0.024946
0.024959
0.024972
0.024986
0.024999
0.025012
0.050513
0.050736
0.050754
0.050768
0.050781
0.050794
0.050807
0.050820
0.050833
0.050846
0.050858
0.025117
0.025346
0.025367
0.025384
0.025402
0.025418
0.025434
0.025449
0.025465
0.025480
0.025495
0.024969
0.025202
0.025221
0.025238
0.025253
0.025269
0.025284
0.025299
0.025317
0.025332
0.025348
0.025728
0.025949
0.025979
0.025996
0.026012
0.026028
0.026043
0.026059
0.026074
0.026090
0.026105
0.025760
0.025992
0.026022
0.026039
0.026056
0.026072
0.026089
0.026105
0.026121
0.026136
0.026152
0.024848
0.025069
0.025098
0.025115
0.025131
0.025147
0.025162
0.025178
0.025195
0.025209
0.025222
0.024429
0.024652
0.024669
0.024687
0.024705
0.024721
0.024737
0.024753
0.024768
0.024784
0.024799
0.024262
0.024489
0.024509
0.024526
0.024543
0.024558
0.024574
0.024590
0.024605
0.024621
0.024636
0.024440
0.024655
0.024674
0.024689
0.024714
0.024731
0.024747
0.024763
0.024778
0.024794
0.024809
0.025068
0.025298
0.025318
0.025334
0.025351
0.025366
0.025382
0.025397
0.025413
0.025429
0.025444
0.049617
0.049848
0.049869
0.049886
0.049902
0.049918
0.049934
0.049949
0.049965
0.049980
0.049995
0.025580
0.025816
0.025836
0.025853
0.025871
0.025887
0.025903
0.025919
0.025935
0.025950
0.025966
0.025270
0.025495
0.025514
0.025540
0.025557
0.025573
0.025589
0.025604
0.025619
0.025634
0.025650
0.025658
0.025881
0.025902
0.025919
0.025937
0.025953
0.025969
0.025985
0.026001
0.026017
0.026033
0.025702
0.025928
0.025948
0.025966
0.025982
0.025998
0.026013
0.026028
0.026044
0.026059
0.026074
0.025415
0.025632
0.025661
0.025677
0.025693
0.025708
0.025723
0.025738
0.025753
0.025769
0.025784
0.024710
0.024925
0.024954
0.024971
0.024987
0.025003
0.025018
0.025034
0.025049
0.025070
0.025087
0.024728
0.024956
0.024977
0.024994
0.025010
0.025026
0.025042
0.025057
0.025073
0.025089
0.025105
0.024783
0.025005
0.025034
0.025052
0.025068
0.025083
0.025099
0.025115
0.025131
0.025147
0.025163
0.024400
0.024628
0.024649
0.024667
0.024683
0.024701
0.024717
0.024733
0.024750
0.024766
0.024782
0.050049
0.050272
0.050292
0.050309
0.050325
0.050343
0.050358
0.050374
0.050389
0.050405
0.050421
0.024763
0.024992
0.025013
0.025030
0.025048
0.025064
0.025080
0.025097
0.025113
0.025129
0.025144
0.024747
0.024977
0.024997
0.025014
0.025030
0.025056
0.025076
0.025091
0.025111
0.025125
0.025138
0.025154
0.025390
0.025408
0.025423
0.025437
0.025450
0.025464
0.025477
0.025490
0.025504
0.025517
0.025612
0.025842
0.025862
0.025879
0.025897
0.025913
0.025929
0.025944
0.025960
0.025975
0.025990
0.025473
0.025699
0.025719
0.025737
0.025753
0.025769
0.025785
0.025800
0.025816
0.025832
0.025847
0.024539
0.024767
0.024789
0.024806
0.024823
0.024839
0.024855
0.024870
0.024885
0.024901
0.024917
0.024603
0.024831
0.024852
0.024870
0.024887
0.024904
0.024921
0.024937
0.024953
0.024974
0.024990
0.025481
0.025707
0.025729
0.025746
0.025763
0.025778
0.025794
0.025809
0.025825
0.025840
0.025856
0.024705
0.024945
0.024965
0.024982
0.024999
0.025015
0.025031
0.025046
0.025062
0.025078
0.025093
0.049884
0.050100
0.050119
0.050145
0.050162
0.050178
0.050193
0.050208
0.050225
0.050240
0.050256
0.024754
0.024976
0.025006
0.025023
0.025040
0.025056
0.025072
0.025088
0.025103
0.025120
0.025136
0.024621
0.024849
0.024869
0.024887
0.024903
0.024919
0.024934
0.024950
0.024967
0.024983
0.024999
0.025254
0.025479
0.025499
0.025516
0.025532
0.025548
0.025563
0.025579
0.025594
0.025610
0.025625
0.025771
0.026004
0.026025
0.026042
0.026058
0.026074
0.026089
0.026105
0.026119
0.026135
0.026150
0.025454
0.025681
0.025702
0.025719
0.025736
0.025754
0.025770
0.025787
0.025803
0.025818
0.025834
0.029167
0.029386
0.029413
0.029427
0.029441
0.029454
0.029467
0.029480
0.029494
0.029507
0.029521
0.024661
0.024891
0.024909
0.024923
0.024937
0.024950
0.024963
0.024981
0.025009
0.025037
0.025058
0.024345
0.024568
0.024585
0.024599
0.024612
0.024625
0.024639
0.024652
0.024665
0.024679
0.024692
0.025244
0.025469
0.025487
0.025501
0.025515
0.025529
0.025542
0.025555
0.025568
0.025581
0.025594
0.049706
0.049928
0.049945
0.049960
0.049973
0.049987
0.049999
0.050013
0.050026
0.050040
0.050053
0.025242
0.025474
0.025491
0.025506
0.025519
0.025533
0.025546
0.025559
0.025572
0.025585
0.025598
0.025166
0.025390
0.025407
0.025421
0.025435
0.025448
0.025461
0.025475
0.025488
0.025504
0.025517
0.025643
0.025866
0.025884
0.025898
0.025912
0.025926
0.025939
0.025953
0.025966
0.025979
0.025992
0.025541
0.025757
0.025774
0.025797
0.025811
0.025826
0.025839
0.025853
0.025866
0.025879
0.025892
0.025208
0.025430
0.025449
0.025463
0.025477
0.025491
0.025504
0.025517
0.025530
0.025543
0.025556
0.024442
0.024653
0.024679
0.024694
0.024708
0.024722
0.024734
0.024747
0.024761
0.024774
0.024786
0.024420
0.024645
0.024662
0.024677
0.024690
0.024704
0.024718
0.024731
0.024744
0.024757
0.024770
0.025635
0.025857
0.025874
0.025889
0.025903
0.025916
0.025929
0.025942
0.025955
0.025968
0.025981
0.025038
0.025266
0.025283
0.025297
0.025311
0.025324
0.025338
0.025351
0.025364
0.025377
0.025390
0.049822
0.050036
0.050062
0.050077
0.050091
0.050104
0.050118
0.050131
0.050144
0.050157
0.050170
0.025274
0.025510
0.025527
0.025542
0.025556
0.025569
0.025583
0.025596
0.025609
0.025622
0.025635
0.025275
0.025490
0.025517
0.025531
0.025545
0.025558
0.025572
0.025585
0.025598
0.025611
0.025624
0.025565
0.025795
0.025813
0.025827
0.025840
0.025854
0.025867
0.025880
0.025893
0.025906
0.025919
0.025439
0.025663
0.025680
0.025694
0.025708
0.025722
0.025735
0.025753
0.025781
0.025805
0.025820
0.024950
0.025188
0.025206
0.025220
0.025234
0.025248
0.025261
0.025275
0.025288
0.025301
0.025315
0.024835
0.025060
0.025080
0.025095
0.025109
0.025122
0.025136
0.025149
0.025162
0.025175
0.025189
0.024889
0.025112
0.025130
0.025144
0.025158
0.025171
0.025185
0.025198
0.025211
0.025224
0.025238
0.024840
0.025063
0.025091
0.025108
0.025124
0.025140
0.025156
0.025172
0.025187
0.025203
0.025219
0.024883
0.025110
0.025130
0.025146
0.025162
0.025177
0.025193
0.025208
0.025224
0.025239
0.025255
0.049772
0.050000
0.050021
0.050038
0.050054
0.050070
0.050085
0.050100
0.050116
0.050131
0.050146
0.024802
0.025034
0.025054
0.025071
0.025088
0.025105
0.025120
0.025136
0.025153
0.025170
0.025186
0.024645
0.024873
0.024894
0.024911
0.024928
0.024945
0.024960
0.024976
0.024991
0.025007
0.025023
0.025794
0.026021
0.026042
0.026060
0.026078
0.026093
0.026110
0.026127
0.026142
0.026158
0.026174
0.025598
0.025821
0.025851
0.025869
0.025886
0.025903
0.025919
0.025934
0.025949
0.025965
0.025980
0.025075
0.025290
0.025309
0.025336
0.025352
0.025369
0.025385
0.025401
0.025417
0.025432
0.025448
0.024490
0.024711
0.024741
0.024759
0.024775
0.024792
0.024807
0.024823
0.024838
0.024854
0.024869
0.024831
0.025066
0.025086
0.025103
0.025120
0.025137
0.025152
0.025168
0.025184
0.025200
0.025216
0.024381
0.024606
0.024625
0.024642
0.024659
0.024675
0.024691
0.024706
0.024721
0.024737
0.024752
0.024622
0.024844
0.024861
0.024876
0.024889
0.024903
0.024916
0.024929
0.024942
0.024955
0.024968
0.051020
0.051241
0.051258
0.051272
0.051285
0.051298
0.051311
0.051325
0.051338
0.051350
0.051363
0.024687
0.024914
0.024935
0.024950
0.024963
0.024977
0.024990
0.025003
0.025031
0.025049
0.025063
0.025118
0.025344
0.025362
0.025376
0.025389
0.025403
0.025416
0.025429
0.025442
0.025456
0.025469
0.025036
0.025261
0.025279
0.025294
0.025307
0.025321
0.025334
0.025347
0.025360
0.025374
0.025386
0.024830
0.025052
0.025069
0.025084
0.025097
0.025110
0.025124
0.025137
0.025150
0.025163
0.025176
0.024556
0.024791
0.024820
0.024848
0.024874
0.024900
0.024924
0.024948
0.024973
0.024996
0.025020
0.025815
0.026057
0.026087
0.026115
0.026141
0.026167
0.026191
0.026215
0.026239
0.026263
0.026288
0.024449
0.024674
0.024692
0.024706
0.024720
0.024733
0.024746
0.024760
0.024772
0.024785
0.024798
0.024072
0.024298
0.024316
0.024330
0.024344
0.024358
0.024371
0.024384
0.024397
0.024410
0.024424
0.024742
0.024973
0.024991
0.025006
0.025019
0.025033
0.025046
0.025059
0.025072
0.025085
0.025098
0.049093
0.049314
0.049332
0.049346
0.049360
0.049373
0.049387
0.049401
0.049414
0.049428
0.049441
0.024839
0.025068
0.025086
0.025101
0.025115
0.025128
0.025142
0.025156
0.025169
0.025182
0.025195
0.024534
0.024760
0.024777
0.024791
0.024804
0.024818
0.024831
0.024845
0.024859
0.024872
0.024885
0.025072
0.025283
0.025310
0.025324
0.025337
0.025350
0.025363
0.025377
0.025390
0.025402
0.025415
0.025591
0.025815
0.025832
0.025846
0.025860
0.025873
0.025887
0.025900
0.025913
0.025927
0.025940
0.025496
0.025719
0.025736
0.025751
0.025764
0.025777
0.025790
0.025804
0.025817
0.025830
0.025843
0.024706
0.024932
0.024949
0.024963
0.024978
0.024992
0.025005
0.025018
0.025032
0.025045
0.025058
0.024653
0.024875
0.024893
0.024907
0.024921
0.024934
0.024948
0.024961
0.024974
0.024987
0.025000
0.024824
0.025058
0.025076
0.025090
0.025104
0.025118
0.025131
0.025145
0.025158
0.025171
0.025184
0.024706
0.024934
0.024952
0.024966
0.024980
0.024993
0.025006
0.025019
0.025032
0.025045
0.025058
0.049958
0.050174
0.050192
0.050206
0.050220
0.050233
0.050247
0.050260
0.050273
0.050286
0.050299
0.024554
0.024779
0.024797
0.024812
0.024825
0.024838
0.024852
0.024865
0.024878
0.024891
0.024904
0.024760
0.024986
0.025005
0.025019
0.025033
0.025046
0.025059
0.025072
0.025085
0.025099
0.025111
0.025377
0.025600
0.025624
0.025639
0.025652
0.025666
0.025679
0.025692
0.025705
0.025718
0.025731
0.025742
0.025968
0.025985
0.026000
0.026013
0.026027
0.026040
0.026054
0.026067
0.026080
0.026093
0.026445
0.026677
0.026694
0.026709
0.026722
0.026736
0.026749
0.026762
0.026775
0.026788
0.026801
0.024559
0.024782
0.024800
0.024814
0.024828
0.024842
0.024855
0.024868
0.024882
0.024894
0.024908
0.024434
0.024655
0.024672
0.024686
0.024700
0.024714
0.024727
0.024740
0.024753
0.024766
0.024780
0.024323
0.024549
0.024567
0.024581
0.024595
0.024608
0.024621
0.024634
0.024647
0.024660
0.024673
0.024208
0.024420
0.024446
0.024461
0.024475
0.024488
0.024502
0.024515
0.024528
0.024541
0.024554
0.049306
0.049519
0.049545
0.049559
0.049572
0.049585
0.049599
0.049612
0.049625
0.049638
0.049651
0.024533
0.024750
0.024767
0.024791
0.024804
0.024818
0.024831
0.024844
0.024858
0.024871
0.024884
0.024661
0.024885
0.024902
0.024916
0.024930
0.024943
0.024956
0.024969
0.024982
0.024995
0.025007
0.025357
0.025580
0.025599
0.025613
0.025627
0.025640
0.025654
0.025667
0.025681
0.025694
0.025707
0.025936
0.026169
0.026187
0.026201
0.026215
0.026228
0.026241
0.026254
0.026268
0.026281
0.026293
0.025816
0.026038
0.026056
0.026070
0.026083
0.026097
0.026110
0.026124
0.026138
0.026151
0.026164
0.024855
0.025066
0.025092
0.025106
0.025120
0.025133
0.025146
0.025160
0.025172
0.025185
0.025198
0.024421
0.024648
0.024667
0.024682
0.024695
0.024708
0.024722
0.024735
0.024748
0.024761
0.024774
0.027157
0.027380
0.027397
0.027411
0.027425
0.027439
0.027452
0.027465
0.027478
0.027492
0.027505
0.024854
0.025080
0.025097
0.025111
0.025125
0.025139
0.025152
0.025165
0.025178
0.025192
0.025205
0.050315
0.050539
0.050556
0.050570
0.050583
0.050596
0.050609
0.050622
0.050636
0.050648
0.050661
0.024719
0.024948
0.024965
0.024980
0.024994
0.025007
0.025020
0.025034
0.025047
0.025060
0.025073
0.024658
0.024886
0.024903
0.024917
0.024931
0.024945
0.024958
0.024971
0.024984
0.024997
0.025010
0.025465
0.025678
0.025705
0.025724
0.025741
0.025757
0.025774
0.025790
0.025806
0.025835
0.025851
0.025709
0.025948
0.025968
0.025985
0.026002
0.026018
0.026034
0.026049
0.026065
0.026080
0.026096
0.024997
0.025213
0.025242
0.025260
0.025276
0.025293
0.025308
0.025324
0.025339
0.025355
0.025370
0.024447
0.024675
0.024694
0.024713
0.024729
0.024745
0.024761
0.024777
0.024792
0.024808
0.024823
0.024645
0.024875
0.024896
0.024914
0.024930
0.024946
0.024962
0.024977
0.024993
0.025009
0.025025
0.024745
0.024973
0.024994
0.025011
0.025028
0.025044
0.025059
0.025075
0.025090
0.025106
0.025122
0.024665
0.024895
0.024915
0.024933
0.024949
0.024965
0.024981
0.024996
0.025011
0.025027
0.025043
0.051413
0.051630
0.051659
0.051677
0.051693
0.051710
0.051725
0.051741
0.051757
0.051773
0.051789
0.024864
0.025085
0.025115
0.025132
0.025150
0.025166
0.025183
0.025199
0.025215
0.025231
0.025246
0.024688
0.024917
0.024937
0.024955
0.024972
0.024987
0.025000
0.025013
0.025027
0.025040
0.025053
0.030253
0.030474
0.030492
0.030506
0.030519
0.030533
0.030546
0.030562
0.030576
0.030589
0.030602
0.024179
0.024388
0.024405
0.024419
0.024443
0.024457
0.024470
0.024484
0.024500
0.024518
0.024534
0.024109
0.024340
0.024359
0.024376
0.024392
0.024408
0.024424
0.024439
0.024455
0.024470
0.024486
0.024145
0.024376
0.024396
0.024413
0.024430
0.024446
0.024462
0.024478
0.024493
0.024509
0.024524
0.025915
0.026154
0.026184
0.026212
0.026237
0.026262
0.026286
0.026310
0.026334
0.026358
0.026381
0.024433
0.024657
0.024686
0.024721
0.024746
0.024774
0.024799
0.024823
0.024848
0.024871
0.024895
0.024179
0.024415
0.024445
0.024473
0.024498
0.024524
0.024548
0.024572
0.024596
0.024620
0.024644
0.049355
0.049596
0.049628
0.049655
0.049681
0.049706
0.049731
0.049756
0.049780
0.049803
0.049827
0.025579
0.025800
0.025839
0.025862
0.025888
0.025913
0.025937
0.025961
0.025985
0.026009
0.026032
0.025171
0.025407
0.025440
0.025466
0.025492
0.025517
0.025542
0.025565
0.025589
0.025613
0.025637
0.025934
0.026170
0.026204
0.026230
0.026256
0.026280
0.026304
0.026330
0.026353
0.026377
0.026402
0.025494
0.025731
0.025763
0.025788
0.025813
0.025838
0.025863
0.025887
0.025910
0.025934
0.025958
0.024485
0.024721
0.024753
0.024779
0.024805
0.024830
0.024853
0.024878
0.024902
0.024925
0.024949
0.024709
0.024944
0.024976
0.025002
0.025028
0.025052
0.025076
0.025100
0.025124
0.025147
0.025171
0.024575
0.024809
0.024841
0.024867
0.024893
0.024917
0.024942
0.024966
0.024990
0.025014
0.025037
0.024443
0.024681
0.024714
0.024740
0.024766
0.024791
0.024815
0.024839
0.024862
0.024886
0.024909
0.024502
0.024728
0.024766
0.024793
0.024817
0.024842
0.024866
0.024891
0.024915
0.024939
0.024962
0.050145
0.050384
0.050417
0.050444
0.050470
0.050494
0.050519
0.050542
0.050566
0.050590
0.050613
0.028222
0.028449
0.028477
0.028502
0.028527
0.028551
0.028575
0.028599
0.028623
0.028647
0.028671
0.025683
0.025917
0.025952
0.025977
0.026002
0.026027
0.026051
0.026075
0.026098
0.026122
0.026145
0.025560
0.025797
0.025830
0.025856
0.025882
0.025906
0.025931
0.025955
0.025978
0.026002
0.026027
0.025256
0.025481
0.025508
0.025533
0.025559
0.025583
0.025607
0.025632
0.025655
0.025679
0.025703
0.025164
0.025399
0.025439
0.025465
0.025491
0.025516
0.025540
0.025564
0.025589
0.025614
0.025637
0.024586
0.024811
0.024840
0.024878
0.024903
0.024928
0.024952
0.024976
0.025001
0.025025
0.025049
0.024746
0.024972
0.024997
0.025020
0.025045
0.025070
0.025094
0.025118
0.025142
0.025166
0.025190
0.029317
0.029617
0.029659
0.029686
0.029712
0.029739
0.029765
0.029791
0.029818
0.029844
0.029870
0.024865
0.025091
0.025108
0.025122
0.025136
0.025150
0.025163
0.025177
0.025190
0.025203
0.025216
0.051162
0.051377
0.051403
0.051417
0.051430
0.051444
0.051456
0.051470
0.051483
0.051496
0.051509
0.026236
0.026464
0.026482
0.026496
0.026510
0.026524
0.026538
0.026551
0.026565
0.026578
0.026592
0.025217
0.025444
0.025462
0.025476
0.025490
0.025508
0.025521
0.025534
0.025547
0.025560
0.025573
0.025391
0.025613
0.025640
0.025655
0.025669
0.025683
0.025696
0.025709
0.025723
0.025736
0.025749
0.025268
0.025497
0.025515
0.025529
0.025543
0.025557
0.025570
0.025583
0.025596
0.025609
0.025622
0.024954
0.025182
0.025200
0.025214
0.025228
0.025241
0.025255
0.025268
0.025281
0.025294
0.025307
0.024974
0.025197
0.025214
0.025228
0.025241
0.025254
0.025268
0.025281
0.025294
0.025306
0.025319
0.024792
0.025021
0.025039
0.025053
0.025067
0.025080
0.025094
0.025107
0.025120
0.025133
0.025146
0.025012
0.025237
0.025254
0.025268
0.025282
0.025295
0.025308
0.025322
0.025335
0.025348
0.025361
0.024923
0.025149
0.025167
0.025181
0.025195
0.025209
0.025222
0.025236
0.025249
0.025263
0.025276
0.050326
0.050553
0.050570
0.050585
0.050599
0.050612
0.050626
0.050639
0.050652
0.050665
0.050678
0.026138
0.026366
0.026383
0.026398
0.026412
0.026425
0.026438
0.026452
0.026465
0.026478
0.026490
0.025877
0.026092
0.026119
0.026133
0.026146
0.026160
0.026172
0.026185
0.026198
0.026211
0.026224
0.025470
0.025687
0.025704
0.025718
0.025732
0.025746
0.025759
0.025772
0.025785
0.025798
0.025811
0.025064
0.025292
0.025309
0.025324
0.025337
0.025350
0.025364
0.025377
0.025390
0.025403
0.025416
0.024384
0.024597
0.024623
0.024638
0.024652
0.024665
0.024678
0.024691
0.024704
0.024717
0.024730
0.024421
0.024647
0.024664
0.024678
0.024692
0.024705
0.024719
0.024731
0.024745
0.024758
0.024771
0.024458
0.024671
0.024696
0.024711
0.024724
0.024738
0.024751
0.024765
0.024778
0.024791
0.024804
0.024338
0.024565
0.024581
0.024596
0.024609
0.024622
0.024636
0.024649
0.024662
0.024676
0.024688
0.024360
0.024588
0.024606
0.024640
0.024661
0.024674
0.024688
0.024701
0.024714
0.024728
0.024740
0.050847
0.051068
0.051087
0.051113
0.051129
0.051145
0.051161
0.051178
0.051194
0.051209
0.051224
0.025080
0.025299
0.025326
0.025340
0.025353
0.025367
0.025380
0.025393
0.025406
0.025419
0.025431
0.025067
0.025292
0.025309
0.025323
0.025337
0.025351
0.025364
0.025377
0.025390
0.025403
0.025417
0.025654
0.025878
0.025895
0.025909
0.025923
0.025936
0.025950
0.025963
0.025976
0.025990
0.026002
0.025587
0.025810
0.025828
0.025842
0.025856
0.025870
0.025883
0.025897
0.025910
0.025923
0.025936
0.024354
0.024568
0.024594
0.024609
0.024623
0.024636
0.024650
0.024663
0.024676
0.024689
0.024702
0.024560
0.024786
0.024804
0.024819
0.024833
0.024847
0.024860
0.024873
0.024887
0.024900
0.024913
0.024527
0.024750
0.024767
0.024781
0.024795
0.024808
0.024821
0.024835
0.024848
0.024861
0.024873
0.024395
0.024620
0.024637
0.024652
0.024666
0.024679
0.024693
0.024706
0.024719
0.024732
0.024745
0.024857
0.025092
0.025122
0.025150
0.025177
0.025204
0.025228
0.025252
0.025277
0.025300
0.025323
0.049731
0.049968
0.050001
0.050027
0.050054
0.050078
0.050103
0.050127
0.050150
0.050175
0.050198
0.025386
0.025604
0.025642
0.025667
0.025692
0.025716
0.025741
0.025765
0.025789
0.025813
0.025837
0.025541
0.025773
0.025799
0.025825
0.025847
0.025872
0.025896
0.025919
0.025943
0.025967
0.025990
0.025621
0.025861
0.025893
0.025921
0.025948
0.025972
0.025996
0.026019
0.026043
0.026067
0.026090
0.025433
0.025657
0.025698
0.025723
0.025748
0.025772
0.025795
0.025819
0.025843
0.025867
0.025890
0.025328
0.025563
0.025597
0.025622
0.025649
0.025673
0.025697
0.025721
0.025745
0.025769
0.025793
0.024753
0.024991
0.025022
0.025048
0.025074
0.025098
0.025121
0.025146
0.025169
0.025193
0.025217
0.024773
0.024996
0.025036
0.025063
0.025088
0.025113
0.025137
0.025161
0.025184
0.025209
0.025233
0.025011
0.025246
0.025278
0.025303
0.025330
0.025354
0.025378
0.025402
0.025426
0.025450
0.025473
0.024904
0.025140
0.025170
0.025197
0.025224
0.025249
0.025273
0.025297
0.025321
0.025345
0.025369
0.049829
0.050057
0.050076
0.050093
0.050108
0.050124
0.050140
0.050154
0.050170
0.050185
0.050200
0.024610
0.024839
0.024859
0.024876
0.024892
0.024909
0.024924
0.024941
0.024957
0.024972
0.024988
0.024507
0.024735
0.024756
0.024773
0.024791
0.024807
0.024823
0.024839
0.024854
0.024869
0.024885
0.024992
0.025213
0.025229
0.025244
0.025257
0.025271
0.025285
0.025298
0.025311
0.025324
0.025337
0.025455
0.025680
0.025697
0.025711
0.025725
0.025739
0.025752
0.025766
0.025779
0.025793
0.025807
0.025503
0.025728
0.025746
0.025760
0.025774
0.025788
0.025801
0.025815
0.025828
0.025841
0.025854
0.024678
0.024902
0.024920
0.024934
0.024948
0.024961
0.024974
0.024987
0.025000
0.025013
0.025026
0.024634
0.024857
0.024874
0.024889
0.024903
0.024916
0.024930
0.024943
0.024956
0.024970
0.024982
0.024686
0.024908
0.024925
0.024939
0.024952
0.024965
0.024978
0.024991
0.025004
0.025017
0.025030
0.024663
0.024887
0.024905
0.024920
0.024935
0.024948
0.024961
0.024975
0.024988
0.025001
0.025014
0.049393
0.049615
0.049632
0.049646
0.049659
0.049672
0.049686
0.049699
0.049712
0.049725
0.049738
0.024693
0.024908
0.024934
0.024949
0.024963
0.024976
0.024990
0.025003
0.025017
0.025030
0.025043
0.024606
0.024833
0.024860
0.024874
0.024888
0.024901
0.024914
0.024927
0.024940
0.024961
0.024984
0.025935
0.026161
0.026179
0.026193
0.026207
0.026221
0.026235
0.026248
0.026261
0.026273
0.026287
0.025487
0.025718
0.025735
0.025750
0.025764
0.025777
0.025790
0.025803
0.025817
0.025830
0.025843
0.025038
0.025268
0.025289
0.025306
0.025322
0.025338
0.025354
0.025370
0.025386
0.025401
0.025417
0.024600
0.024827
0.024848
0.024866
0.024882
0.024898
0.024914
0.024930
0.024946
0.024961
0.024977
0.025248
0.025477
0.025498
0.025516
0.025533
0.025548
0.025562
0.025577
0.025590
0.025603
0.025616
0.025516
0.025739
0.025756
0.025771
0.025784
0.025798
0.025811
0.025825
0.025841
0.025859
0.025875
0.025155
0.025377
0.025395
0.025409
0.025423
0.025436
0.025450
0.025463
0.025476
0.025489
0.025504
0.050050
0.050259
0.050285
0.050299
0.050313
0.050326
0.050339
0.050353
0.050367
0.050380
0.050393
0.025621
0.025851
0.025868
0.025883
0.025897
0.025910
0.025923
0.025936
0.025949
0.025962
0.025975
0.025733
0.025946
0.025974
0.025989
0.026003
0.026016
0.026029
0.026043
0.026056
0.026069
0.026082
0.025604
0.025827
0.025845
0.025859
0.025873
0.025887
0.025900
0.025913
0.025927
0.025940
0.025953
0.025581
0.025803
0.025820
0.025835
0.025848
0.025862
0.025876
0.025889
0.025903
0.025916
0.025929
0.025085
0.025311
0.025329
0.025343
0.025357
0.025371
0.025384
0.025397
0.025411
0.025424
0.025437
0.025114
0.025337
0.025355
0.025369
0.025383
0.025397
0.025410
0.025423
0.025436
0.025450
0.025463
0.025186
0.025414
0.025432
0.025446
0.025460
0.025474
0.025487
0.025500
0.025513
0.025526
0.025539
0.025007
0.025236
0.025264
0.025278
0.025292
0.025306
0.025320
0.025333
0.025346
0.025359
0.025372
0.024732
0.024955
0.024973
0.024987
0.025001
0.025014
0.025028
0.025041
0.025054
0.025067
0.025080
0.049949
0.050171
0.050189
0.050203
0.050216
0.050230
0.050243
0.050256
0.050269
0.050282
0.050295
0.026209
0.026429
0.026445
0.026469
0.026483
0.026496
0.026510
0.026523
