1.826490
0.037830
0.038144
0.038168
0.038188
0.038208
0.038227
0.038246
0.038265
0.038284
0.038303
0.038321
0.029514
0.029753
0.029771
0.029785
0.029799
0.029814
0.029828
0.029841
0.029855
0.029870
0.029885
0.024882
0.025111
0.025129
0.025145
0.025159
0.025174
0.025188
0.025201
0.025215
0.025228
0.025243
0.024345
0.024573
0.024591
0.024606
0.024620
0.024633
0.024647
0.024660
0.024673
0.024686
0.024698
0.024093
0.024315
0.024332
0.024346
0.024360
0.024374
0.024387
0.024400
0.024413
0.024426
0.024439
0.023786
0.024007
0.024024
0.024040
0.024053
0.024067
0.024080
0.024093
0.024107
0.024120
0.024133
0.023896
0.024119
0.024136
0.024150
0.024164
0.024178
0.024194
0.024207
0.024220
0.024234
0.024247
0.023614
0.023840
0.023857
0.023871
0.023885
0.023899
0.023912
0.023925
0.023938
0.023952
0.023964
0.023673
0.023900
0.023917
0.023931
0.023945
0.023958
0.023971
0.023984
0.023997
0.024011
0.024024
0.049836
0.050062
0.050079
0.050094
0.050108
0.050121
0.050134
0.050149
0.050162
0.050175
0.050189
0.025130
0.025358
0.025390
0.025424
0.025449
0.025473
0.025496
0.025520
0.025543
0.025567
0.025590
0.024294
0.024519
0.024536
0.024550
0.024564
0.024579
0.024592
0.024606
0.024619
0.024632
0.024645
0.024990
0.025210
0.025236
0.025250
0.025263
0.025276
0.025290
0.025303
0.025316
0.025329
0.025342
0.024217
0.024440
0.024456
0.024470
0.024484
0.024500
0.024513
0.024526
0.024539
0.024552
0.024565
0.024516
0.024728
0.024754
0.024768
0.024782
0.024795
0.024809
0.024822
0.024835
0.024848
0.024862
0.023896
0.024122
0.024140
0.024154
0.024168
0.024180
0.024194
0.024206
0.024221
0.024234
0.024246
0.023498
0.023720
0.023736
0.023750
0.023765
0.023778
0.023791
0.023804
0.023817
0.023830
0.023843
0.023692
0.023916
0.023933
0.023947
0.023960
0.023973
0.023986
0.023999
0.024012
0.024026
0.024039
0.023434
0.023655
0.023673
0.023690
0.023705
0.023718
0.023731
0.023744
0.023757
0.023771
0.023784
0.048688
0.048924
0.048957
0.048981
0.049008
0.049032
0.049057
0.049080
0.049103
0.049127
0.049150
0.025023
0.025262
0.025290
0.025305
0.025318
0.025332
0.025345
0.025358
0.025371
0.025384
0.025398
0.024289
0.024514
0.024537
0.024554
0.024570
0.024586
0.024601
0.024617
0.024634
0.024651
0.024667
0.032442
0.032690
0.032721
0.032740
0.032758
0.032775
0.032793
0.032811
0.032828
0.032846
0.032863
0.042890
0.043129
0.043152
0.043170
0.043188
0.043206
0.043224
0.043242
0.043259
0.043276
0.043293
0.024572
0.024790
0.024807
0.024820
0.024843
0.024860
0.024873
0.024887
0.024900
0.024913
0.024926
0.024400
0.024621
0.024638
0.024653
0.024667
0.024681
0.024693
0.024707
0.024720
0.024733
0.024746
0.024042
0.024254
0.024280
0.024295
0.024309
0.024323
0.024336
0.024349
0.024362
0.024375
0.024388
0.024154
0.024378
0.024395
0.024409
0.024423
0.024436
0.024449
0.024462
0.024475
0.024488
0.024501
0.023521
0.023739
0.023766
0.023780
0.023793
0.023806
0.023820
0.023833
0.023846
0.023859
0.023872
0.048664
0.048884
0.048901
0.048915
0.048929
0.048942
0.048955
0.048969
0.048981
0.048994
0.049007
0.025663
0.025889
0.025907
0.025922
0.025936
0.025949
0.025962
0.025975
0.025989
0.026002
0.026016
0.024168
0.024391
0.024409
0.024423
0.024437
0.024451
0.024464
0.024477
0.024489
0.024503
0.024515
0.023654
0.023877
0.023897
0.023912
0.023926
0.023940
0.023953
0.023967
0.023980
0.023993
0.024007
0.024446
0.024676
0.024700
0.024724
0.024748
0.024773
0.024797
0.024821
0.024844
0.024868
0.024892
0.031999
0.032244
0.032265
0.032283
0.032310
0.032328
0.032346
0.032363
0.032381
0.032398
0.032418
0.043684
0.043912
0.043929
0.043944
0.043957
0.043970
0.043983
0.043996
0.044009
0.044022
0.044035
0.023504
0.023726
0.023744
0.023759
0.023773
0.023787
0.023800
0.023814
0.023827
0.023843
0.023856
0.023517
0.023743
0.023761
0.023775
0.023788
0.023802
0.023815
0.023828
0.023841
0.023854
0.023867
0.023747
0.023972
0.023991
0.024005
0.024019
0.024033
0.024046
0.024059
0.024072
0.024086
0.024098
0.049139
0.049365
0.049383
0.049398
0.049411
0.049425
0.049438
0.049452
0.049465
0.049478
0.049491
0.023896
0.024126
0.024144
0.024158
0.024172
0.024186
0.024199
0.024212
0.024225
0.024239
0.024252
0.024512
0.024738
0.024755
0.024769
0.024783
0.024796
0.024810
0.024822
0.024835
0.024848
0.024861
0.023980
0.024204
0.024221
0.024235
0.024250
0.024263
0.024276
0.024289
0.024302
0.024315
0.024328
0.029370
0.029605
0.029625
0.029643
0.029660
0.029675
0.029691
0.029707
0.029723
0.029738
0.029754
0.025219
0.025447
0.025468
0.025485
0.025503
0.025518
0.025534
0.025550
0.025565
0.025580
0.025596
0.025777
0.026004
0.026025
0.026043
0.026060
0.026075
0.026091
0.026106
0.026122
0.026137
0.026153
0.025004
0.025236
0.025257
0.025274
0.025290
0.025306
0.025322
0.025337
0.025353
0.025368
0.025383
0.024945
0.025171
0.025188
0.025202
0.025215
0.025229
0.025242
0.025255
0.025268
0.025284
0.025297
0.025171
0.025387
0.025409
0.025423
0.025446
0.025460
0.025473
0.025486
0.025499
0.025512
0.025525
0.050995
0.051214
0.051231
0.051245
0.051258
0.051271
0.051285
0.051297
0.051310
0.051323
0.051336
0.025156
0.025388
0.025406
0.025421
0.025435
0.025448
0.025461
0.025474
0.025487
0.025500
0.025513
0.025491
0.025719
0.025736
0.025750
0.025764
0.025778
0.025791
0.025804
0.025816
0.025830
0.025843
0.026037
0.026262
0.026279
0.026293
0.026307
0.026321
0.026334
0.026347
0.026361
0.026374
0.026387
0.024694
0.024920
0.024937
0.024952
0.024965
0.024978
0.024992
0.025005
0.025018
0.025032
0.025045
0.024739
0.024975
0.025004
0.025032
0.025058
0.025083
0.025106
0.025130
0.025154
0.025185
0.025208
0.025262
0.025501
0.025531
0.025558
0.025584
0.025609
0.025633
0.025658
0.025681
0.025705
0.025729
0.024122
0.024346
0.024364
0.024378
0.024392
0.024406
0.024419
0.024432
0.024446
0.024459
0.024472
0.024323
0.024545
0.024563
0.024577
0.024591
0.024604
0.024618
0.024632
0.024644
0.024657
0.024671
0.026226
0.026455
0.026472
0.026486
0.026500
0.026514
0.026527
0.026541
0.026554
0.026567
0.026580
0.053435
0.053657
0.053674
0.053689
0.053702
0.053716
0.053729
0.053742
0.053755
0.053768
0.053781
0.024855
0.025080
0.025098
0.025112
0.025126
0.025139
0.025153
0.025166
0.025179
0.025192
0.025205
0.025173
0.025396
0.025414
0.025428
0.025442
0.025455
0.025468
0.025481
0.025498
0.025512
0.025525
0.024724
0.024952
0.024969
0.024983
0.024997
0.025010
0.025023
0.025036
0.025049
0.025062
0.025075
0.024566
0.024787
0.024804
0.024818
0.024832
0.024845
0.024858
0.024871
0.024884
0.024897
0.024910
0.025428
0.025656
0.025673
0.025687
0.025701
0.025714
0.025728
0.025741
0.025754
0.025767
0.025780
0.024445
0.024668
0.024685
0.024700
0.024714
0.024727
0.024741
0.024754
0.024768
0.024781
0.024794
0.024682
0.024911
0.024928
0.024942
0.024956
0.024969
0.024983
0.024996
0.025009
0.025022
0.025034
0.025726
0.025953
0.025971
0.025985
0.025999
0.026012
0.026026
0.026039
0.026051
0.026064
0.026077
0.026110
0.026334
0.026352
0.026366
0.026380
0.026394
0.026407
0.026420
0.026433
0.026446
0.026459
0.051991
0.052202
0.052220
0.052244
0.052257
0.052270
0.052284
0.052296
0.052310
0.052322
0.052336
0.025095
0.025326
0.025344
0.025358
0.025372
0.025385
0.025398
0.025412
0.025425
0.025438
0.025451
0.025173
0.025396
0.025414
0.025428
0.025441
0.025455
0.025468
0.025481
0.025494
0.025507
0.025520
0.026354
0.026571
0.026597
0.026612
0.026626
0.026639
0.026652
0.026666
0.026679
0.026692
0.026706
0.024982
0.025208
0.025225
0.025239
0.025252
0.025265
0.025278
0.025291
0.025304
0.025316
0.025329
0.024504
0.024729
0.024746
0.024761
0.024774
0.024787
0.024801
0.024814
0.024827
0.024840
0.024853
0.025434
0.025650
0.025677
0.025691
0.025705
0.025717
0.025730
0.025743
0.025756
0.025769
0.025782
0.024602
0.024830
0.024847
0.024861
0.024874
0.024887
0.024901
0.024914
0.024927
0.024940
0.024953
0.024794
0.025021
0.025038
0.025052
0.025066
0.025079
0.025092
0.025105
0.025118
0.025131
0.025143
0.024528
0.024742
0.024759
0.024783
0.024796
0.024810
0.024824
0.024837
0.024851
0.024863
0.024876
0.051641
0.051870
0.051888
0.051902
0.051916
0.051932
0.051945
0.051958
0.051971
0.051985
0.051998
0.026126
0.026352
0.026369
0.026384
0.026397
0.026411
0.026425
0.026438
0.026451
0.026464
0.026477
0.026230
0.026456
0.026473
0.026488
0.026501
0.026515
0.026528
0.026541
0.026554
0.026567
0.026580
0.025553
0.025778
0.025794
0.025809
0.025823
0.025837
0.025850
0.025863
0.025876
0.025889
0.025902
0.024661
0.024884
0.024902
0.024916
0.024930
0.024943
0.024956
0.024969
0.024982
0.024995
0.025008
0.025076
0.025302
0.025319
0.025333
0.025348
0.025361
0.025374
0.025387
0.025400
0.025413
0.025426
0.024526
0.024756
0.024774
0.024789
0.024802
0.024816
0.024829
0.024843
0.024855
0.024868
0.024881
0.026095
0.026322
0.026340
0.026354
0.026368
0.026381
0.026394
0.026407
0.026421
0.026433
0.026447
0.025871
0.026097
0.026114
0.026128
0.026142
0.026155
0.026168
0.026181
0.026194
0.026207
0.026220
0.025480
0.025705
0.025723
0.025737
0.025751
0.025783
0.025800
0.025815
0.025828
0.025841
0.025854
0.051828
0.052050
0.052067
0.052081
0.052095
0.052108
0.052121
0.052134
0.052146
0.052159
0.052171
0.026070
0.026296
0.026314
0.026328
0.026342
0.026356
0.026369
0.026382
0.026395
0.026408
0.026422
0.025783
0.026009
0.026026
0.026040
0.026054
0.026066
0.026079
0.026092
0.026105
0.026118
0.026131
0.026147
0.026364
0.026391
0.026406
0.026420
0.026433
0.026447
0.026460
0.026474
0.026486
0.026500
0.026550
0.026776
0.026793
0.026808
0.026821
0.026834
0.026847
0.026860
0.026873
0.026886
0.026900
0.024992
0.025209
0.025236
0.025250
0.025263
0.025277
0.025290
0.025303
0.025316
0.025329
0.025342
0.024802
0.025025
0.025042
0.025056
0.025070
0.025083
0.025096
0.025110
0.025123
0.025136
0.025149
0.024764
0.024984
0.025011
0.025025
0.025039
0.025052
0.025066
0.025079
0.025092
0.025105
0.025118
0.024743
0.024982
0.025013
0.025039
0.025064
0.025090
0.025113
0.025138
0.025162
0.025186
0.025209
0.025155
0.025396
0.025427
0.025455
0.025482
0.025507
0.025532
0.025556
0.025579
0.025604
0.025628
0.054179
0.054415
0.054447
0.054473
0.054497
0.054522
0.054546
0.054571
0.054595
0.054619
