647	484	17	11
648	484	16	10
654	488	16	10
660	493	16	10
667	498	16	10
673	503	16	10
679	507	16	10
686	512	16	10
692	517	17	10
699	522	17	10
705	527	17	10
712	531	17	10
653	484	16	10
653	484	16	10
653	484	16	10
654	484	16	10
654	484	16	10
655	484	16	10
655	484	16	10
656	484	16	10
656	484	16	10
657	484	16	10
657	484	16	10
652	481	17	11
652	480	17	11
652	480	17	11
652	480	17	11
652	480	17	11
652	480	17	11
652	480	17	11
653	479	17	11
653	479	17	11
653	479	17	11
653	479	17	11
653	484	16	10
653	483	16	10
653	483	16	10
653	484	15	9
653	484	15	9
653	484	15	9
653	484	15	9
653	484	15	9
653	484	15	9
653	484	15	9
653	484	15	9
656	479	17	11
656	479	16	10
656	478	17	11
656	478	17	11
656	478	17	11
656	478	17	11
657	477	17	11
657	477	17	11
657	477	17	11
657	477	17	11
657	477	17	11
655	481	17	11
655	480	17	11
655	480	17	11
655	480	17	11
655	480	17	11
655	480	17	11
655	480	17	11
655	480	17	11
655	480	17	11
655	480	17	11
655	480	17	11
655	479	18	11
655	479	18	11
655	478	18	11
655	478	18	11
655	478	18	11
655	478	18	11
655	478	18	11
655	478	18	11
655	478	18	11
655	478	18	11
655	478	18	11
658	476	18	12
657	475	18	12
658	475	18	12
658	475	18	12
658	475	18	12
658	475	18	12
658	474	18	12
658	474	18	12
659	474	18	12
659	474	18	12
659	474	18	12
661	477	18	12
661	476	18	12
661	476	18	12
661	476	18	12
661	476	18	12
662	476	18	12
662	476	18	12
662	476	18	12
662	476	18	12
663	476	18	12
663	476	18	12
664	479	19	12
664	478	19	12
664	479	19	12
664	479	19	12
665	479	19	12
665	479	19	12
665	479	19	12
665	479	19	12
666	479	19	12
666	479	19	12
666	479	19	12
665	478	20	13
665	478	20	13
665	478	20	13
665	478	20	13
665	478	20	13
665	478	20	13
666	478	20	13
666	478	20	13
666	478	20	13
666	478	20	13
666	478	20	13
665	480	20	13
665	479	20	13
665	480	20	13
665	480	20	13
665	480	20	13
665	480	20	13
665	480	20	13
665	480	20	13
665	480	20	13
665	480	20	13
665	480	20	13
666	478	21	13
666	478	21	13
666	478	21	13
666	477	21	13
666	477	21	13
666	477	21	13
666	477	21	13
666	477	21	13
666	477	21	13
666	477	21	13
666	477	21	13
666	478	21	14
666	477	21	14
666	477	21	14
666	477	21	14
666	477	21	14
666	477	21	14
666	477	21	14
666	477	21	14
666	477	21	14
666	477	21	14
666	477	21	14
663	479	21	13
663	478	21	13
662	479	21	13
662	479	21	12
662	479	21	12
662	479	21	12
662	479	21	12
662	479	21	12
661	479	21	12
661	479	21	12
661	479	21	12
660	478	21	14
659	478	21	13
659	478	21	14
659	477	21	14
659	477	21	14
658	477	21	14
658	477	21	14
658	477	21	14
658	477	21	14
657	477	21	14
657	477	21	14
654	474	21	13
653	473	21	13
653	473	21	13
652	473	21	12
652	473	21	12
652	473	21	12
651	472	21	12
651	472	21	12
650	472	21	12
650	472	21	12
649	471	21	12
653	469	21	14
652	468	21	13
652	468	21	13
652	467	21	14
651	467	21	14
651	467	21	14
651	466	21	14
651	466	21	14
650	466	21	14
650	465	21	14
650	465	21	14
651	475	21	13
650	474	21	13
650	474	21	13
650	474	21	12
650	475	21	12
650	475	21	12
649	475	21	12
649	475	21	12
649	475	21	12
649	476	21	12
649	476	21	12
651	473	21	13
650	473	21	12
650	473	21	12
650	473	21	12
650	473	21	12
650	473	21	12
650	473	21	12
650	473	21	12
650	473	21	12
650	473	21	12
650	473	21	12
651	472	21	14
650	471	21	13
650	471	21	14
650	471	21	14
650	471	21	14
650	471	21	14
650	471	21	14
650	471	21	14
650	471	21	14
650	471	21	14
650	471	21	14
653	474	21	14
652	473	20	14
653	474	20	14
653	474	20	14
653	474	20	14
653	474	20	14
653	474	20	14
653	474	20	14
653	474	20	14
653	474	20	14
653	474	20	14
651	479	21	13
651	479	20	13
651	479	20	12
650	479	20	12
650	480	20	12
650	480	20	12
650	480	20	12
650	480	20	12
650	481	20	12
650	481	20	12
650	481	20	12
646	477	21	13
645	477	20	12
645	477	20	12
645	477	20	12
645	477	20	12
644	477	20	12
644	477	20	12
644	477	20	12
643	477	20	12
643	477	20	12
643	477	20	12
643	484	21	13
642	484	20	12
642	484	20	12
642	484	20	12
641	485	20	12
641	485	20	12
641	485	20	12
640	486	20	12
640	486	20	12
640	487	20	12
639	487	20	12
641	485	21	14
640	485	20	13
640	485	20	14
640	485	20	14
640	486	20	14
639	486	20	14
639	486	20	14
639	486	20	14
639	486	20	14
638	487	20	14
638	487	20	14
642	482	21	13
641	482	20	13
641	482	20	13
641	482	20	12
641	481	20	12
641	481	20	12
641	481	20	12
641	481	20	12
641	481	20	12
641	481	20	12
641	481	20	12
641	485	20	13
640	484	20	12
640	485	19	12
640	485	19	12
640	485	19	12
640	485	19	12
640	485	19	12
640	485	19	12
640	485	19	12
640	485	19	12
640	485	19	12
640	485	19	12
639	485	18	11
639	485	18	11
639	485	18	11
639	485	18	11
639	485	18	11
639	485	18	11
639	485	18	11
639	485	18	11
639	485	18	11
639	485	18	11
642	488	20	13
641	488	19	12
641	488	19	12
642	488	19	12
642	488	19	13
642	488	20	13
642	488	20	13
642	489	20	13
642	489	20	13
642	489	20	13
642	489	20	13
636	485	21	13
636	485	21	13
635	485	21	13
635	485	21	13
635	484	21	13
634	484	21	13
634	484	21	13
634	484	21	13
634	484	21	13
633	484	21	13
633	484	21	13
636	487	21	13
635	486	21	13
635	486	21	13
635	487	21	13
635	487	21	13
635	487	21	13
635	487	21	13
634	487	21	13
634	487	21	13
634	487	21	13
634	487	21	13
636	486	22	14
635	486	22	14
635	486	22	14
635	486	22	14
635	485	22	14
635	485	22	14
635	485	22	14
635	485	22	14
635	485	22	14
635	485	22	14
635	485	22	14
636	486	22	14
635	485	22	14
635	485	22	14
635	485	22	14
635	485	22	14
635	485	22	14
635	485	22	14
635	485	22	14
635	485	22	14
635	485	22	14
635	485	22	14
637	486	23	15
636	485	23	15
637	485	23	15
637	485	23	15
637	485	23	15
637	485	23	15
637	485	23	15
637	485	23	15
637	485	23	15
637	485	23	15
637	485	23	15
635	492	24	15
635	491	24	15
634	492	24	15
634	492	24	15
634	492	24	15
634	493	24	15
634	493	24	15
634	493	24	15
634	494	24	15
634	494	24	15
634	494	24	15
635	493	25	16
634	493	25	16
634	493	25	16
634	493	25	16
634	493	25	16
634	494	25	16
634	494	25	16
634	494	25	16
634	494	25	16
634	494	25	16
634	495	25	16
635	492	26	17
634	492	26	17
634	492	26	17
634	492	26	17
634	492	26	17
634	492	26	17
634	492	26	17
634	492	26	17
634	492	26	17
634	492	26	17
634	492	26	17
637	492	27	17
636	492	27	17
637	492	27	17
637	492	27	17
637	492	27	17
637	492	27	17
637	491	27	17
637	491	27	17
637	491	27	17
637	491	27	17
637	491	27	17
638	495	28	18
638	494	28	18
638	495	28	18
638	495	28	18
638	495	28	18
638	495	28	18
638	495	28	18
638	495	28	18
638	496	28	18
638	496	28	18
639	496	28	18
639	493	29	19
639	493	29	19
639	493	29	19
639	493	29	19
639	493	29	19
639	493	29	19
639	492	29	19
639	492	29	19
639	492	29	19
639	492	29	19
639	492	29	19
641	497	30	19
641	496	30	19
641	497	30	19
641	497	30	19
641	497	30	19
641	497	30	19
641	497	30	19
641	498	30	19
642	498	30	19
642	498	30	19
642	498	30	19
643	497	32	20
643	497	32	20
643	497	32	20
643	497	32	20
643	497	32	20
643	497	32	20
644	497	32	20
644	497	32	20
644	497	33	20
644	497	33	20
644	498	33	20
645	495	33	21
645	495	33	21
645	495	33	21
645	494	33	21
645	494	33	21
645	494	33	21
646	494	33	21
646	494	33	21
646	494	33	21
646	494	34	21
646	494	34	21
647	500	33	21
647	499	33	21
647	500	33	21
647	500	33	21
647	500	33	21
647	500	33	21
648	501	33	21
648	501	33	21
648	501	33	21
648	501	33	21
648	502	33	21
651	499	33	21
651	499	33	21
651	499	33	21
651	499	33	21
652	499	33	21
652	499	33	21
652	499	33	21
652	499	33	21
653	499	33	21
653	499	33	21
653	499	33	21
649	501	35	22
649	501	35	22
649	501	35	22
649	501	35	22
649	501	35	22
649	501	35	22
649	501	35	22
649	501	35	22
649	501	35	22
649	502	35	22
649	502	36	22
643	503	36	23
643	503	36	23
642	503	36	23
642	503	36	23
641	503	36	23
641	503	36	23
641	503	36	23
640	504	36	23
640	504	36	23
640	504	36	23
639	504	37	23
636	501	37	24
635	501	37	24
635	501	37	24
634	501	37	24
634	501	37	24
633	500	37	24
632	500	37	24
632	500	37	24
631	500	37	24
631	500	37	24
630	500	37	24
629	502	39	25
628	501	39	25
627	501	39	25
627	502	39	25
626	502	39	25
626	502	39	25
625	502	39	25
624	502	39	25
624	502	40	25
623	502	40	25
622	502	40	25
624	500	40	26
623	500	40	26
622	499	40	26
622	499	40	26
621	499	40	26
621	499	40	26
620	499	40	26
620	499	40	26
619	499	40	26
619	499	41	26
618	499	41	26
617	500	42	27
616	499	42	27
615	499	42	27
615	499	42	27
614	499	42	27
614	499	42	27
613	499	42	27
612	499	43	27
612	499	43	27
611	499	43	27
611	499	43	27
611	502	43	28
610	501	43	28
609	502	43	28
609	502	43	28
608	502	43	28
608	502	43	28
607	502	43	28
607	502	43	28
606	502	43	28
605	502	44	28
605	502	44	28
609	501	45	29
608	501	45	29
608	501	45	29
607	501	45	29
607	501	45	29
607	501	45	29
606	501	45	29
606	501	46	29
606	501	46	29
605	501	46	29
605	501	46	29
613	502	46	30
612	501	46	30
612	502	46	30
612	502	46	30
612	502	46	30
613	502	46	30
613	502	46	30
613	502	46	30
613	502	46	30
613	502	47	30
613	502	47	30
613	506	45	29
613	506	45	29
613	506	45	29
613	506	45	29
613	506	45	29
613	507	45	29
613	507	45	28
613	507	45	28
613	507	45	28
613	507	45	28
613	508	45	28
610	503	43	28
610	503	42	27
609	503	42	27
609	503	42	27
609	503	42	27
609	503	42	27
609	502	42	27
609	502	42	27
609	502	42	27
608	502	42	27
608	502	41	27
607	505	43	27
606	504	42	26
606	505	42	26
606	505	42	26
606	505	42	26
605	505	42	26
605	505	42	26
605	505	42	26
605	505	42	26
604	505	42	26
604	505	42	26
604	505	43	28
603	505	42	27
603	505	42	27
603	505	42	27
602	505	42	27
602	505	42	27
602	505	42	28
602	505	42	28
601	505	42	28
601	505	42	28
601	505	42	28
602	501	43	28
601	501	42	28
601	500	42	28
601	500	42	28
601	500	42	28
600	500	42	28
600	499	42	28
600	499	42	28
600	499	42	28
600	499	42	28
599	499	42	28
602	505	44	29
601	504	43	29
601	504	44	29
601	505	44	29
601	505	44	29
601	505	44	29
601	505	44	29
601	505	44	29
601	505	44	29
601	505	44	29
601	505	44	29
600	500	43	28
599	500	43	28
599	499	43	28
599	499	42	28
599	499	42	27
599	499	42	27
599	499	42	27
599	498	42	27
598	498	42	27
598	498	42	27
598	498	42	27
605	501	42	27
604	500	41	26
605	500	41	26
605	500	41	26
605	500	41	26
605	500	41	26
605	500	41	26
606	500	41	26
606	500	41	26
606	500	41	26
606	500	41	26
619	502	40	26
619	501	39	25
620	502	39	25
620	502	39	25
621	502	39	25
622	502	39	25
623	502	39	25
624	502	39	25
625	502	38	25
626	502	38	25
627	502	38	25
635	503	39	25
635	503	38	24
637	503	38	24
638	503	38	24
639	503	38	24
640	503	38	24
642	503	38	24
643	503	38	24
644	503	38	24
646	503	37	24
647	503	37	24
640	500	41	26
641	500	40	25
642	499	40	25
642	499	41	25
643	499	41	25
644	499	41	25
645	499	41	26
646	499	41	26
646	499	41	26
647	499	41	26
648	498	41	26
635	503	39	25
635	502	39	25
635	502	38	24
635	503	38	24
635	503	38	24
635	503	38	24
635	503	38	24
635	503	38	24
635	503	38	24
635	503	38	24
635	503	38	24
632	509	39	25
632	509	38	24
631	509	38	24
631	509	38	24
631	510	38	24
631	510	38	24
630	511	38	24
630	511	38	24
630	511	38	24
630	512	38	24
630	512	38	24
630	507	37	24
629	507	36	23
629	507	36	23
629	507	36	23
629	507	36	23
628	507	36	23
628	507	36	23
628	507	36	23
628	507	36	23
628	507	35	23
627	507	35	23
630	505	36	23
629	505	35	22
629	504	35	22
629	504	35	22
629	504	35	22
629	504	35	22
629	504	35	22
629	504	35	22
629	504	35	22
629	504	35	22
629	504	34	22
629	505	34	22
628	504	33	21
628	504	33	21
628	504	33	21
628	504	33	21
628	504	33	21
628	504	33	21
628	504	32	21
628	504	32	21
628	504	32	21
628	504	32	21
623	501	33	21
622	500	32	20
622	500	32	20
622	500	32	20
621	500	32	20
621	499	32	20
621	499	32	20
620	499	32	20
620	499	32	20
620	499	31	20
619	498	31	20
622	500	34	22
621	499	33	21
621	499	33	21
621	499	33	21
620	499	33	21
620	499	33	21
620	498	33	22
620	498	33	22
620	498	33	22
619	498	33	22
619	498	33	22
625	496	35	22
624	495	35	22
624	495	35	22
624	495	35	22
625	495	35	22
625	494	35	22
625	494	35	22
625	494	35	22
625	493	35	22
625	493	35	22
625	493	35	22
630	499	33	21
630	498	33	21
630	498	32	20
630	498	32	20
631	498	32	20
631	498	32	20
631	498	32	20
632	499	32	20
632	499	32	20
632	499	32	20
633	499	32	20
635	502	32	21
635	502	31	20
635	502	31	20
636	502	31	20
636	502	31	20
637	502	31	20
637	503	31	20
637	503	31	20
638	503	31	20
638	503	31	20
639	503	31	20
640	500	33	21
640	500	32	20
640	500	32	20
641	500	32	20
641	500	32	20
642	500	32	20
642	500	32	20
643	500	33	20
643	500	33	20
643	500	33	20
644	500	33	20
647	498	33	21
647	497	33	20
648	497	33	20
648	497	33	20
649	497	33	20
649	497	33	20
650	497	33	20
650	497	33	20
651	497	33	20
651	496	33	20
652	496	33	20
650	503	32	20
650	502	32	19
650	503	31	19
651	503	31	19
651	503	31	19
652	503	31	19
652	503	31	19
652	504	31	19
653	504	31	19
653	504	31	19
654	504	31	19
645	502	30	19
645	502	29	18
645	502	29	18
645	502	29	18
644	502	29	18
644	502	29	18
644	502	29	18
644	502	29	18
644	502	29	18
644	502	28	18
644	502	28	18
635	503	32	20
634	503	31	19
634	503	31	19
633	503	31	19
632	503	32	19
632	503	32	20
631	503	32	20
631	503	32	20
630	503	32	20
629	503	32	20
629	503	32	20
629	502	33	21
628	502	33	21
627	502	33	21
627	502	33	21
626	501	33	21
625	501	33	21
625	501	33	21
624	501	33	21
624	501	33	21
623	501	33	21
622	501	33	21
630	499	33	21
629	498	33	21
629	498	33	21
629	498	33	21
628	498	33	21
628	498	33	21
628	498	33	21
628	497	33	21
628	497	33	21
627	497	33	21
627	497	33	21
633	500	35	22
632	499	35	22
632	499	35	22
633	499	35	22
633	499	35	22
633	499	35	22
633	499	35	22
633	499	35	22
633	499	35	22
633	499	36	22
633	499	36	22
633	498	34	22
633	497	34	22
633	497	34	22
633	497	34	22
633	497	34	22
633	497	34	22
633	497	34	22
633	497	34	22
633	497	34	22
633	497	34	22
633	496	34	22
626	499	33	21
626	498	32	21
625	498	32	20
625	498	32	20
624	498	32	20
624	498	32	20
624	498	32	20
623	498	32	20
623	498	32	20
623	498	32	20
622	498	32	20
623	500	33	21
622	500	32	20
622	500	32	20
621	500	32	20
621	500	32	20
621	500	32	20
620	500	32	20
620	500	32	20
620	500	32	20
619	500	32	20
619	500	32	20
638	498	33	21
637	498	32	20
638	497	32	20
639	497	32	20
639	497	32	20
640	497	32	20
641	497	32	20
641	497	32	20
642	497	32	20
643	497	32	20
643	497	32	20
674	487	35	22
674	486	34	21
677	486	35	22
679	485	35	22
681	484	35	22
684	484	35	22
686	483	35	22
688	483	35	22
691	482	35	22
693	481	35	22
695	481	35	22
666	453	34	22
668	452	34	22
668	450	34	22
669	448	34	22
670	445	34	22
670	443	34	22
671	441	34	22
671	439	34	22
672	437	34	22
672	434	34	22
673	432	34	22
658	456	35	22
658	453	34	22
658	453	35	22
657	452	35	22
657	451	35	22
657	450	35	22
656	449	35	22
656	449	35	22
656	448	35	22
655	447	35	22
655	446	35	22
658	463	33	21
657	462	33	21
657	462	32	20
657	462	32	20
657	462	32	20
656	462	32	20
656	463	32	20
656	463	32	20
656	463	32	20
656	463	32	20
656	463	32	20
661	454	33	21
660	454	32	20
660	453	32	20
661	453	32	20
661	453	32	20
661	452	32	20
661	452	32	20
661	451	32	20
661	451	32	20
661	451	32	20
661	450	32	20
661	457	34	22
661	456	33	21
661	456	33	22
661	456	34	22
661	456	34	22
661	456	34	22
661	456	34	22
661	456	34	22
661	456	34	22
661	456	34	22
661	456	34	22
649	467	33	21
649	466	33	21
648	467	33	21
647	468	32	20
647	468	32	20
646	469	32	20
645	469	32	20
645	470	32	20
644	470	32	20
643	471	32	20
643	472	32	20
635	468	33	21
634	468	32	20
633	468	32	20
632	469	32	20
631	469	32	20
630	469	32	20
629	470	32	20
627	470	32	20
626	470	32	20
625	471	32	20
624	471	32	20
633	478	35	22
631	478	34	21
631	478	35	22
630	479	35	22
630	480	35	22
629	480	35	22
629	481	35	22
628	482	35	22
628	482	35	22
627	483	35	22
626	484	35	22
656	487	36	23
655	487	36	23
656	488	36	23
657	489	36	23
658	489	36	23
659	490	36	23
660	491	36	23
661	492	36	23
663	493	36	23
664	493	36	23
665	494	37	23
636	488	37	24
637	488	37	24
636	489	37	24
635	489	37	24
635	489	37	24
634	490	37	24
634	490	37	24
633	490	37	24
632	491	37	24
632	491	37	24
631	492	37	24
617	486	37	24
616	486	37	24
615	486	37	24
613	486	37	24
612	486	37	24
610	486	37	24
609	486	37	24
608	486	37	24
606	486	37	24
605	486	37	24
603	486	37	24
584	493	38	24
582	493	38	24
580	493	38	24
577	493	38	24
575	494	38	24
572	494	38	24
570	494	38	24
568	495	38	24
565	495	38	24
563	495	38	24
560	496	38	24
550	493	39	25
547	493	39	25
544	493	39	25
541	493	39	25
538	493	39	25
536	494	39	25
533	494	39	25
530	494	39	25
527	494	39	25
524	494	39	25
521	494	39	25
520	498	41	26
517	498	41	26
514	498	41	26
511	498	41	26
508	499	41	26
505	499	41	26
503	499	41	26
500	500	41	26
497	500	42	26
494	500	42	26
491	501	42	26
524	487	42	27
521	487	42	27
520	486	42	27
519	486	42	27
518	485	42	27
517	485	42	27
516	484	42	27
515	484	42	27
515	484	42	27
514	483	43	27
513	483	43	27
516	489	43	28
515	488	43	28
514	488	43	28
513	488	43	28
513	488	43	28
512	488	43	28
511	487	43	28
511	487	43	28
510	487	43	28
509	487	43	28
509	487	44	28
508	489	43	28
507	488	43	28
506	488	43	28
505	488	43	28
505	488	43	28
504	488	43	28
503	488	43	28
503	488	43	28
502	488	43	28
501	488	43	28
501	488	43	28
488	487	45	29
487	486	45	29
485	486	45	29
484	486	45	29
483	486	45	29
481	486	45	29
480	486	45	29
479	486	45	29
477	486	45	29
476	486	46	29
474	485	46	29
469	488	46	30
467	487	46	30
465	487	46	30
464	487	46	30
462	487	46	30
461	487	46	30
459	487	46	30
457	487	46	30
456	487	46	30
454	487	46	30
452	487	47	30
435	490	46	30
433	490	46	30
430	490	46	30
428	490	46	30
425	490	46	30
423	490	46	30
420	490	46	30
418	490	46	30
415	490	46	30
413	490	46	30
410	491	46	30
402	478	48	31
399	478	48	31
396	477	48	31
393	476	48	31
390	476	48	31
387	475	48	31
385	475	48	31
382	474	48	31
379	473	48	31
376	473	49	31
373	472	49	31
373	481	48	31
370	480	48	31
367	480	48	31
364	480	48	31
361	480	48	31
359	479	48	31
356	479	48	31
353	479	48	31
350	479	48	31
348	479	48	31
345	479	48	31
417	461	50	32
414	460	50	32
415	459	50	32
416	458	50	32
418	457	50	32
419	456	50	32
421	455	50	32
422	454	50	32
423	453	50	32
425	451	51	32
426	450	51	32
441	464	50	32
442	462	50	32
444	462	50	32
446	462	50	32
448	461	50	32
450	461	50	32
452	461	50	32
454	460	50	32
457	460	50	32
459	460	50	32
461	459	50	32
447	468	52	34
449	467	52	34
450	467	52	34
451	467	52	34
452	468	52	34
453	468	52	34
455	468	52	34
456	468	52	34
457	468	52	34
458	468	53	34
459	468	53	35
403	466	51	33
404	466	51	33
402	466	51	33
400	466	51	33
398	466	51	33
396	466	51	33
394	465	51	33
392	465	51	33
390	465	51	33
387	465	51	33
385	465	51	33
374	453	53	34
371	452	52	33
369	452	53	34
366	451	53	34
364	450	53	34
361	450	53	34
359	449	53	34
356	448	53	34
353	447	53	34
351	447	53	34
348	446	53	34
365	449	54	35
362	448	54	35
360	447	54	35
359	447	54	35
357	446	54	35
356	446	54	35
354	445	54	35
353	444	54	35
351	444	54	35
350	443	54	35
348	443	55	35
368	444	52	34
366	443	52	34
366	442	52	34
365	442	51	34
365	442	51	34
364	441	51	33
364	441	51	33
364	440	51	33
363	440	51	33
363	439	51	33
363	439	51	33
356	439	50	32
355	438	49	31
354	438	49	31
354	437	49	31
353	437	49	31
352	436	49	31
351	436	49	31
351	435	49	31
350	435	48	31
349	434	48	30
348	434	48	30
344	443	49	32
343	442	48	31
342	442	48	31
341	442	48	31
340	442	48	31
339	442	48	31
338	442	48	31
337	442	48	31
336	442	48	31
335	442	47	31
334	442	47	31
351	446	47	30
350	446	46	29
350	446	46	29
350	446	46	29
349	446	46	29
349	446	46	29
349	447	46	29
349	447	45	29
349	447	45	29
349	447	45	28
349	447	45	28
335	438	48	31
335	438	47	30
334	437	47	30
333	437	47	30
332	437	47	30
331	436	47	30
330	436	47	30
329	436	47	30
329	435	47	30
328	435	47	30
327	435	47	30
329	440	46	30
328	439	45	30
327	439	45	29
326	439	45	29
326	439	45	29
325	439	45	29
324	439	45	29
323	439	45	29
323	439	45	29
322	439	45	29
321	439	45	29
336	451	46	30
335	450	45	29
335	451	45	29
335	452	45	29
335	452	45	29
335	453	45	29
335	453	45	29
336	454	45	29
336	455	45	29
336	455	45	29
336	456	45	29
341	451	46	30
341	451	45	29
341	451	45	29
341	452	45	29
342	452	45	29
342	452	45	29
342	452	45	29
343	453	45	29
343	453	45	29
344	453	45	29
344	454	45	29
338	457	47	30
338	457	46	29
338	457	47	29
338	458	47	29
338	458	47	29
338	458	47	29
338	459	47	29
338	459	47	29
338	460	47	29
338	460	47	29
338	461	47	29
343	456	47	30
342	456	47	29
343	456	47	29
343	456	47	29
343	456	47	29
344	456	47	29
344	457	47	29
344	457	47	29
344	457	47	29
345	457	47	29
345	457	47	29
334	449	47	30
334	449	47	29
333	448	47	29
333	448	47	29
333	448	47	29
332	447	47	29
332	447	47	29
331	446	47	29
331	446	47	29
331	446	47	29
330	445	47	29
323	451	48	31
322	450	48	30
321	450	48	31
321	450	48	31
320	450	48	31
319	450	48	31
318	450	48	31
317	450	48	31
317	450	48	31
316	450	48	31
315	450	48	31
317	457	48	31
316	456	48	31
315	457	48	31
314	457	48	31
314	457	48	31
313	458	48	31
312	458	48	31
312	458	48	31
311	459	48	31
310	459	48	31
310	459	48	31
293	448	48	31
292	448	48	31
290	447	48	31
289	447	48	31
287	447	48	31
286	446	48	31
284	446	48	31
282	446	48	31
281	445	48	31
279	445	48	31
278	445	48	31
295	443	46	30
293	442	46	30
292	442	45	29
292	441	45	29
291	441	45	29
291	440	45	29
290	440	45	29
290	439	45	29
289	439	45	29
288	439	45	29
288	438	45	29
306	447	44	29
305	446	43	28
305	446	43	28
306	446	43	28
306	446	43	28
307	446	43	28
307	446	43	28
308	446	42	28
308	446	42	28
309	446	42	28
309	446	42	28
310	441	45	29
310	441	44	28
310	440	44	28
311	440	44	28
311	440	44	28
312	439	44	28
312	439	44	28
313	439	44	28
313	439	44	28
314	438	44	28
314	438	44	28
285	451	44	29
285	450	43	28
284	451	43	28
283	451	43	28
281	451	43	28
280	452	43	28
279	452	43	28
278	453	43	28
276	453	43	28
275	454	43	28
274	454	43	28
308	441	45	29
306	441	44	28
307	441	44	28
308	440	45	28
308	440	45	28
309	440	45	28
310	439	45	28
311	439	45	28
311	438	45	28
312	438	45	28
313	438	45	28
288	430	43	28
288	429	43	27
287	428	42	27
287	428	42	27
286	427	42	27
285	426	42	27
285	425	42	27
284	424	42	27
283	424	42	27
282	423	42	27
282	422	42	27
306	428	45	29
305	427	44	28
305	426	44	28
306	426	45	29
307	425	45	29
307	425	45	29
308	424	45	29
309	424	45	29
309	424	45	29
310	423	45	29
310	423	45	29
317	430	43	28
317	429	43	28
318	429	42	27
319	429	42	27
320	429	42	27
321	429	42	27
322	429	42	27
323	429	42	27
324	429	42	27
325	429	42	27
326	429	42	27
318	435	45	29
318	434	44	28
319	435	44	28
319	435	45	29
320	435	45	29
320	436	45	29
321	436	45	29
321	436	45	29
321	436	45	29
322	437	45	29
322	437	45	29
291	429	46	30
291	429	46	30
290	429	46	30
288	428	46	30
287	428	46	30
286	428	46	30
284	428	46	30
283	428	46	30
281	427	46	30
280	427	46	30
279	427	46	30
274	428	45	29
272	427	45	29
271	427	45	29
269	427	45	29
267	427	45	29
266	427	45	28
264	426	45	28
263	426	44	28
261	426	44	28
260	426	44	28
258	426	44	28
258	426	44	29
256	425	43	28
254	425	43	28
253	425	43	28
251	425	43	28
250	425	43	28
248	424	43	28
247	424	43	28
245	424	43	28
244	424	43	28
242	424	43	28
242	418	44	29
240	417	43	28
239	417	43	28
237	416	43	28
236	416	43	28
234	415	43	28
233	415	43	28
231	414	43	28
230	414	43	28
228	413	43	28
227	413	43	28
221	412	46	30
219	411	45	29
217	410	46	30
216	410	46	30
214	409	46	30
212	409	46	30
210	408	46	30
209	408	46	30
207	407	46	30
205	407	46	30
203	406	46	30
202	412	47	30
200	411	47	30
198	411	47	30
196	411	47	30
195	410	47	30
193	410	47	30
191	410	47	30
189	410	47	30
188	409	47	30
186	409	47	30
184	409	48	30
186	403	45	29
184	402	45	29
182	402	45	28
181	401	44	28
179	401	44	28
177	400	44	28
176	399	44	28
174	399	44	28
173	398	44	28
171	398	44	28
170	397	44	28
171	406	44	29
169	405	43	28
167	405	43	28
166	405	43	28
165	405	43	28
163	405	43	28
162	405	43	28
160	404	43	28
159	404	43	28
157	404	43	28
156	404	43	28
157	401	43	27
155	400	42	26
154	400	42	26
152	400	42	26
151	400	42	26
150	399	42	26
148	399	42	26
147	399	42	26
146	398	42	26
144	398	42	26
143	398	42	25
145	399	41	26
143	398	40	25
142	398	40	25
141	398	40	25
140	398	40	25
138	397	40	25
137	397	40	25
136	397	40	25
135	397	39	25
134	396	39	25
133	396	39	24
125	388	40	26
123	387	39	25
122	387	39	25
120	386	39	25
119	385	39	25
117	384	39	25
116	384	39	25
114	383	39	25
112	382	39	25
111	382	38	25
109	381	38	25
109	378	42	27
107	377	41	26
105	376	41	27
104	375	42	27
102	374	42	27
101	373	42	27
99	373	42	27
98	372	42	27
96	371	42	27
95	370	42	27
93	369	42	27
85	406	43	28
83	405	43	28
81	406	43	28
79	407	43	28
77	408	43	28
75	409	43	28
73	411	43	28
71	412	43	28
70	413	43	28
68	414	43	28
66	416	43	28
104	428	43	27
102	429	43	27
102	431	43	27
102	432	43	27
102	434	43	27
103	436	43	26
103	438	43	26
103	440	43	26
104	441	43	26
104	443	43	26
104	445	43	26
119	404	44	29
119	405	44	28
120	405	44	29
121	404	44	29
122	404	44	29
123	403	44	29
124	402	44	29
125	402	44	29
126	401	44	29
127	401	44	29
128	400	44	29
132	376	46	30
133	375	46	30
134	373	46	30
135	371	46	30
136	369	46	30
137	367	46	30
138	365	46	30
140	363	46	30
141	361	47	30
142	360	47	30
143	358	47	30
125	355	45	29
126	353	45	29
126	351	45	29
126	349	45	29
126	347	45	29
126	345	45	29
126	343	45	29
126	341	45	29
126	339	45	28
126	337	45	28
126	335	45	28
128	354	43	28
128	352	43	27
128	351	42	27
128	350	42	27
128	349	42	27
128	348	42	27
128	347	42	27
128	347	42	27
129	346	42	27
129	345	42	27
129	344	41	27
110	357	43	27
110	356	42	26
109	356	42	26
108	355	42	26
107	355	42	26
106	355	42	26
105	355	42	26
104	355	42	26
103	355	42	26
102	355	42	26
101	355	42	26
68	358	44	29
67	357	43	28
64	357	43	28
61	358	44	29
58	358	44	29
56	358	44	29
53	358	44	29
50	358	44	29
47	358	44	29
45	358	44	29
42	358	44	29
59	376	43	28
56	376	43	28
54	377	43	28
52	378	42	28
51	379	42	28
49	380	42	28
47	381	42	27
46	382	42	27
44	383	42	27
42	384	42	27
41	385	42	27
66	380	45	29
64	381	44	28
64	381	45	29
63	382	45	29
63	383	45	29
63	383	45	29
63	384	45	29
63	385	45	29
62	385	45	29
62	386	45	29
62	387	45	29
82	348	47	30
81	348	47	30
82	347	47	30
83	345	47	30
84	344	47	30
85	342	47	30
86	341	47	30
87	339	48	30
88	337	48	30
88	336	48	30
89	334	48	30
84	373	49	32
84	371	49	32
85	372	49	32
85	372	49	32
86	373	49	32
86	374	49	32
87	374	50	32
88	375	50	32
88	376	50	33
89	376	50	33
89	377	50	33
82	380	49	32
82	380	49	32
82	381	49	32
82	382	49	32
82	382	49	32
82	383	49	32
82	384	49	32
82	385	49	32
83	386	49	32
83	386	49	32
83	387	49	32
87	416	47	30
87	416	47	30
87	419	46	29
87	421	46	29
87	423	46	29
88	425	46	29
88	428	46	29
88	430	46	29
89	432	46	29
89	435	46	29
89	437	46	29
77	382	45	29
77	384	44	28
76	383	44	28
76	382	44	28
75	381	44	28
75	380	44	28
75	379	44	28
74	378	43	28
74	378	43	28
73	377	43	28
73	376	43	28
79	348	47	30
78	347	46	29
78	344	46	29
78	342	46	29
78	339	46	29
78	337	47	29
78	335	47	29
77	332	47	29
77	330	47	30
77	327	47	30
77	325	47	30
107	339	47	30
106	336	47	30
108	335	47	30
109	333	47	30
111	331	47	30
113	330	47	30
114	328	47	30
116	327	47	30
117	325	47	30
119	324	47	30
120	322	47	30
77	361	48	31
78	359	48	31
77	360	48	31
76	360	48	31
75	361	48	31
74	362	48	31
73	362	48	31
72	363	48	31
71	364	48	31
70	364	48	31
69	365	48	31
92	350	46	30
91	350	46	30
91	350	45	30
91	350	45	30
91	350	45	29
92	349	45	29
92	349	45	29
92	349	45	29
93	349	45	29
93	348	45	29
93	348	45	29
97	338	48	31
97	337	47	30
97	336	47	31
98	336	48	31
98	335	48	31
99	334	48	31
99	333	48	31
100	332	48	31
100	332	48	31
101	331	48	31
101	330	48	31
89	331	50	32
89	330	50	32
89	329	50	32
88	328	50	32
88	327	50	32
88	327	50	32
88	326	50	32
87	325	50	32
87	325	51	32
87	324	51	32
87	323	51	32
78	341	48	31
77	340	48	31
77	340	48	31
76	340	48	31
75	341	48	31
74	341	47	30
74	341	47	30
73	341	47	30
72	342	47	30
71	342	47	30
71	342	47	30
91	353	50	32
90	353	49	31
90	354	50	32
91	354	50	32
91	355	50	32
91	356	50	32
92	357	50	32
92	358	50	32
93	359	50	32
93	359	50	32
93	360	50	32
111	377	50	32
111	377	50	32
112	379	50	32
114	381	50	32
115	382	50	32
116	384	50	32
118	386	50	32
119	387	50	32
120	389	50	32
122	391	50	32
123	392	50	32
134	366	52	34
135	367	52	34
137	367	52	34
139	367	52	34
140	367	52	34
142	368	52	34
144	368	52	34
146	368	52	34
148	368	52	34
150	368	53	34
151	368	53	35
118	341	51	33
119	341	51	33
119	339	51	33
119	338	51	33
119	336	51	33
119	335	51	33
119	333	51	33
119	332	51	33
118	331	51	33
118	329	51	33
118	328	51	33
135	320	52	34
134	318	51	33
135	316	52	34
136	314	52	34
137	313	52	34
137	311	52	34
138	309	52	34
139	307	52	34
140	305	52	34
141	304	52	34
141	302	52	34
153	308	51	33
153	306	51	33
155	304	51	33
156	303	50	32
157	302	50	32
159	300	50	32
160	299	50	32
161	297	50	32
163	296	50	32
164	295	50	32
165	293	50	32
147	316	51	33
148	314	50	32
148	314	50	32
148	314	50	32
149	314	50	32
149	314	50	32
149	314	50	32
149	314	50	32
149	314	50	32
150	313	50	32
150	313	50	32
142	336	53	34
142	335	52	33
141	337	53	34
141	338	53	34
141	339	53	34
141	340	53	34
140	341	53	34
140	342	53	34
140	343	53	34
140	345	53	34
139	346	53	34
155	372	54	35
154	373	54	35
155	375	54	35
155	378	54	35
156	380	54	35
157	383	54	35
157	385	54	35
158	388	54	35
158	390	54	35
159	393	54	35
160	395	55	35
186	342	55	36
186	344	55	36
188	343	55	36
190	343	55	36
192	342	55	36
194	342	55	36
196	341	55	36
198	340	55	36
200	340	55	36
202	339	55	36
204	339	55	36
167	315	56	36
169	314	56	36
168	312	56	36
168	310	56	36
168	308	56	36
168	306	56	36
168	304	56	36
167	302	56	36
167	301	56	36
167	299	56	36
167	297	56	36
154	349	58	37
153	347	58	37
152	348	58	37
151	349	58	37
151	350	58	37
150	351	58	37
149	352	58	37
148	353	58	37
147	354	59	37
146	355	59	37
145	356	59	37
182	396	56	36
181	397	56	36
182	400	56	36
183	403	56	36
184	406	55	35
185	409	55	35
186	413	55	35
187	416	55	35
189	419	55	35
190	422	55	35
191	425	55	35
217	412	58	37
218	415	57	36
220	417	58	37
223	419	58	37
225	421	58	37
228	424	58	37
230	426	58	37
233	428	58	37
235	430	58	37
238	433	58	37
240	435	58	37
204	359	60	39
206	361	60	39
206	359	60	39
207	357	60	39
207	354	60	39
207	352	60	39
208	350	60	39
208	348	60	39
208	346	61	39
209	344	61	40
209	342	61	40
219	353	62	40
219	350	62	40
220	349	62	40
221	348	62	40
221	346	62	40
222	345	62	40
223	343	63	40
224	342	63	40
225	341	63	40
226	339	63	41
226	338	63	41
249	371	65	42
249	369	65	42
251	370	65	42
253	370	65	42
255	371	65	42
257	371	66	42
259	372	66	42
261	372	66	43
263	373	66	43
265	373	67	43
268	374	67	43
266	372	66	43
268	372	66	43
269	372	66	43
271	373	66	43
273	373	66	43
275	373	66	43
277	374	66	43
278	374	67	43
280	374	67	43
282	375	67	44
284	375	67	44
237	361	64	41
238	361	64	41
237	360	64	41
236	360	64	40
236	359	63	40
235	359	63	40
234	358	63	40
233	358	63	40
232	357	63	40
231	357	63	40
230	357	63	40
219	357	66	43
218	356	65	42
216	356	66	43
215	355	66	43
213	355	66	43
212	354	66	43
210	354	66	43
209	353	66	43
207	353	66	43
205	352	66	43
204	352	66	43
222	374	69	44
220	373	69	44
220	374	69	44
219	375	69	44
219	375	69	44
218	376	69	44
218	377	70	44
217	378	70	44
217	378	70	44
216	379	70	44
216	380	70	44
196	378	69	44
195	378	69	44
193	379	69	44
192	379	69	44
190	380	69	44
189	381	69	44
187	381	69	44
186	382	69	44
184	382	69	44
183	383	69	44
181	384	69	44
176	385	70	45
174	385	70	45
172	386	70	45
170	386	70	45
169	387	70	45
167	388	70	45
165	388	70	45
163	389	70	45
161	389	70	45
160	390	70	45
158	391	70	45
216	377	73	47
214	377	73	47
215	377	73	47
217	377	73	47
218	376	73	47
220	376	73	47
221	376	74	47
223	376	74	47
224	376	74	48
226	375	74	48
227	375	74	48
194	366	73	47
195	365	73	47
195	365	73	47
194	364	73	47
194	363	73	47
193	362	73	47
193	362	73	47
192	361	73	47
192	360	73	47
191	359	73	47
191	359	73	47
157	356	73	47
156	355	73	47
154	354	73	47
151	353	73	47
149	352	73	47
147	351	73	47
144	350	73	47
142	350	73	47
140	349	73	47
137	348	73	47
135	347	73	47
111	346	76	49
108	345	76	49
105	344	76	49
101	343	76	49
97	342	76	49
94	341	76	49
90	340	76	49
87	339	77	49
83	338	77	49
80	337	77	49
76	337	77	50
58	333	79	51
54	332	79	51
50	331	79	51
45	329	79	51
41	328	79	51
36	327	80	51
32	326	80	51
28	325	80	52
23	324	80	52
19	323	81	52
14	322	81	52
-3	311	79	51
-7	309	79	51
-12	308	79	51
-17	306	79	51
-22	304	79	51
-27	303	79	51
-33	301	79	51
-38	300	79	51
-43	298	79	51
-48	296	80	51
-53	295	80	51
35	359	82	53
29	357	82	53
29	359	82	53
29	361	82	53
29	363	82	53
30	365	82	53
30	367	83	53
30	369	83	53
30	371	83	53
30	373	83	54
30	375	83	54
19	365	82	53
19	366	82	53
18	368	82	53
17	369	82	53
17	370	82	53
16	372	82	53
