1.124236
0.031306
0.031594
0.031616
0.031633
0.031650
0.031666
0.031682
0.031698
0.031715
0.031730
0.031746
0.025454
0.025712
0.025730
0.025744
0.025758
0.025773
0.025787
0.025800
0.025814
0.025827
0.025841
0.024743
0.024986
0.025003
0.025018
0.025033
0.025047
0.025061
0.025074
0.025088
0.025101
0.025115
0.024410
0.024656
0.024674
0.024688
0.024702
0.024715
0.024728
0.024741
0.024754
0.024767
0.024780
0.023868
0.024098
0.024116
0.024130
0.024143
0.024157
0.024170
0.024183
0.024195
0.024209
0.024222
0.025170
0.025402
0.025419
0.025434
0.025448
0.025461
0.025474
0.025487
0.025500
0.025513
0.025526
0.023993
0.024240
0.024270
0.024294
0.024319
0.024343
0.024370
0.024394
0.024418
0.024443
0.024467
0.023847
0.024084
0.024112
0.024136
0.024160
0.024184
0.024208
0.024232
0.024255
0.024278
0.024302
0.023228
0.023461
0.023489
0.023512
0.023536
0.023561
0.023585
0.023609
0.023632
0.023657
0.023680
0.045219
0.045446
0.045473
0.045499
0.045524
0.045547
0.045571
0.045597
0.045621
0.045645
0.045668
0.023626
0.023861
0.023886
0.023909
0.023934
0.023958
0.023983
0.024007
0.024031
0.024055
0.024078
0.024569
0.024800
0.024823
0.024846
0.024870
0.024897
0.024922
0.024945
0.024969
0.024993
0.025017
0.023516
0.023751
0.023779
0.023803
0.023829
0.023852
0.023877
0.023901
0.023924
0.023948
0.023971
0.023675
0.023917
0.023943
0.023970
0.023993
0.024020
0.024044
0.024068
0.024091
0.024115
0.024139
0.023989
0.024212
0.024238
0.024252
0.024269
0.024287
0.024302
0.024318
0.024333
0.024349
0.024364
0.023920
0.024156
0.024177
0.024194
0.024210
0.024226
0.024242
0.024258
0.024277
0.024292
0.024308
0.024274
0.024506
0.024526
0.024544
0.024559
0.024575
0.024590
0.024606
0.024621
0.024637
0.024652
0.023665
0.023896
0.023917
0.023934
0.023951
0.023967
0.023983
0.023998
0.024014
0.024029
0.024045
0.024803
0.025039
0.025060
0.025081
0.025097
0.025113
0.025129
0.025145
0.025161
0.025176
0.025192
0.046561
0.046790
0.046811
0.046829
0.046845
0.046861
0.046876
0.046892
0.046907
0.046923
0.046938
0.025226
0.025451
0.025468
0.025483
0.025496
0.025509
0.025523
0.025536
0.025550
0.025563
0.025575
0.023378
0.023606
0.023635
0.023649
0.023662
0.023675
0.023689
0.023702
0.023715
0.023728
0.023741
0.023649
0.023879
0.023897
0.023911
0.023924
0.023937
0.023951
0.023964
0.023977
0.023990
0.024004
0.023301
0.023520
0.023546
0.023560
0.023574
0.023588
0.023602
0.023615
0.023628
0.023640
0.023654
0.023224
0.023441
0.023467
0.023482
0.023496
0.023512
0.023525
0.023538
0.023551
0.023564
0.023577
0.022932
0.023167
0.023185
0.023199
0.023213
0.023226
0.023240
0.023253
0.023266
0.023279
0.023291
0.023070
0.023300
0.023317
0.023332
0.023345
0.023359
0.023373
0.023386
0.023399
0.023412
0.023425
0.023019
0.023248
0.023265
0.023280
0.023293
0.023307
0.023320
0.023333
0.023346
0.023359
0.023372
0.023025
0.023256
0.023274
0.023288
0.023302
0.023315
0.023329
0.023343
0.023356
0.023369
0.023382
0.045235
0.045465
0.045482
0.045496
0.045510
0.045523
0.045537
0.045550
0.045563
0.045575
0.045588
0.023998
0.024232
0.024250
0.024265
0.024278
0.024291
0.024304
0.024318
0.024331
0.024345
0.024358
0.023945
0.024178
0.024196
0.024209
0.024223
0.024236
0.024249
0.024262
0.024275
0.024287
0.024300
0.023295
0.023526
0.023548
0.023562
0.023576
0.023589
0.023602
0.023615
0.023629
0.023642
0.023655
0.023240
0.023461
0.023488
0.023502
0.023515
0.023528
0.023541
0.023554
0.023567
0.023580
0.023592
0.023218
0.023437
0.023453
0.023466
0.023489
0.023503
0.023515
0.023529
0.023547
0.023560
0.023573
0.023185
0.023426
0.023447
0.023461
0.023482
0.023513
0.023538
0.023553
0.023567
0.023580
0.023593
0.025614
0.025850
0.025867
0.025882
0.025895
0.025908
0.025922
0.025936
0.025949
0.025965
0.025978
0.023461
0.023677
0.023703
0.023718
0.023731
0.023745
0.023758
0.023771
0.023784
0.023797
0.023809
0.023368
0.023587
0.023603
0.023617
0.023641
0.023654
0.023668
0.023681
0.023695
0.023708
0.023720
0.047965
0.048194
0.048211
0.048226
0.048240
0.048253
0.048266
0.048279
0.048292
0.048305
0.048318
0.024106
0.024338
0.024357
0.024371
0.024385
0.024398
0.024412
0.024425
0.024438
0.024451
0.024464
0.023302
0.023535
0.023552
0.023566
0.023579
0.023592
0.023605
0.023618
0.023631
0.023644
0.023657
0.024523
0.024743
0.024760
0.024774
0.024797
0.024810
0.024823
0.024837
0.024850
0.024863
0.024876
0.024387
0.024621
0.024638
0.024653
0.024666
0.024680
0.024693
0.024706
0.024719
0.024732
0.024745
0.024141
0.024368
0.024385
0.024400
0.024414
0.024427
0.024441
0.024454
0.024467
0.024480
0.024493
0.024402
0.024628
0.024645
0.024659
0.024673
0.024686
0.024699
0.024712
0.024725
0.024738
0.024750
0.024930
0.025159
0.025177
0.025192
0.025205
0.025218
0.025232
0.025245
0.025258
0.025271
0.025284
0.024686
0.024914
0.024931
0.024945
0.024957
0.024971
0.024984
0.024997
0.025009
0.025024
0.025037
0.024872
0.025099
0.025116
0.025130
0.025144
0.025157
0.025170
0.025183
0.025196
0.025208
0.025222
0.046635
0.046865
0.046883
0.046897
0.046911
0.046924
0.046936
0.046949
0.046962
0.046974
0.046988
0.026403
0.026640
0.026658
0.026672
0.026686
0.026700
0.026713
0.026726
0.026739
0.026752
0.026765
0.024142
0.024381
0.024401
0.024417
0.024434
0.024451
0.024466
0.024482
0.024497
0.024514
0.024529
0.025365
0.025597
0.025619
0.025640
0.025661
0.025681
0.025701
0.025723
0.025743
0.025763
0.025782
0.024124
0.024344
0.024373
0.024392
0.024408
0.024425
0.024440
0.024456
0.024472
0.024488
0.024503
0.025461
0.025695
0.025715
0.025732
0.025752
0.025769
0.025785
0.025801
0.025817
0.025833
0.025848
0.024832
0.025060
0.025077
0.025091
0.025105
0.025118
0.025132
0.025146
0.025159
0.025172
0.025186
0.024858
0.025074
0.025101
0.025115
0.025129
0.025142
0.025156
0.025169
0.025182
0.025195
0.025208
0.024679
0.024912
0.024930
0.024945
0.024959
0.024972
0.024986
0.025000
0.025013
0.025027
0.025062
0.025265
0.025525
0.025553
0.025583
0.025597
0.025611
0.025625
0.025638
0.025651
0.025664
0.025677
0.047457
0.047683
0.047700
0.047714
0.047728
0.047742
0.047755
0.047768
0.047781
0.047794
0.047807
0.024965
0.025200
0.025218
0.025233
0.025247
0.025260
0.025274
0.025287
0.025300
0.025314
0.025327
0.030698
0.030937
0.030967
0.030985
0.031002
0.031018
0.031034
0.031049
0.031068
0.031083
0.031099
0.024234
0.024468
0.024489
0.024506
0.024523
0.024540
0.024555
0.024571
0.024587
0.024602
0.024618
0.024827
0.025054
0.025073
0.025100
0.025117
0.025133
0.025149
0.025165
0.025180
0.025196
0.025211
0.025923
0.026153
0.026172
0.026193
0.026209
0.026226
0.026243
0.026260
0.026275
0.026291
0.026307
0.025063
0.025294
0.025315
0.025332
0.025350
0.025366
0.025382
0.025397
0.025413
0.025428
0.025444
0.024722
0.024954
0.024976
0.024993
0.025010
0.025027
0.025043
0.025059
0.025075
0.025090
0.025106
0.024641
0.024873
0.024893
0.024909
0.024925
0.024941
0.024957
0.024972
0.024988
0.025003
0.025018
0.025420
0.025660
0.025680
0.025697
0.025714
0.025730
0.025746
0.025762
0.025778
0.025793
0.025809
0.046807
0.047035
0.047052
0.047066
0.047080
0.047099
0.047122
0.047145
0.047160
0.047174
0.047186
0.024684
0.024945
0.024976
0.025005
0.025036
0.025063
0.025088
0.025110
0.025124
0.025138
0.025152
0.024304
0.024538
0.024555
0.024569
0.024583
0.024596
0.024609
0.024622
0.024635
0.024649
0.024662
0.025231
0.025467
0.025487
0.025504
0.025521
0.025537
0.025553
0.025569
0.025585
0.025602
0.025621
0.026036
0.026269
0.026290
0.026306
0.026324
0.026341
0.026357
0.026374
0.026390
0.026407
0.026423
0.026112
0.026348
0.026370
0.026387
0.026404
0.026421
0.026438
0.026454
0.026470
0.026486
0.026502
0.024233
0.024457
0.024477
0.024504
0.024520
0.024537
0.024553
0.024569
0.024584
0.024599
0.024616
0.025813
0.026045
0.026066
0.026084
0.026100
0.026117
0.026134
0.026150
0.026166
0.026181
0.026197
0.025049
0.025283
0.025304
0.025321
0.025338
0.025354
0.025370
0.025385
0.025401
0.025418
0.025434
0.024558
0.024789
0.024809
0.024826
0.024844
0.024859
0.024876
0.024893
0.024909
0.024925
0.024940
0.047965
0.048194
0.048215
0.048232
0.048248
0.048268
0.048285
0.048301
0.048316
0.048331
0.048347
0.024205
0.024426
0.024456
0.024473
0.024490
0.024507
0.024523
0.024539
0.024555
0.024571
0.024587
0.024239
0.024458
0.024487
0.024505
0.024522
0.024539
0.024554
0.024570
0.024585
0.024600
0.024616
0.024810
0.025043
0.025063
0.025080
0.025097
0.025113
0.025130
0.025145
0.025161
0.025177
0.025192
0.024988
0.025224
0.025245
0.025262
0.025280
0.025296
0.025312
0.025327
0.025344
0.025359
0.025375
0.024544
0.024776
0.024796
0.024816
0.024833
0.024850
0.024865
0.024881
0.024897
0.024912
0.024928
0.024166
0.024399
0.024419
0.024436
0.024452
0.024468
0.024484
0.024501
0.024517
0.024533
0.024549
0.023852
0.024084
0.024104
0.024121
0.024138
0.024155
0.024171
0.024186
0.024202
0.024218
0.024233
0.023985
0.024208
0.024237
0.024254
0.024271
0.024288
0.024304
0.024320
0.024335
0.024351
0.024366
0.024111
0.024340
0.024360
0.024377
0.024393
0.024410
0.024426
0.024442
0.024457
0.024473
0.024488
0.047128
0.047348
0.047374
0.047389
0.047402
0.047415
0.047428
0.047441
0.047454
0.047467
0.047480
0.024583
0.024820
0.024839
0.024853
0.024868
0.024881
0.024894
0.024908
0.024921
0.024935
0.024947
0.024258
0.024477
0.024503
0.024517
0.024531
0.024544
0.024557
0.024570
0.024583
0.024595
0.024609
0.024656
0.024876
0.024903
0.024916
0.024930
0.024943
0.024957
0.024970
0.024983
0.024996
0.025009
0.025142
0.025371
0.025388
0.025403
0.025416
0.025430
0.025443
0.025456
0.025469
0.025482
0.025496
0.024791
0.025020
0.025037
0.025051
0.025065
0.025078
0.025091
0.025104
0.025117
0.025130
0.025143
0.024598
0.024816
0.024845
0.024860
0.024874
0.024887
0.024900
0.024913
0.024939
0.024965
0.024991
0.025945
0.026173
0.026191
0.026205
0.026219
0.026232
0.026246
0.026259
0.026272
0.026285
0.026298
0.023911
0.024136
0.024154
0.024168
0.024182
0.024195
0.024208
0.024222
0.024235
0.024248
0.024261
0.024640
0.024895
0.024923
0.024938
0.024951
0.024965
0.024978
0.024991
0.025004
0.025017
0.025030
0.047467
0.047695
0.047712
0.047727
0.047740
0.047754
0.047767
0.047781
0.047794
0.047807
0.047821
0.025675
0.025908
0.025925
0.025939
0.025952
0.025966
0.025979
0.025992
0.026006
0.026019
0.026032
0.025337
0.025552
0.025578
0.025593
0.025607
0.025621
0.025634
0.025647
0.025660
0.025677
0.025690
0.025534
0.025755
0.025782
0.025796
0.025810
0.025823
0.025841
0.025855
0.025868
0.025881
0.025894
0.024900
0.025130
0.025147
0.025163
0.025177
0.025191
0.025204
0.025217
0.025230
0.025244
0.025256
0.025048
0.025278
0.025295
0.025310
0.025324
0.025337
0.025350
0.025363
0.025377
0.025390
0.025403
0.024992
0.025222
0.025242
0.025259
0.025276
0.025292
0.025308
0.025324
0.025340
0.025355
0.025371
0.024555
0.024783
0.024802
0.024828
0.024845
0.024861
0.024877
0.024893
0.024909
0.024924
0.024940
0.024436
0.024658
0.024675
0.024689
0.024703
0.024716
0.024729
0.024743
0.024756
0.024770
0.024783
0.024429
0.024650
0.024676
0.024691
0.024705
0.024718
0.024731
0.024745
0.024758
0.024771
0.024784
0.047048
0.047275
0.047293
0.047307
0.047321
0.047334
0.047347
0.047360
0.047373
0.047386
0.047399
0.024967
0.025197
0.025215
0.025229
0.025243
0.025256
0.025270
0.025283
0.025297
0.025315
0.025332
0.025120
0.025352
0.025373
0.025390
0.025407
0.025423
0.025439
0.025455
0.025470
0.025486
0.025501
0.026194
0.026452
0.026471
0.026485
0.026499
0.026512
0.026525
0.026538
0.026552
0.026565
0.026578
0.025212
0.025441
0.025458
0.025472
0.025486
0.025499
0.025512
0.025525
0.025538
0.025550
0.025563
0.024791
0.025022
0.025039
0.025054
0.025068
0.025081
0.025095
0.025108
0.025120
0.025134
0.025147
0.024430
0.024660
0.024679
0.024693
0.024707
0.024720
0.024733
0.024746
0.024759
0.024772
0.024785
0.025751
0.025978
0.025996
0.026010
0.026024
0.026037
0.026051
0.026064
0.026077
0.026090
0.026104
0.025509
0.025738
0.025756
0.025770
0.025784
0.025797
0.025811
0.025824
0.025837
0.025851
0.025864
0.025122
0.025349
0.025367
0.025382
0.025395
0.025408
0.025421
0.025435
0.025448
0.025461
0.025474
0.049036
0.049267
0.049284
0.049298
0.049312
0.049325
0.049339
0.049351
0.049365
0.049377
0.049390
0.025674
0.025903
0.025930
0.025944
0.025958
0.025971
0.025988
0.026006
0.026022
0.026038
0.026054
0.025914
0.026137
0.026165
0.026183
0.026199
0.026215
0.026230
0.026246
0.026261
0.026277
0.026292
0.025554
0.025783
0.025812
0.025828
0.025845
0.025861
0.025877
0.025894
0.025910
0.025926
0.025941
0.025617
0.025850
0.025867
0.025882
0.025895
0.025908
0.025922
0.025934
0.025947
0.025960
0.025973
0.025381
0.025608
0.025626
0.025640
0.025654
0.025668
0.025681
0.025694
0.025707
0.025720
0.025733
0.029487
0.029704
0.029730
0.029744
0.029758
0.029771
0.029784
0.029797
0.029810
0.029823
0.029836
0.024396
0.024626
0.024643
0.024658
0.024672
0.024685
0.024698
0.024711
0.024724
0.024737
0.024750
0.025037
0.025264
0.025281
0.025295
0.025309
0.025322
0.025335
0.025348
0.025361
0.025375
0.025387
0.025470
0.025704
0.025722
0.025737
0.025751
0.025764
0.025777
0.025790
0.025803
0.025816
0.025830
0.048053
0.048276
0.048294
0.048308
0.048322
0.048335
0.048348
0.048362
0.048374
0.048387
0.048400
0.025930
0.026164
0.026183
0.026198
0.026212
0.026225
0.026238
0.026251
0.026265
0.026277
0.026290
0.025959
0.026188
0.026205
0.026219
0.026232
0.026246
0.026259
0.026272
0.026285
0.026298
0.026311
0.025131
0.025357
0.025375
0.025389
0.025403
0.025417
0.025431
0.025444
0.025457
0.025470
0.025483
0.024547
0.024775
0.024792
0.024807
0.024820
0.024834
0.024847
0.024860
0.024873
0.024886
0.024899
0.024563
0.024795
0.024813
0.024828
0.024842
0.024855
0.024868
0.024882
0.024895
0.024908
0.024921
0.025281
0.025509
0.025527
0.025541
0.025554
0.025568
0.025581
0.025594
0.025607
0.025621
0.025635
0.024341
0.024569
0.024586
0.024601
0.024614
0.024628
0.024641
0.024653
0.024666
0.024679
0.024693
0.024292
0.024524
0.024541
0.024556
0.024570
0.024583
0.024596
0.024610
0.024623
0.024637
0.024650
0.024271
0.024500
0.024518
0.024532
0.024546
0.024559
0.024573
0.024586
0.024599
0.024612
0.024625
0.047890
0.048125
0.048142
0.048157
0.048170
0.048183
0.048197
0.048210
0.048224
0.048237
0.048249
0.025284
0.025522
0.025538
0.025553
0.025566
0.025579
0.025592
0.025605
0.025617
0.025630
0.025643
0.024949
0.025172
0.025189
0.025203
0.025217
0.025230
0.025244
0.025257
0.025270
0.025283
0.025296
0.025226
0.025455
0.025473
0.025487
0.025501
0.025514
0.025527
0.025540
0.025553
0.025566
0.025580
0.025042
0.025268
0.025285
0.025299
0.025313
0.025327
0.025340
0.025353
0.025366
0.025379
0.025392
0.024996
0.025224
0.025242
0.025256
0.025270
0.025283
0.025296
0.025309
0.025322
0.025336
0.025349
0.024919
0.025133
0.025160
0.025174
0.025188
0.025202
0.025215
0.025229
0.025242
0.025255
0.025268
0.024390
0.024620
0.024637
0.024652
0.024666
0.024679
0.024693
0.024706
0.024719
0.024733
0.024746
0.024529
0.024758
0.024775
0.024790
0.024804
0.024817
0.024831
0.024844
0.024858
0.024871
0.024884
0.024586
0.024804
0.024821
0.024834
0.024858
0.024871
0.024885
0.024898
0.024911
0.024924
0.024937
0.047287
0.047513
0.047530
0.047545
0.047558
0.047571
0.047585
0.047598
0.047611
0.047623
0.047636
0.025005
0.025240
0.025258
0.025272
0.025285
0.025299
0.025313
0.025326
0.025339
0.025352
0.025366
0.025059
0.025286
0.025313
0.025327
0.025341
0.025355
0.025369
0.025382
0.025395
0.025408
0.025421
0.025004
0.025233
0.025251
0.025265
0.025279
0.025292
0.025306
0.025319
0.025332
0.025346
0.025359
0.025210
0.025450
0.025480
0.025509
0.025535
0.025561
0.025585
0.025609
0.025634
0.025657
0.025681
0.024998
0.025241
0.025270
0.025299
0.025324
0.025349
0.025374
0.025397
0.025422
0.025444
0.025468
0.025533
0.025764
0.025782
0.025796
0.025810
0.025823
0.025836
0.025849
0.025862
0.025875
0.025888
0.025530
0.025755
0.025772
0.025786
0.025800
0.025813
0.025826
0.025839
0.025852
0.025866
0.025879
0.025326
0.025542
0.025568
0.025583
0.025597
0.025610
0.025624
0.025637
0.025650
0.025663
0.025676
0.025031
0.025261
0.025278
0.025293
0.025306
0.025320
0.025333
0.025347
0.025360
0.025374
0.025387
0.047303
0.047534
0.047552
0.047566
0.047580
0.047593
0.047606
0.047619
0.047633
0.047646
0.047658
0.025451
0.025671
0.025698
0.025712
0.025726
0.025740
0.025753
0.025766
0.025780
0.025794
0.025807
0.025247
0.025477
0.025497
0.025515
0.025531
0.025547
0.025562
0.025578
0.025594
0.025609
0.025625
0.025622
0.025855
0.025876
0.025894
0.025911
0.025925
0.025939
0.025955
0.025969
0.025985
0.025998
0.024938
0.025169
0.025187
0.025201
0.025215
0.025229
0.025242
0.025255
0.025267
0.025280
0.025293
0.024933
0.025154
0.025180
0.025194
0.025211
0.025228
0.025242
0.025257
0.025271
0.025284
0.025297
0.025379
0.025610
0.025628
0.025643
0.025656
0.025669
0.025686
0.025703
0.025719
0.025734
0.025750
0.025129
0.025366
0.025386
0.025403
0.025419
0.025436
0.025452
0.025468
0.025484
0.025500
0.025516
0.024737
0.024975
0.024995
0.025011
0.025027
0.025044
0.025060
0.025076
0.025092
0.025108
0.025128
0.025217
0.025443
0.025472
0.025488
0.025505
0.025521
0.025537
0.025553
0.025569
0.025584
0.025600
0.050259
0.050491
0.050512
0.050530
0.050546
0.050562
0.050578
0.050593
0.050609
0.050624
0.050640
0.025083
0.025319
0.025339
0.025357
0.025374
0.025391
0.025407
0.025423
0.025438
0.025454
0.025482
0.030264
0.030497
0.030514
0.030529
0.030542
0.030556
0.030569
0.030582
0.030594
0.030607
0.030620
0.025336
0.025559
0.025586
0.025600
0.025614
0.025627
0.025640
0.025654
0.025667
0.025680
0.025693
0.026130
0.026353
0.026379
0.026394
0.026407
0.026421
0.026434
0.026447
0.026460
0.026473
0.026486
0.024288
0.024506
0.024533
0.024547
0.024561
0.024574
0.024588
0.024600
0.024613
0.024626
0.024639
0.024301
0.024528
0.024545
0.024559
0.024573
0.024586
0.024599
0.024612
0.024625
0.024637
0.024651
0.025467
0.025699
0.025717
0.025731
0.025745
0.025759
0.025772
0.025786
0.025799
0.025813
0.025826
0.027052
0.027274
0.027300
0.027314
0.027328
0.027341
0.027353
0.027367
0.027380
0.027393
0.027406
0.025131
0.025358
0.025386
0.025401
0.025414
0.025428
0.025441
0.025459
0.025472
0.025485
0.025498
0.048193
0.048420
0.048437
0.048451
0.048464
0.048476
0.048490
0.048502
0.048516
0.048529
0.048542
0.026807
0.027036
0.027054
0.027068
0.027082
0.027096
0.027109
0.027122
0.027135
0.027148
0.027161
0.025756
0.026001
0.026034
0.026062
0.026091
0.026120
0.026150
0.026182
0.026215
0.026247
0.026280
0.025557
0.025792
0.025809
0.025824
0.025837
0.025851
0.025864
0.025877
0.025890
0.025903
0.025916
0.025136
0.025366
0.025383
0.025397
0.025411
0.025424
0.025438
0.025451
0.025465
0.025478
0.025492
0.024794
0.025019
0.025037
0.025052
0.025065
0.025079
0.025093
0.025106
0.025118
0.025131
0.025145
0.025091
0.025318
0.025335
0.025350
0.025363
0.025377
0.025391
0.025404
0.025418
0.025431
0.025444
0.032126
0.032401
0.032423
0.032441
0.032459
0.032477
0.032495
0.032512
0.032530
0.032548
0.032566
0.031029
0.031257
0.031274
0.031288
0.031301
0.031318
0.031331
0.031345
0.031358
0.031371
0.031384
0.024924
0.025141
0.025169
0.025183
0.025197
0.025210
0.025223
0.025237
0.025250
0.025263
0.025275
0.049184
0.049404
0.049420
0.049446
0.049460
0.049474
0.049487
0.049500
0.049513
0.049526
0.049539
0.025532
0.025759
0.025786
0.025800
0.025814
0.025827
0.025840
0.025853
0.025867
0.025879
0.025892
0.026327
0.026554
0.026571
0.026586
0.026599
0.026612
0.026626
0.026639
0.026651
0.026664
0.026677
0.025962
0.026208
0.026226
0.026239
0.026267
0.026283
0.026297
0.026310
0.026323
0.026336
0.026350
0.026079
0.026331
0.026359
0.026374
0.026387
0.026401
0.026415
0.026428
0.026441
0.026455
0.026468
0.025380
0.025600
0.025627
0.025641
0.025655
0.025668
0.025681
0.025694
0.025707
0.025720
0.025733
0.025631
0.025861
0.025879
0.025893
0.025911
0.025925
0.025939
0.025951
0.025964
0.025978
0.025990
0.025520
0.025748
0.025766
0.025781
0.025795
0.025808
0.025822
0.025835
0.025848
0.025861
0.025875
0.025807
0.026039
0.026057
0.026072
0.026085
0.026098
0.026111
0.026125
0.026138
0.026151
0.026164
0.025929
0.026158
0.026175
0.026189
0.026202
0.026215
0.026229
0.026242
0.026255
0.026268
0.026282
0.049580
0.049825
0.049842
0.049855
0.049878
0.049891
0.049904
0.049917
0.049929
0.049942
0.049955
0.026004
0.026238
0.026257
0.026271
0.026284
0.026298
0.026311
0.026324
0.026338
0.026351
0.026365
0.026216
0.026448
0.026466
0.026480
0.026494
0.026507
0.026520
0.026534
0.026546
0.026560
0.026572
0.026915
0.027132
0.027158
0.027173
0.027186
0.027200
0.027213
0.027226
0.027241
0.027253
0.027267
0.026309
0.026536
0.026555
0.026569
0.026583
0.026596
0.026610
0.026623
0.026635
0.026649
0.026662
0.026365
0.026589
0.026606
0.026620
0.026634
0.026647
