137	320	233	191
133	323	233	191
134	326	235	192
135	329	237	194
136	332	239	196
138	335	242	198
139	338	244	200
140	342	246	202
142	345	249	204
143	348	251	206
144	351	253	207
146	354	256	209
111	341	237	194
109	342	237	194
107	344	237	194
105	345	238	194
103	347	238	195
101	349	238	195
99	350	239	195
97	352	239	195
95	354	239	196
93	355	240	196
91	357	240	196
120	352	228	187
118	353	228	187
118	354	227	186
118	355	227	186
117	357	226	186
117	358	226	185
117	359	226	185
117	360	225	185
117	362	225	184
117	363	224	184
117	364	224	184
127	363	237	194
126	364	236	193
127	365	236	193
127	366	237	194
128	367	237	194
128	368	237	194
128	369	238	194
129	370	238	195
129	371	238	195
130	372	239	195
130	373	239	195
121	329	242	198
121	330	242	198
121	328	242	198
121	327	243	198
120	325	243	199
120	324	244	199
120	322	244	199
120	321	244	200
120	319	245	200
120	318	245	201
120	316	246	201
91	306	233	191
90	304	233	191
89	302	233	191
87	300	232	190
85	298	232	190
83	296	232	190
82	294	231	190
80	292	231	189
78	290	231	189
76	288	230	189
75	286	230	189
85	319	237	194
83	316	236	193
82	316	236	193
81	316	236	193
79	316	236	193
78	316	236	193
77	316	236	193
76	316	236	193
75	316	237	194
74	316	237	194
73	316	237	194
91	328	233	191
89	327	233	191
89	328	232	190
89	329	232	190
89	329	232	190
89	330	232	190
89	330	232	190
89	331	231	190
89	331	231	190
89	332	231	189
89	333	231	189
107	325	242	198
106	325	241	197
107	325	242	198
108	325	242	198
109	325	243	198
110	325	243	199
111	326	243	199
112	326	244	199
113	326	244	200
114	326	245	200
115	326	245	200
109	323	237	194
109	323	237	194
110	322	237	194
110	322	237	194
111	322	237	194
112	322	237	194
112	322	237	193
113	322	236	193
113	322	236	193
114	322	236	193
114	322	236	193
44	317	242	198
44	316	241	197
41	316	242	198
37	316	242	198
34	315	242	198
30	315	242	198
27	314	243	198
24	314	243	198
20	314	243	199
17	313	243	199
13	313	243	199
42	311	237	194
38	310	237	194
36	310	237	194
35	309	236	193
33	309	236	193
31	308	236	193
30	308	236	193
28	307	236	193
26	307	235	193
25	306	235	193
23	306	235	192
130	327	247	202
128	326	246	201
132	327	247	202
136	327	247	202
141	328	248	202
145	329	248	203
149	329	249	203
154	330	249	204
158	331	250	204
162	331	250	204
167	332	250	205
130	331	247	202
134	331	247	202
136	332	247	202
138	332	247	202
140	333	248	202
142	333	248	203
144	334	248	203
146	335	248	203
148	335	248	203
150	336	249	203
152	336	249	203
122	339	247	202
124	339	247	202
124	340	247	202
124	340	247	202
124	341	247	202
124	342	247	202
125	342	247	202
125	343	247	202
125	344	247	202
125	344	247	202
125	345	247	202
133	356	242	198
133	356	242	198
133	357	241	197
134	359	241	197
134	360	241	197
135	361	241	197
136	362	240	197
136	363	240	196
137	365	240	196
137	366	240	196
138	367	239	196
149	361	232	190
149	362	231	189
150	362	231	189
151	363	230	188
153	364	229	188
154	365	229	187
155	366	228	187
156	366	227	186
157	367	227	186
158	368	226	185
159	369	225	184
160	361	242	198
161	361	241	197
162	362	241	197
163	362	241	197
164	362	242	198
165	362	242	198
166	363	242	198
167	363	242	198
168	363	243	198
169	364	243	199
170	364	243	199
164	365	242	198
165	365	242	198
165	365	242	198
166	365	242	198
167	366	242	198
167	366	242	198
168	366	243	198
168	367	243	198
169	367	243	199
170	367	243	199
170	368	243	199
170	363	237	194
170	363	237	194
171	363	236	193
171	363	236	193
172	363	236	193
172	363	236	193
173	363	236	193
173	363	235	193
174	363	235	192
175	363	235	192
175	363	235	192
170	363	237	194
170	363	236	193
170	362	236	193
170	362	236	193
171	362	236	193
171	362	236	193
171	362	236	193
171	362	236	193
172	362	236	193
172	362	235	193
172	362	235	193
169	368	232	190
169	367	231	189
169	368	231	189
169	368	231	189
169	368	230	189
169	369	230	188
169	369	230	188
169	369	230	188
169	369	229	188
169	370	229	187
169	370	229	187
162	363	237	194
162	363	236	193
161	363	236	193
161	362	236	193
160	362	237	194
160	362	237	194
160	362	237	194
159	362	237	194
159	362	237	194
158	362	237	194
158	361	237	194
168	361	232	190
167	360	232	190
167	360	231	189
167	360	231	189
168	360	231	189
168	360	231	189
168	359	231	189
168	359	230	189
168	359	230	189
168	359	230	188
168	359	230	188
168	361	242	198
168	360	241	197
168	360	242	198
168	360	242	198
168	360	243	198
168	360	243	199
168	360	244	199
168	360	244	200
168	360	245	200
168	360	245	200
168	360	245	201
17	232	232	190
17	231	232	190
8	224	232	190
0	217	231	189
-7	210	231	189
-16	203	231	189
-24	196	230	189
-32	188	230	188
-41	181	230	188
-49	174	229	188
-57	167	229	187
-7	220	242	198
-15	212	241	197
-20	208	242	198
-25	205	242	198
-30	201	242	198
-35	197	243	198
-40	193	243	199
-45	189	243	199
-50	185	244	199
-55	181	244	200
-60	178	245	200
27	235	232	190
21	231	232	190
21	230	232	190
22	230	231	189
22	229	231	189
22	229	230	189
22	228	230	188
22	228	230	188
22	227	229	188
22	227	229	187
22	226	229	187
55	240	228	187
55	239	227	186
56	239	227	186
58	240	226	186
60	240	226	185
62	240	226	185
64	240	225	185
66	241	225	184
68	241	224	184
70	241	224	184
72	242	223	183
79	246	223	183
80	246	222	182
83	246	222	182
85	247	221	181
87	247	221	181
89	248	220	181
91	248	220	180
93	249	219	180
96	249	219	180
98	250	219	179
100	250	218	179
90	246	223	183
92	246	222	182
93	246	222	182
95	246	222	182
96	247	222	182
98	247	221	182
99	247	221	181
100	247	221	181
102	247	221	181
103	248	221	181
105	248	221	181
88	256	228	187
89	256	227	186
89	256	228	187
90	257	228	187
90	258	228	187
91	258	228	187
91	259	228	187
92	259	229	187
92	260	229	188
92	261	229	188
93	261	229	188
125	270	228	187
125	270	228	187
127	271	228	187
129	272	228	187
131	273	228	187
134	274	228	187
136	275	228	187
138	276	228	187
140	277	228	187
142	278	229	187
144	279	229	187
154	285	219	179
156	286	219	179
158	287	218	178
161	288	218	178
163	289	217	177
166	291	217	177
168	292	216	177
171	293	216	176
173	294	215	176
176	296	215	175
179	297	214	175
176	281	219	179
178	282	218	178
180	282	218	178
183	282	218	178
185	283	217	178
187	283	217	177
189	283	217	177
191	283	217	177
194	284	217	177
196	284	216	177
198	284	216	176
186	277	228	187
188	277	227	186
189	277	228	187
191	276	228	187
192	276	229	187
193	276	229	188
195	276	229	188
196	276	230	189
198	276	230	189
199	275	231	189
200	275	231	190
215	277	219	179
216	276	219	179
218	276	219	179
220	276	218	178
222	276	218	178
224	276	218	178
226	276	217	178
229	276	217	177
231	276	217	177
233	276	217	177
235	276	216	177
215	273	219	179
217	272	218	178
217	272	218	178
218	272	218	178
219	272	218	178
220	271	218	178
221	271	217	178
222	271	217	177
223	271	217	177
224	270	217	177
224	270	217	177
226	280	219	179
226	279	218	178
227	280	218	178
228	280	218	178
229	280	218	178
230	280	218	178
231	281	218	178
232	281	218	178
232	281	218	178
233	281	218	178
234	282	218	178
239	282	223	183
239	282	222	182
240	282	223	183
242	282	223	183
243	283	223	183
244	283	223	183
245	283	223	183
246	283	224	184
247	284	224	184
248	284	224	184
249	284	224	184
250	282	223	183
251	282	223	183
252	282	223	183
253	282	223	183
254	282	223	183
255	282	223	183
256	282	223	183
257	282	223	183
258	282	223	183
259	283	223	183
260	283	224	184
246	279	232	190
247	279	232	190
247	278	232	190
247	278	233	190
247	278	233	191
247	278	234	191
247	278	234	192
248	278	235	192
248	278	235	193
248	277	236	193
248	277	236	193
242	275	232	190
242	274	232	190
241	274	232	190
241	274	232	190
241	273	233	190
241	273	233	191
241	273	233	191
240	273	233	191
240	272	234	191
240	272	234	191
240	272	234	192
240	269	228	187
239	268	228	187
239	268	228	187
239	267	227	186
239	267	227	186
238	266	227	186
238	266	227	186
238	265	227	186
238	265	227	186
238	265	227	186
237	264	226	186
256	268	232	190
255	267	231	189
256	267	231	189
257	267	232	190
258	266	232	190
259	266	232	190
259	266	232	190
260	266	232	190
261	265	232	190
262	265	232	190
263	265	233	190
292	299	228	187
292	298	228	187
295	300	227	186
297	302	227	186
299	303	227	186
302	305	227	186
304	306	227	186
307	308	227	186
309	310	227	186
311	311	226	186
314	313	226	186
280	290	223	183
282	291	222	182
282	291	222	182
283	292	222	182
283	292	221	182
283	292	221	181
284	292	221	181
284	293	220	181
284	293	220	180
285	293	220	180
285	293	219	180
252	273	228	187
252	273	227	186
250	272	227	186
249	271	227	186
247	270	228	187
246	269	228	187
244	268	228	187
243	267	228	187
241	266	228	187
240	265	228	187
238	264	228	187
232	279	223	183
230	278	223	183
228	277	222	182
226	277	222	182
225	277	222	182
223	277	222	182
221	277	222	182
219	277	221	182
217	277	221	181
215	277	221	181
214	277	221	181
228	283	232	190
226	282	231	189
225	283	232	190
224	283	232	190
223	283	233	190
222	283	233	191
221	284	233	191
220	284	234	191
219	284	234	192
218	284	235	192
217	284	235	192
239	284	223	183
238	284	223	183
238	284	223	183
238	284	222	182
238	284	222	182
239	284	222	182
239	285	221	182
239	285	221	181
240	285	221	181
240	285	220	181
240	285	220	181
238	272	232	190
238	272	231	189
238	271	232	190
238	270	232	190
238	270	232	190
238	269	233	190
238	269	233	191
239	268	233	191
239	267	234	191
239	267	234	191
239	266	234	192
239	268	232	190
239	267	232	190
239	266	232	190
239	266	232	190
239	265	232	190
239	265	233	190
239	264	233	190
239	264	233	191
239	263	233	191
239	263	233	191
239	262	233	191
248	273	228	187
248	272	228	187
248	272	228	187
249	272	227	186
249	272	227	186
250	272	227	186
250	272	227	186
251	273	227	186
251	273	227	186
252	273	226	186
252	273	226	186
243	270	237	194
243	270	236	193
243	269	237	194
243	269	237	194
243	269	238	194
243	269	238	195
243	269	238	195
243	269	239	195
243	269	239	196
243	269	240	196
243	269	240	196
233	279	242	198
232	278	242	198
232	279	242	198
231	279	243	199
231	280	243	199
230	280	244	199
229	281	244	200
229	281	245	200
228	282	245	200
228	282	246	201
227	282	246	201
239	278	237	194
238	278	237	194
238	278	237	194
238	278	237	194
238	278	237	194
238	279	237	194
238	279	237	194
238	279	236	193
238	279	236	193
238	279	236	193
238	279	236	193
255	278	228	187
255	278	227	186
256	278	227	186
256	278	226	186
257	278	226	185
258	278	225	185
259	278	225	184
260	278	224	184
261	278	223	183
262	278	223	183
263	278	222	182
246	281	237	194
246	281	236	193
246	281	236	193
246	281	236	193
246	281	237	194
246	281	237	194
246	281	237	194
246	282	237	194
246	282	238	194
246	282	238	195
246	282	238	195
238	289	237	194
237	289	237	194
237	289	237	194
236	290	237	194
236	290	237	194
235	291	237	194
235	291	237	194
234	292	238	194
234	292	238	194
233	293	238	195
233	293	238	195
233	292	232	190
232	292	232	190
231	292	231	189
231	293	231	189
230	293	231	189
230	294	231	189
229	294	231	189
229	294	230	189
228	295	230	188
228	295	230	188
227	296	230	188
232	280	242	198
231	280	241	197
231	279	242	198
230	279	242	198
230	278	243	198
230	278	243	199
230	277	243	199
229	277	244	199
229	276	244	200
229	276	245	200
229	275	245	201
225	295	232	190
224	294	232	190
224	295	232	190
223	295	231	189
223	296	231	189
222	296	231	189
222	297	230	188
221	297	230	188
221	298	230	188
220	299	229	188
220	299	229	187
215	302	223	183
214	302	222	182
213	303	221	182
213	303	221	181
212	304	220	181
211	305	219	180
210	305	219	180
210	306	218	179
209	307	217	179
208	307	217	178
207	308	216	177
199	302	232	190
198	302	231	189
197	302	231	189
195	303	231	189
194	303	231	189
193	303	232	190
192	304	232	190
191	304	232	190
189	304	232	190
188	304	233	190
187	305	233	190
187	307	242	198
185	307	242	198
184	307	242	198
183	307	243	199
182	308	244	199
181	308	244	200
180	309	245	200
178	309	246	201
177	309	247	202
176	310	247	202
175	310	248	203
194	307	252	206
192	307	252	206
192	307	253	207
192	307	254	207
192	307	255	208
192	307	256	209
192	308	256	209
192	308	257	210
192	308	258	211
192	308	259	211
192	308	260	212
203	311	242	198
202	311	242	198
203	311	242	198
204	311	242	198
204	311	242	198
205	312	242	197
205	312	241	197
206	312	241	197
206	313	241	197
207	313	241	197
207	313	240	197
199	299	242	198
199	299	241	197
199	298	241	197
199	298	241	197
199	297	241	197
199	297	241	197
199	296	241	197
199	295	240	197
199	295	240	197
199	294	240	196
199	294	240	196
200	301	247	202
200	300	246	201
200	300	247	202
200	300	247	202
200	299	247	202
200	299	247	202
200	299	247	202
200	299	248	202
200	299	248	203
200	299	248	203
200	299	248	203
203	311	242	198
203	310	242	198
203	311	242	198
203	311	241	197
203	312	241	197
203	312	241	197
203	313	241	197
204	313	241	197
204	314	241	197
204	314	240	197
204	315	240	196
203	322	242	198
203	322	241	197
203	323	241	197
203	324	241	197
203	325	241	197
203	325	241	197
203	326	241	197
203	327	241	197
203	328	241	197
203	329	241	197
203	330	241	197
203	311	242	198
203	311	241	197
203	311	241	197
203	311	241	197
203	311	241	197
203	310	241	197
203	310	241	197
203	310	241	197
203	310	241	197
203	309	241	197
203	309	241	197
201	316	237	194
201	315	236	193
200	315	236	193
200	315	236	193
200	316	236	193
200	316	235	193
200	316	235	192
200	316	235	192
200	316	234	192
200	316	234	192
200	316	234	191
206	317	228	187
205	317	227	186
206	317	227	186
206	317	226	185
206	317	225	185
206	317	225	184
207	317	224	184
207	317	223	183
207	317	223	183
207	318	222	182
207	318	222	182
207	320	219	179
207	320	218	178
207	320	217	177
207	320	216	177
207	320	216	176
207	320	215	175
208	321	214	175
208	321	213	174
208	321	213	173
208	321	212	173
208	322	211	172
182	318	223	183
182	318	222	182
180	318	222	182
179	318	222	182
178	318	221	182
176	318	221	182
175	318	221	182
174	318	221	182
172	318	221	182
171	318	221	182
170	318	221	181
159	318	232	190
157	317	231	189
155	317	232	190
153	317	232	190
152	317	233	191
150	317	233	191
148	317	234	191
146	317	234	192
144	317	235	192
142	317	235	193
140	317	236	193
159	319	223	183
157	318	223	183
156	319	223	183
155	319	222	183
154	319	222	182
154	319	222	182
153	319	222	182
152	319	221	182
151	319	221	181
151	319	221	181
150	319	221	181
151	307	232	190
150	307	231	189
149	306	232	190
148	305	232	190
148	305	232	190
147	304	233	190
146	303	233	191
146	303	233	191
145	302	234	191
144	301	234	191
144	301	234	192
155	307	223	183
154	306	223	183
154	306	223	183
154	305	222	182
154	305	222	182
154	305	222	182
154	304	221	182
154	304	221	181
154	304	221	181
154	304	220	181
153	303	220	180
157	301	228	187
156	300	227	186
157	300	227	186
157	299	227	186
157	299	228	187
157	299	228	187
157	298	228	187
157	298	228	187
157	297	228	187
158	297	228	187
158	296	228	187
164	308	228	187
164	307	228	187
164	307	228	187
165	307	228	187
165	308	228	187
165	308	228	187
166	308	228	187
166	308	228	187
167	309	228	187
167	309	228	187
168	309	228	187
167	307	237	194
167	307	237	194
167	307	237	194
168	307	238	194
168	307	238	195
168	307	239	195
169	307	239	196
169	307	240	196
169	307	240	196
170	307	241	197
170	307	241	197
168	311	228	187
168	311	228	187
168	311	228	187
168	311	227	186
168	311	227	186
169	312	227	186
169	312	227	186
169	312	226	186
169	312	226	185
169	312	226	185
170	313	226	185
144	308	237	194
144	308	236	193
142	308	237	194
141	308	237	194
140	308	237	194
139	307	238	194
137	307	238	195
136	307	238	195
135	307	239	195
134	307	239	195
132	307	239	196
138	294	242	198
136	293	242	198
135	293	242	198
134	292	243	198
134	291	243	199
133	290	244	199
132	289	244	200
131	289	245	200
130	288	245	200
129	287	245	201
128	286	246	201
144	296	237	194
143	295	237	194
143	294	237	194
143	294	237	194
143	294	237	194
143	294	237	194
143	293	236	193
143	293	236	193
143	293	236	193
143	293	236	193
143	292	236	193
123	296	247	202
123	295	246	201
121	295	247	202
120	295	247	202
119	295	248	203
118	295	248	203
117	295	249	203
116	295	249	204
115	295	250	204
114	295	250	205
112	295	251	205
102	287	257	210
100	286	257	210
99	286	258	211
97	285	259	211
95	285	259	212
94	284	260	212
92	284	261	213
90	283	262	214
89	283	262	214
87	282	263	215
85	282	264	215
86	294	262	215
84	293	262	215
82	293	263	216
81	293	263	216
79	293	264	217
78	294	265	217
76	294	265	218
74	294	266	218
73	294	266	219
71	294	267	219
70	294	268	220
59	297	257	210
57	297	257	210
55	297	257	210
53	297	257	210
51	297	257	210
49	298	257	210
46	298	257	210
44	298	257	210
42	299	257	210
40	299	257	209
38	299	257	209
119	286	252	206
116	286	251	205
119	285	251	205
121	285	251	205
124	284	250	205
126	284	250	204
129	283	250	204
131	283	249	204
134	282	249	203
136	282	249	203
139	281	248	203
167	289	247	202
169	288	246	201
173	288	246	201
177	288	245	201
181	288	245	200
185	288	244	200
188	288	244	199
192	288	244	199
196	287	243	199
200	287	243	198
204	287	242	198
153	293	257	210
156	292	256	209
157	293	256	209
158	293	257	210
159	293	257	210
160	293	258	210
160	294	258	211
161	294	258	211
162	294	259	211
163	294	259	212
164	294	260	212
144	284	267	219
144	284	267	219
144	283	268	219
144	283	268	220
143	283	269	221
143	282	270	221
143	282	271	222
142	281	271	223
142	281	272	223
141	281	273	224
141	280	274	225
148	303	278	228
147	302	278	228
147	303	279	229
147	304	280	230
147	305	281	230
147	306	282	231
147	306	283	232
147	307	284	233
147	308	285	234
147	309	286	234
147	310	287	235
173	310	272	223
173	310	272	223
174	311	272	223
175	312	273	223
177	313	273	223
178	314	273	223
180	314	273	223
181	315	273	223
182	316	273	223
184	317	273	224
185	318	273	224
165	307	278	228
166	307	278	228
166	307	278	228
166	308	278	228
166	308	278	228
167	308	279	229
167	308	279	229
167	308	279	229
167	308	280	229
167	308	280	230
168	309	280	230
163	305	272	223
163	305	272	223
163	305	272	223
162	304	271	222
162	304	271	222
162	304	271	222
162	304	271	222
162	304	271	222
162	304	270	222
162	304	270	221
162	304	270	221
139	287	284	232
138	286	283	231
137	285	284	232
136	284	284	232
134	283	285	233
133	282	286	233
131	281	286	233
130	280	287	234
129	279	287	234
127	278	288	235
126	277	288	235
146	293	278	228
144	291	278	228
144	291	278	228
144	291	278	228
143	291	278	228
143	291	278	228
143	291	278	228
143	291	278	228
143	291	278	228
142	290	277	228
142	290	277	228
151	294	289	237
150	293	288	236
151	293	289	237
151	293	290	237
151	294	290	238
151	294	291	238
152	294	291	239
152	294	292	239
152	294	292	240
152	294	293	240
153	294	293	241
156	299	278	228
156	299	278	228
156	299	278	228
157	299	277	227
157	299	277	227
157	300	277	227
158	300	276	227
158	300	276	226
159	301	276	226
159	301	275	226
159	301	275	225
172	297	284	232
172	297	283	231
173	297	283	231
174	297	283	231
175	297	284	231
176	297	284	231
177	297	284	232
178	297	284	232
179	297	284	232
180	297	284	232
181	297	284	232
181	292	295	242
182	292	295	242
183	291	295	242
183	291	296	243
184	291	297	243
185	290	297	244
186	290	298	245
187	290	299	245
188	290	299	246
189	289	300	246
190	289	301	247
172	289	301	247
172	288	301	247
172	288	302	248
172	288	302	248
172	287	303	249
172	287	304	249
172	287	304	250
172	286	305	250
171	286	306	251
171	286	306	251
171	286	307	252
188	294	289	237
187	293	289	237
188	293	289	237
189	294	288	236
190	294	288	236
190	294	287	236
191	294	287	235
192	294	287	235
193	294	286	235
194	294	286	234
194	295	285	234
192	299	289	237
192	299	288	236
193	299	288	236
193	299	288	236
194	300	287	236
195	300	287	235
195	300	287	235
196	301	287	235
196	301	287	235
197	302	286	235
197	302	286	234
199	302	295	242
199	302	294	241
200	302	295	242
200	303	295	242
201	303	295	242
201	303	295	242
202	303	296	242
203	304	296	243
203	304	296	243
204	304	296	243
204	305	297	243
223	302	295	242
223	302	295	242
225	302	295	242
226	302	295	242
228	302	295	242
229	302	295	242
231	302	295	242
232	303	296	242
234	303	296	242
236	303	296	243
237	303	296	243
212	287	307	252
213	287	307	252
213	286	307	252
213	285	308	253
213	284	309	253
213	283	309	254
213	283	310	255
213	282	311	255
213	281	312	256
214	280	312	256
214	279	313	257
213	287	295	242
213	286	295	242
213	285	295	242
213	285	295	242
213	285	294	241
213	284	294	241
213	284	293	241
213	284	293	240
212	283	293	240
212	283	292	240
212	282	292	239
211	289	289	237
210	288	288	236
210	288	288	236
210	288	287	235
210	288	287	235
210	288	286	234
210	288	285	234
210	288	285	234
210	288	284	233
210	288	284	233
209	288	283	232
216	289	289	237
215	288	288	236
216	289	288	236
216	289	288	236
216	289	287	236
216	289	287	235
217	289	287	235
217	289	287	235
217	289	286	235
217	289	286	235
217	289	286	234
221	285	289	237
221	285	288	236
221	284	288	236
221	284	288	236
222	284	288	236
222	284	288	236
223	283	288	236
223	283	288	236
223	283	288	236
224	283	288	236
224	283	288	236
218	287	295	242
218	286	294	241
218	286	295	242
218	286	295	242
218	286	295	242
218	286	296	242
218	286	296	243
218	286	296	243
218	286	297	243
218	286	297	244
218	286	297	244
217	277	307	252
216	277	307	252
216	276	308	252
216	275	308	253
216	275	309	254
216	274	310	254
216	274	311	255
216	273	312	256
216	273	312	256
216	272	313	257
216	272	314	258
214	277	295	242
213	276	295	242
213	276	295	242
213	275	295	242
213	275	294	241
213	275	294	241
212	275	294	241
212	275	293	241
212	274	293	240
212	274	293	240
212	274	292	240
210	272	284	232
209	271	283	231
209	271	282	231
209	271	282	230
208	270	281	229
208	270	280	228
208	269	279	228
207	269	278	227
207	269	278	226
207	268	277	226
207	268	276	225
191	277	284	232
190	276	283	231
189	276	282	230
188	276	282	230
187	277	282	230
185	277	281	230
184	277	281	229
183	277	281	229
182	277	280	229
181	277	280	228
180	277	280	228
188	271	289	237
186	271	288	236
186	270	288	236
185	270	289	237
184	270	289	237
184	270	289	237
183	269	289	237
182	269	289	237
182	269	289	237
181	269	290	238
180	268	290	238
185	258	295	242
184	257	295	242
183	256	295	242
183	256	296	242
183	255	296	243
182	254	296	243
182	253	297	244
181	252	297	244
181	251	298	244
181	251	298	245
180	250	299	245
193	260	289	237
192	259	289	237
192	258	289	237
193	258	289	237
193	258	288	237
193	258	288	236
194	257	288	236
194	257	288	236
194	257	288	236
195	257	288	236
195	256	288	236
182	246	301	247
182	245	300	246
181	244	301	247
181	244	301	247
180	243	302	248
180	242	303	248
180	241	303	249
179	240	304	249
179	239	304	250
178	239	305	250
178	238	306	251
179	250	289	237
178	249	289	237
178	249	289	237
177	248	288	236
177	248	288	236
177	248	287	236
176	248	287	235
176	248	287	235
175	248	286	235
175	248	286	234
175	247	285	234
182	257	284	232
181	256	283	231
181	257	283	231
181	257	282	230
181	257	282	230
181	258	281	229
181	258	281	229
181	259	280	228
181	259	280	228
181	259	279	228
181	260	279	227
198	255	278	228
198	255	277	227
198	255	276	227
199	255	276	226
200	255	275	226
201	255	275	225
202	255	274	225
203	255	274	225
204	255	273	224
205	255	273	224
206	255	272	223
199	255	278	228
199	255	277	227
200	255	277	227
200	255	277	227
201	255	276	227
201	255	276	226
202	255	276	226
202	255	276	226
203	255	276	226
203	255	275	226
204	255	275	226
194	259	278	228
194	259	277	227
194	259	277	227
194	259	277	227
194	259	277	227
193	259	277	227
193	260	277	227
193	260	277	227
193	260	277	227
193	260	277	227
193	261	277	227
199	269	267	219
198	269	266	218
199	269	266	218
199	270	265	217
199	271	265	217
199	271	264	216
199	272	263	216
200	273	263	215
200	273	262	215
200	274	261	214
200	275	261	214
190	268	267	219
190	268	266	218
189	268	266	218
189	269	265	218
188	269	265	217
188	269	265	217
188	269	264	217
187	269	264	217
187	270	264	216
186	270	264	216
186	270	263	216
177	273	267	219
176	273	266	218
175	273	266	218
174	273	266	218
173	274	266	218
172	274	266	218
172	274	266	218
171	275	266	218
170	275	266	218
169	275	266	218
168	276	265	218
182	260	257	210
181	260	256	209
180	259	256	209
180	259	255	208
180	258	255	208
180	258	254	207
180	257	254	207
180	256	253	206
180	256	252	206
180	255	252	205
180	255	251	205
195	260	257	210
194	259	256	209
195	259	256	209
196	258	255	209
197	258	255	208
197	258	255	208
198	258	255	208
199	257	254	208
199	257	254	207
200	257	254	207
201	256	254	207
208	264	247	202
208	263	246	201
209	263	246	201
210	263	245	200
211	264	244	200
212	264	244	199
213	264	243	199
215	264	242	198
216	264	242	198
217	264	241	197
218	264	241	197
212	268	247	202
213	268	246	201
213	268	246	201
214	268	245	201
215	269	245	200
215	269	245	200
216	269	245	200
216	269	244	200
217	270	244	199
218	270	244	199
218	270	243	199
211	270	242	198
211	270	241	197
211	270	241	197
212	270	241	197
212	271	240	196
212	271	240	196
212	271	239	196
212	271	239	196
212	271	239	195
213	272	238	195
213	272	238	195
200	272	247	202
200	272	246	201
199	272	246	201
199	272	246	201
198	272	247	202
197	273	247	202
197	273	247	202
196	273	247	202
196	273	247	202
195	273	247	202
195	274	247	202
153	263	257	210
152	263	257	210
149	262	257	210
146	262	258	211
143	261	259	211
140	261	259	212
138	261	260	212
135	260	260	213
132	260	261	213
129	259	262	214
126	259	262	214
74	280	257	210
71	279	257	210
65	280	257	210
59	281	258	210
54	281	258	211
48	282	258	211
42	283	259	211
37	284	259	211
31	284	259	212
26	285	259	212
20	286	260	212
47	287	252	206
41	287	252	206
37	288	252	206
33	289	251	205
29	289	251	205
25	290	251	205
22	291	251	205
18	292	251	205
14	292	250	205
10	293	250	205
6	294	250	204
55	291	252	206
51	291	251	205
50	292	251	205
49	292	251	205
48	293	251	205
47	293	251	205
46	294	251	205
45	294	251	205
44	295	251	205
43	295	251	205
42	296	250	205
73	280	257	210
72	280	256	209
72	280	257	210
73	279	257	210
74	279	257	210
75	278	257	210
75	278	258	210
76	277	258	211
77	277	258	211
78	277	258	211
79	276	259	211
79	278	262	215
79	277	262	215
80	277	262	215
81	276	263	215
82	276	263	216
82	276	263	216
83	275	264	217
84	275	264	217
84	275	264	217
85	274	265	218
86	274	265	218
105	291	252	206
105	290	252	206
107	291	252	206
109	291	251	205
110	292	251	205
112	293	250	204
114	293	250	204
116	294	250	204
117	294	249	203
119	295	249	203
121	296	248	203
123	303	242	198
124	303	241	197
126	304	240	197
128	305	240	196
129	306	239	195
131	307	238	195
133	308	237	194
135	309	237	193
136	310	236	193
138	311	235	192
140	312	234	192
128	305	247	202
129	305	246	201
130	306	246	201
131	306	246	201
132	307	246	201
133	307	246	201
134	308	246	201
135	308	246	201
136	309	245	201
137	309	245	201
138	310	245	201
107	295	242	198
107	295	241	197
107	295	241	197
106	294	241	197
105	294	241	197
104	293	240	197
103	293	240	196
102	293	240	196
102	292	240	196
101	292	239	196
100	292	239	196
111	295	242	198
110	294	241	197
109	294	241	197
109	294	241	197
109	294	241	197
109	293	241	197
109	293	241	197
108	293	241	197
108	293	240	197
108	293	240	197
108	292	240	197
137	293	247	202
136	292	246	201
138	292	247	202
139	292	247	202
140	292	247	202
142	292	247	202
143	291	248	202
145	291	248	203
146	291	248	203
147	291	248	203
149	291	249	203
141	297	237	194
142	296	237	194
143	296	236	193
144	297	236	193
144	297	235	193
145	297	235	192
146	297	235	192
147	297	234	192
148	297	234	191
149	298	233	191
150	298	233	191
142	308	228	187
142	308	227	186
143	308	226	186
143	309	226	185
143	310	225	184
144	310	224	184
144	311	224	183
145	312	223	183
145	312	222	182
145	313	221	182
146	314	221	181
157	322	219	179
157	322	218	178
158	323	217	177
159	324	216	177
160	325	215	176
161	326	215	175
162	328	214	175
163	329	213	174
163	330	212	173
164	331	211	173
165	332	211	172
164	330	228	187
164	331	227	186
165	331	227	186
166	332	227	186
167	333	227	186
168	334	227	187
168	335	228	187
169	336	228	187
170	337	228	187
171	338	228	187
172	339	228	187
183	333	219	179
183	333	219	179
185	334	218	178
186	334	218	178
187	335	218	178
189	335	217	177
190	336	217	177
191	336	216	177
193	337	216	176
194	337	216	176
195	338	215	176
204	340	211	172
205	340	210	171
207	341	210	171
208	341	209	170
210	342	208	170
212	342	208	169
213	343	207	168
215	343	206	168
217	344	206	167
219	344	205	167
220	345	205	166
207	340	211	172
208	340	210	171
209	340	210	171
210	341	209	171
211	341	209	170
212	341	209	170
213	341	209	170
213	341	208	170
214	342	208	169
215	342	208	169
216	342	208	169
199	336	219	179
199	336	218	178
199	336	219	179
199	335	219	179
199	335	219	179
199	335	220	180
199	335	220	180
198	335	220	180
198	335	221	181
198	334	221	181
198	334	222	181
202	340	211	172
201	339	211	172
201	339	211	172
201	340	210	171
201	340	210	171
202	340	210	171
202	340	210	171
202	340	209	170
202	340	209	170
202	340	209	170
202	341	208	170
202	343	211	172
202	343	210	171
202	343	210	171
202	343	210	171
202	343	210	171
202	344	210	171
202	344	210	171
202	344	209	171
202	344	209	170
202	345	209	170
202	345	209	170
201	348	206	169
201	348	205	168
200	348	205	168
200	348	205	168
200	349	204	168
200	349	204	168
200	350	204	167
200	350	203	167
200	350	203	167
200	351	203	167
200	351	202	167
194	347	215	176
193	347	214	175
193	347	215	176
193	347	215	176
192	347	215	176
192	347	216	176
191	347	216	177
191	347	216	177
191	348	217	177
190	348	217	178
190	348	217	178
192	346	211	172
191	346	211	172
191	346	211	172
191	346	211	172
190	346	211	172
190	345	211	172
190	345	211	171
189	345	211	171
189	345	211	171
189	345	211	171
188	345	210	171
183	345	215	176
182	344	214	175
182	344	215	176
181	344	215	176
180	344	215	176
180	344	215	176
179	344	215	176
179	344	216	176
178	344	216	177
177	344	216	177
177	344	216	177
161	345	223	183
160	344	223	183
158	344	223	183
157	344	224	184
155	344	224	184
154	344	225	185
153	344	225	185
151	344	226	185
150	344	226	186
148	344	227	186
147	344	227	187
159	336	228	187
157	335	228	187
156	335	229	187
156	334	229	188
155	334	230	188
154	333	230	189
153	333	231	189
153	332	231	189
152	332	232	190
151	331	232	190
150	331	233	191
144	329	228	187
143	328	228	187
142	327	228	187
141	327	228	187
140	326	229	187
138	326	229	188
137	325	229	188
136	324	229	188
135	324	229	188
134	323	230	188
133	322	230	188
142	331	223	183
140	330	223	183
140	330	222	182
139	330	222	182
139	329	222	182
138	329	222	182
138	329	222	182
137	329	221	182
137	329	221	181
136	329	221	181
135	329	221	181
141	335	232	190
140	334	231	189
140	335	232	190
139	335	232	190
139	335	232	190
139	335	233	191
139	335	233	191
139	336	234	191
138	336	234	191
138	336	234	192
138	336	235	192
116	318	237	194
115	318	237	194
114	317	237	194
112	316	238	195
111	315	238	195
109	314	239	195
108	313	239	196
106	313	240	196
105	312	240	196
104	311	241	197
102	310	241	197
87	323	247	202
85	322	247	202
83	322	248	202
81	321	248	203
78	321	249	204
76	321	250	204
74	321	251	205
72	321	251	205
69	321	252	206
67	321	253	207
65	321	254	207
112	327	237	194
109	326	237	194
110	327	237	194
110	327	237	194
111	327	236	193
111	327	236	193
112	327	236	193
112	328	236	193
113	328	235	193
113	328	235	192
113	328	235	192
140	317	242	198
140	317	241	197
142	316	241	197
144	316	241	197
146	315	242	198
148	315	242	198
149	314	242	198
151	314	242	198
153	314	242	198
155	313	242	198
157	313	242	198
173	309	252	206
174	308	252	206
177	307	252	206
180	307	253	207
182	306	253	207
185	305	254	208
188	305	255	208
190	304	255	209
193	303	256	209
196	303	257	210
198	302	257	210
202	304	262	215
204	303	262	215
207	302	263	216
210	302	264	216
212	301	265	217
215	301	265	218
218	300	266	219
220	300	267	219
223	299	268	220
226	298	269	221
228	298	270	221
238	307	267	219
240	306	267	219
243	306	268	220
246	306	269	220
249	306	269	221
252	306	270	221
255	306	270	222
258	306	271	222
261	306	272	223
265	306	272	223
268	306	273	224
258	300	272	223
261	299	272	223
263	299	273	223
265	299	273	224
268	298	274	224
270	298	274	225
272	298	275	225
274	297	275	225
277	297	276	226
279	296	276	226
281	296	277	227
271	305	272	223
273	304	272	223
274	304	272	223
276	304	272	223
278	304	273	223
279	305	273	224
281	305	273	224
282	305	273	224
284	305	273	224
285	305	274	224
287	305	274	224
262	304	272	223
263	304	272	223
263	304	272	223
263	304	272	223
263	304	272	223
263	304	272	223
263	304	272	223
264	304	272	223
264	304	272	223
264	304	272	223
264	304	272	223
284	304	262	215
284	304	262	215
285	304	261	214
286	304	260	214
287	304	260	213
288	304	259	213
289	304	259	212
291	304	258	212
292	304	258	212
293	304	257	211
294	304	257	211
279	309	272	223
280	308	271	222
280	309	271	222
280	309	272	223
280	309	272	223
281	310	272	223
281	310	273	223
281	310	273	224
281	310	273	224
282	311	273	224
282	311	274	224
271	302	278	228
271	302	278	228
270	302	278	228
270	301	279	229
270	301	279	229
269	301	280	229
269	300	280	230
268	300	281	230
268	300	281	231
268	300	282	231
267	299	282	231
278	304	272	223
277	303	272	223
277	303	272	223
277	303	272	223
278	303	272	223
278	303	272	222
278	303	271	222
278	303	271	222
278	303	271	222
279	303	271	222
279	303	271	222
278	304	272	223
278	303	271	222
278	303	271	222
278	303	271	222
278	303	271	222
278	303	271	222
278	304	271	222
278	304	271	222
278	304	271	222
279	304	271	222
279	304	271	222
271	302	267	219
271	302	266	218
270	301	266	218
270	301	266	218
270	301	265	218
269	301	265	217
269	301	265	217
269	301	265	217
268	301	264	217
268	301	264	216
267	301	264	216
261	298	278	228
260	297	277	227
259	297	278	228
259	297	278	228
258	297	279	228
257	296	279	229
257	296	280	229
256	296	280	230
255	296	281	230
254	295	281	230
254	295	281	231
255	309	272	223
254	308	272	223
253	309	272	223
253	309	272	223
252	310	272	223
251	310	272	223
251	311	271	222
250	311	271	222
249	312	271	222
249	312	271	222
248	313	271	222
237	314	272	223
236	314	271	222
235	315	271	222
233	315	271	222
232	316	271	222
231	316	271	222
230	317	271	222
228	317	271	222
227	318	271	222
226	318	271	222
225	319	271	222
202	302	278	228
200	302	277	227
198	302	278	228
195	301	278	228
193	301	278	228
190	300	279	228
188	300	279	229
186	299	279	229
183	299	280	229
181	298	280	229
178	298	280	230
197	302	278	228
194	301	278	228
193	301	278	228
191	301	278	228
190	300	278	228
189	300	278	228
188	300	279	228
186	300	279	228
185	299	279	229
184	299	279	229
182	299	279	229
237	302	267	219
235	301	267	219
237	301	266	218
239	301	266	218
240	301	265	217
242	301	264	217
244	301	264	216
246	301	263	216
248	301	263	215
249	301	262	215
251	301	262	214
281	285	267	219
282	284	266	218
286	283	266	218
289	282	265	218
292	282	265	217
295	281	265	217
299	280	265	217
302	279	264	217
305	278	264	217
309	277	264	216
312	276	264	216
262	290	278	228
265	289	277	227
265	288	278	228
265	288	278	228
266	288	279	229
266	288	279	229
266	288	280	229
267	288	280	230
267	287	281	230
267	287	281	231
268	287	282	231
276	294	267	219
276	293	267	219
277	294	267	219
277	294	266	218
278	294	266	218
279	294	266	218
279	294	265	217
280	295	265	217
281	295	265	217
282	295	264	217
282	295	264	216
298	299	267	219
298	299	266	218
300	299	266	218
301	299	266	218
303	300	266	218
304	300	265	218
306	301	265	217
307	301	265	217
309	301	265	217
310	302	265	217
312	302	264	217
297	298	278	228
298	298	277	227
299	298	278	228
299	298	278	228
300	298	279	229
300	298	279	229
301	298	280	230
302	298	281	230
302	299	281	230
303	299	282	231
303	299	282	231
294	299	267	219
294	299	267	219
294	299	267	219
294	299	266	218
294	299	266	218
294	299	266	218
294	299	265	217
294	299	265	217
294	299	265	217
294	299	264	217
294	299	264	216
288	301	262	215
288	301	261	214
287	301	261	214
287	301	260	213
286	301	260	213
286	301	259	213
286	301	259	212
285	301	258	212
285	302	258	212
285	302	257	211
284	302	257	211
288	301	262	215
287	301	261	214
287	301	261	214
287	301	261	214
287	301	260	214
286	301	260	214
286	301	260	213
286	301	260	213
286	301	260	213
286	301	260	213
286	301	259	213
288	301	262	215
287	301	261	214
287	301	261	214
287	301	261	214
287	301	261	214
287	301	261	214
287	301	261	214
287	301	261	214
287	301	261	214
287	301	261	214
287	301	261	214
285	299	267	219
284	299	266	218
284	298	267	219
284	298	267	219
284	298	267	219
284	298	267	219
284	298	268	220
283	298	268	220
283	298	268	220
283	298	269	220
283	298	269	220
276	295	267	219
275	294	267	219
275	294	267	219
274	294	267	219
274	294	267	219
273	293	267	219
272	293	267	219
272	293	267	219
271	293	268	219
271	292	268	219
270	292	268	220
286	300	257	210
285	299	257	210
285	299	256	209
286	300	256	209
286	300	255	208
286	300	255	208
286	300	254	207
287	300	254	207
287	300	253	206
287	301	252	206
288	301	252	205
287	302	262	215
287	302	261	214
287	302	261	214
287	302	261	214
287	302	261	214
288	302	261	214
288	303	261	214
288	303	261	214
288	303	261	214
289	303	261	215
289	303	261	215
287	306	262	215
287	306	262	215
287	306	262	215
287	306	262	215
287	307	262	215
287	307	262	215
287	307	262	215
287	308	262	215
287	308	262	215
287	308	262	215
287	308	262	215
274	305	262	215
274	305	262	215
273	305	262	215
272	305	262	215
271	305	262	215
271	305	262	215
270	305	262	215
269	305	262	215
269	305	262	215
268	305	262	215
267	305	262	215
274	310	262	215
273	310	262	215
272	310	262	215
272	310	262	215
272	310	262	215
272	311	262	215
271	311	262	215
271	311	262	215
271	312	262	215
270	312	262	215
270	312	262	215
282	305	262	215
281	305	262	215
282	305	262	215
282	304	262	215
282	304	262	215
283	304	262	215
283	304	262	215
283	304	262	215
284	304	262	215
284	304	262	215
284	303	262	215
273	306	272	223
273	305	271	222
273	305	272	223
272	305	273	223
272	305	273	224
272	305	274	224
271	305	274	225
271	305	275	225
271	305	275	226
270	305	276	226
270	305	276	226
272	303	267	219
271	302	267	219
271	302	267	219
271	302	267	219
271	302	267	219
270	302	267	219
270	302	267	219
270	301	267	219
270	301	267	219
269	301	267	219
269	301	267	219
277	316	257	210
276	315	256	209
276	316	256	209
277	317	255	208
277	317	255	208
277	318	254	207
277	319	253	207
277	319	253	206
278	320	252	206
278	320	252	205
278	321	251	205
277	311	257	210
277	311	256	209
277	311	256	209
277	311	255	208
277	311	255	208
277	311	255	208
277	311	255	208
277	311	254	208
277	311	254	207
278	311	254	207
278	311	254	207
286	312	247	202
286	312	246	201
286	312	246	201
287	312	245	200
287	312	244	200
288	312	244	199
288	312	243	199
289	312	242	198
289	312	242	198
290	312	241	197
290	312	240	197
286	312	247	202
286	312	246	201
286	312	246	201
286	312	245	201
287	312	245	200
287	312	245	200
287	312	245	200
287	312	244	200
288	312	244	199
288	312	244	199
288	312	243	199
281	316	257	210
281	316	256	209
281	316	257	210
280	316	257	210
280	316	258	210
280	316	258	211
280	317	259	211
280	317	259	212
279	317	260	212
279	317	260	212
279	318	260	213
281	320	267	219
280	320	267	219
280	320	268	220
280	320	269	220
280	321	269	221
280	321	270	222
280	321	271	222
280	322	272	223
280	322	272	224
279	322	273	224
279	323	274	225
279	316	278	228
278	316	278	228
278	316	279	229
278	316	280	230
278	316	281	231
278	315	282	231
278	315	283	232
278	315	284	233
277	315	285	234
277	315	286	234
277	315	287	235
274	307	289	237
273	306	289	237
273	306	290	238
273	305	291	239
272	305	292	240
272	304	293	241
272	304	294	241
271	303	295	242
271	303	296	243
271	302	297	244
270	301	298	245
275	306	278	228
274	305	278	228
274	305	278	228
274	304	278	228
274	304	278	228
274	304	278	228
274	303	277	227
274	303	277	227
274	303	277	227
273	303	277	227
273	302	276	227
273	313	272	223
272	312	271	222
272	312	271	222
272	313	270	222
272	313	270	221
272	313	269	221
272	314	269	220
272	314	268	220
271	314	268	219
271	314	267	219
271	315	267	219
271	305	278	228
270	305	277	227
270	304	277	227
270	304	277	227
270	304	277	227
270	304	278	228
270	303	278	228
269	303	278	228
269	303	278	228
269	302	278	228
269	302	278	228
274	312	272	223
273	311	272	223
273	311	271	222
274	312	271	222
274	312	271	222
274	312	271	222
274	312	270	222
274	313	270	221
274	313	270	221
274	313	270	221
274	313	269	221
272	318	267	219
272	318	266	218
272	318	266	218
271	319	265	218
271	319	265	217
271	320	265	217
271	320	264	217
271	320	264	216
271	321	263	216
271	321	263	216
271	322	263	215
247	324	272	223
246	324	271	222
245	324	271	222
244	325	271	222
242	326	271	222
241	326	272	223
239	327	272	223
238	327	272	223
237	328	272	223
235	328	272	223
234	329	272	223
242	324	284	232
240	324	284	232
239	324	284	232
238	324	285	233
237	325	286	233
236	325	287	234
236	325	287	234
235	325	288	235
234	325	289	235
233	326	290	236
232	326	290	237
247	329	284	232
246	329	284	232
246	329	285	232
245	329	285	233
245	330	285	233
245	330	286	233
245	330	286	233
245	331	286	234
245	331	287	234
245	331	287	234
245	332	287	234
239	327	289	237
238	327	289	237
238	327	289	237
238	327	290	237
237	327	290	238
237	327	290	238
236	327	291	239
236	327	291	239
236	327	291	239
235	327	292	240
235	327	292	240
207	325	295	242
206	325	295	242
204	324	295	242
202	324	296	243
200	324	296	243
198	324	297	244
196	324	297	244
194	324	298	244
192	324	298	245
190	324	299	245
188	323	299	246
210	323	289	237
208	322	289	237
207	322	289	237
206	322	289	237
205	322	289	237
205	322	288	236
204	322	288	236
203	321	288	236
203	321	288	236
202	321	288	236
201	321	288	236
218	325	284	232
217	324	283	231
217	324	283	231
217	324	283	231
218	324	282	230
218	325	282	230
218	325	282	230
218	325	281	229
219	325	281	229
219	325	280	229
219	325	280	228
220	318	289	237
220	318	288	236
220	317	288	236
220	317	288	236
221	316	288	237
221	316	289	237
221	316	289	237
221	315	289	237
222	315	289	237
222	315	289	237
222	314	289	237
209	322	301	247
209	321	301	247
208	321	301	247
208	321	302	248
207	321	303	249
207	321	304	249
206	321	304	250
206	321	305	250
205	322	306	251
205	322	307	252
204	322	307	252
209	322	301	247
208	322	301	247
208	322	302	247
208	322	302	248
207	322	302	248
207	322	303	248
207	322	303	249
207	322	303	249
206	322	304	249
206	322	304	249
206	322	304	250
206	325	307	252
205	325	307	252
205	325	307	252
205	325	308	253
205	325	308	253
204	325	309	253
204	325	309	254
204	326	309	254
204	326	310	254
203	326	310	255
203	326	311	255
196	330	307	252
195	330	307	252
195	330	307	252
194	330	307	252
193	331	307	252
193	331	308	252
192	331	308	253
191	332	308	253
191	332	308	253
190	333	308	253
189	333	309	253
194	328	301	247
193	328	301	247
192	328	300	246
192	328	300	246
192	328	300	246
191	328	300	246
191	328	299	245
191	328	299	245
190	328	299	245
190	328	298	245
189	328	298	245
191	325	307	252
190	325	306	251
190	324	306	251
190	324	307	252
189	324	307	252
189	324	307	252
189	324	307	252
188	324	307	252
188	323	308	252
188	323	308	253
187	323	308	253
166	325	307	252
165	324	307	252
164	324	307	252
162	324	307	252
161	324	307	252
159	324	307	252
158	324	307	252
156	324	307	252
155	324	307	252
153	324	308	252
152	324	308	252
169	327	301	247
167	326	301	247
167	327	300	246
166	327	300	246
166	327	300	246
165	327	299	246
165	327	299	245
164	327	299	245
164	327	299	245
163	327	298	245
163	327	298	244
191	325	307	252
190	325	306	251
191	325	306	251
192	324	307	252
193	324	307	252
194	324	307	252
195	324	307	252
197	324	307	252
198	324	308	252
199	324	308	253
200	324	308	253
234	347	301	247
235	346	301	247
237	348	300	246
240	349	300	246
243	350	300	246
246	351	300	246
249	352	300	246
252	354	299	246
255	355	299	245
258	356	299	245
261	357	299	245
273	362	301	247
275	363	300	246
279	364	300	246
282	365	300	246
286	367	300	246
289	368	300	246
292	370	300	246
296	371	300	246
299	372	299	246
303	374	299	246
306	375	299	245
349	377	289	237
352	378	288	236
357	379	288	236
363	381	287	235
369	382	286	235
374	383	286	234
380	385	285	233
385	386	284	233
391	387	283	232
396	389	283	232
402	390	282	231
450	381	278	228
455	382	277	227
463	383	276	226
471	383	275	225
479	384	274	225
487	385	273	224
495	386	272	223
502	386	271	222
510	387	270	222
518	388	269	221
526	389	269	220
534	372	267	219
541	372	266	218
549	372	265	217
557	372	264	216
565	372	263	215
573	371	262	215
581	371	261	214
589	371	260	213
596	371	259	212
604	370	258	211
612	370	257	211
623	372	257	210
630	371	256	209
638	371	255	208
646	371	254	207
654	371	253	206
662	371	252	205
670	371	251	205
678	370	250	204
686	370	249	203
694	370	248	202
702	370	247	201
710	373	267	219
718	372	266	218
725	372	266	218
733	372	266	218
741	372	266	218
749	372	266	218
757	372	267	219
765	372	267	219
773	372	267	219
781	372	267	219
789	372	267	219
773	363	278	228
780	363	278	228
787	362	278	228
794	361	279	229
800	361	280	230
807	360	281	230
813	360	281	231
820	359	282	231
827	359	283	232
833	358	284	233
840	358	284	233
814	354	289	237
820	353	289	237
825	352	290	238
830	351	291	239
834	351	292	239
839	350	293	240
844	349	294	241
849	349	295	242
853	348	296	243
858	347	297	243
863	346	298	244
836	337	284	232
840	336	284	232
843	335	285	232
846	333	285	232
849	332	285	232
852	331	285	232
855	330	285	232
858	328	285	232
861	327	285	232
864	326	285	233
867	325	285	233
798	334	278	228
801	332	278	228
799	332	277	227
798	331	277	227
797	330	277	227
796	330	276	227
795	329	276	226
794	328	276	226
793	327	275	226
792	327	275	226
791	326	275	225
805	341	272	223
803	340	271	222
803	340	271	222
803	340	270	221
803	340	270	221
802	340	269	221
802	341	269	220
802	341	268	220
802	341	268	220
801	341	267	219
801	341	267	219
868	294	284	232
867	294	283	231
871	291	283	231
874	289	284	232
878	286	284	232
881	284	285	232
884	281	285	233
888	279	286	233
891	276	286	233
895	274	287	234
898	271	287	234
848	287	278	228
851	284	278	228
851	282	278	228
852	281	278	228
852	279	278	228
853	278	278	228
853	276	277	228
854	275	277	228
854	273	277	228
854	272	277	227
855	270	277	227
871	287	267	219
871	285	266	218
872	284	266	218
873	284	265	217
875	283	264	217
876	283	264	216
877	282	263	216
879	282	262	215
880	281	262	215
881	281	261	214
882	280	260	214
875	296	257	210
876	295	256	209
877	295	255	208
877	296	254	207
878	296	253	207
879	296	252	206
880	297	252	205
880	297	251	205
881	297	250	204
882	298	249	203
883	298	248	202
901	292	247	202
901	292	246	201
903	292	245	200
905	292	244	199
906	292	243	199
908	292	242	198
910	292	241	197
912	292	240	196
913	292	239	196
915	292	238	195
917	292	238	194
895	283	257	210
896	282	256	209
897	282	256	209
897	281	256	209
897	281	256	209
898	280	256	209
898	280	257	210
899	279	257	210
899	279	257	210
899	278	257	210
900	278	257	210
929	296	247	202
929	295	247	202
931	295	246	201
933	296	246	201
935	296	245	201
937	297	245	200
939	297	245	200
941	298	244	200
943	298	244	199
945	299	243	199
947	299	243	199
922	300	237	194
923	300	236	193
924	300	235	193
924	301	235	192
925	301	234	191
925	302	233	191
926	302	232	190
926	303	232	190
927	303	231	189
927	304	230	188
928	304	229	188
856	288	247	202
856	288	246	201
852	287	246	201
849	287	246	201
845	287	246	201
842	286	247	202
838	286	247	202
835	285	247	202
831	285	247	202
827	284	248	202
824	284	248	203
800	269	252	206
796	268	252	206
791	267	252	206
786	265	253	206
782	264	253	207
777	263	253	207
772	262	254	207
768	260	254	208
763	259	255	208
758	258	255	208
753	256	256	209
779	253	262	215
774	251	262	215
771	250	263	215
768	248	263	216
765	247	264	217
761	245	265	217
758	244	266	218
755	243	266	219
752	241	267	219
749	240	268	220
746	238	269	221
733	239	272	223
729	237	272	223
726	236	273	224
722	234	274	225
718	233	275	225
715	232	276	226
711	230	277	227
707	229	277	227
704	228	278	228
700	226	279	229
697	225	280	230
747	252	262	215
743	250	262	215
742	250	262	215
741	251	262	215
741	251	262	215
740	251	262	215
739	251	261	214
739	251	261	214
738	252	261	214
737	252	261	214
737	252	260	214
786	261	262	215
785	261	261	214
787	261	261	214
789	262	261	214
791	263	261	214
793	263	261	214
795	264	261	214
797	265	260	214
799	265	260	214
801	266	260	213
803	267	260	213
780	259	257	210
782	259	256	209
782	259	256	209
783	260	256	209
783	260	255	208
784	260	255	208
785	260	255	208
785	260	254	207
786	260	254	207
787	261	254	207
787	261	253	207
780	260	257	210
780	260	256	209
780	260	256	209
780	260	256	209
781	260	256	209
781	260	256	209
781	260	255	209
781	260	255	208
781	260	255	208
781	260	255	208
782	261	255	208
774	257	262	215
774	257	261	214
773	256	262	215
773	256	262	215
773	256	262	215
772	256	262	215
772	256	263	216
772	256	263	216
772	256	263	216
771	256	263	216
771	255	263	216
776	260	267	219
775	259	267	219
775	259	267	219
775	260	268	219
775	260	268	220
775	260	268	220
775	260	269	220
775	260	269	221
775	260	269	221
775	260	270	221
775	260	270	222
773	257	272	223
772	257	272	223
772	256	272	223
772	256	273	224
772	256	273	224
772	256	274	224
772	256	274	225
771	256	275	225
771	256	275	225
771	256	275	226
771	256	276	226
737	244	272	223
736	243	272	223
734	243	272	223
732	242	272	223
730	241	272	223
728	240	273	223
726	240	273	224
724	239	273	224
722	238	273	224
720	237	273	224
718	236	273	224
702	233	278	228
699	232	278	228
697	231	278	228
694	230	278	228
691	229	279	229
688	228	279	229
685	227	280	229
682	226	280	230
679	225	280	230
677	224	281	230
674	223	281	231
693	237	278	228
690	236	278	228
688	235	278	228
686	235	278	228
685	235	278	228
683	235	279	228
681	235	279	228
680	235	279	229
678	234	279	229
676	234	279	229
675	234	279	229
727	227	272	223
725	226	272	223
726	226	271	222
727	225	271	222
729	225	271	222
730	224	271	222
731	223	270	221
733	223	270	221
734	222	270	221
735	222	269	221
737	221	269	221
689	218	284	232
690	217	283	231
688	216	284	232
687	215	284	232
686	215	285	232
684	214	285	233
683	213	286	233
681	212	286	234
680	212	287	234
678	211	287	234
677	210	288	235
705	220	278	228
703	219	278	228
703	219	278	228
703	218	278	228
704	218	278	228
704	218	278	228
704	218	278	228
704	218	278	228
704	217	277	228
704	217	277	228
705	217	277	228
704	227	272	223
704	226	271	222
704	227	271	222
704	227	271	222
704	227	270	222
704	228	270	221
704	228	269	221
704	228	269	221
704	229	269	220
705	229	268	220
705	229	268	220
577	230	262	215
577	230	261	214
570	230	260	214
563	231	260	213
556	231	259	212
549	231	258	212
542	232	257	211
535	232	257	211
528	232	256	210
521	232	255	210
514	233	255	209
565	235	252	206
557	235	251	205
554	235	250	204
550	236	249	203
546	236	248	203
542	236	247	202
538	237	246	201
535	237	246	200
531	238	245	200
527	238	244	199
523	238	243	198
539	235	262	215
535	235	261	214
532	235	261	214
529	235	261	214
526	235	261	214
524	236	261	215
521	236	262	215
518	236	262	215
516	236	262	215
513	236	262	215
510	236	263	216
539	239	272	223
536	239	272	223
535	239	272	223
534	239	273	224
533	239	274	224
532	240	275	225
531	240	275	226
530	240	276	226
529	241	277	227
528	241	277	227
527	241	278	228
548	256	262	215
546	256	262	215
547	257	262	215
547	258	262	215
547	259	261	214
547	260	261	214
547	261	261	214
548	262	261	214
548	263	260	214
548	264	260	213
548	265	260	213
529	257	272	223
529	258	271	222
528	258	272	223
527	259	272	223
526	259	272	223
525	260	273	224
524	260	273	224
523	261	274	224
522	261	274	225
521	262	274	225
521	262	275	225
500	258	278	228
499	258	278	228
497	258	278	228
495	258	279	229
493	259	279	229
491	259	280	230
488	259	281	230
486	259	281	230
484	260	282	231
482	260	282	231
480	260	283	232
503	283	272	223
500	283	272	223
500	284	272	223
499	286	272	223
498	287	272	223
498	289	272	223
497	290	271	222
496	291	271	222
496	293	271	222
495	294	271	222
494	296	271	222
507	292	272	223
506	293	271	222
506	294	271	222
506	295	271	222
506	296	271	222
506	298	271	222
506	299	271	222
506	300	271	222
506	301	271	222
506	302	271	222
506	303	271	222
500	294	267	219
500	295	266	218
499	295	266	218
499	296	266	218
499	296	265	218
498	297	265	217
498	297	265	217
498	298	265	217
497	298	264	217
497	299	264	216
497	299	264	216
496	294	267	219
495	294	266	218
495	294	266	218
494	294	266	218
494	295	266	218
494	295	266	218
493	295	266	218
493	295	265	218
493	295	265	218
492	295	265	217
492	296	265	217
496	290	267	219
495	290	266	218
495	290	266	218
495	289	266	218
495	289	266	218
495	289	266	218
494	289	266	218
494	289	266	218
494	288	266	218
494	288	266	218
494	288	266	218
498	297	272	223
497	296	271	222
497	297	272	223
497	297	272	223
498	297	272	223
498	298	273	223
498	298	273	224
498	298	273	224
498	298	273	224
498	299	274	224
498	299	274	224
496	299	267	219
496	299	267	219
495	299	267	219
495	299	266	218
495	300	266	218
495	300	266	218
495	300	266	218
495	300	266	218
495	301	266	218
495	301	266	218
495	301	265	218
505	299	267	219
504	299	266	218
505	299	266	218
505	299	266	218
506	299	266	218
506	299	266	218
507	299	266	218
507	299	266	218
508	299	266	218
508	300	266	218
509	300	266	218
496	299	267	219
496	299	266	218
496	299	266	218
495	299	266	218
495	299	266	218
495	299	266	218
495	299	266	218
494	299	266	218
494	299	266	218
494	299	266	218
493	299	266	218
501	304	267	219
500	304	266	218
500	304	266	218
500	304	266	218
501	304	266	218
501	305	266	218
501	305	266	218
501	305	266	218
501	306	266	218
501	306	266	218
501	306	266	218
509	308	267	219
509	308	266	218
509	308	266	218
510	308	266	218
510	309	266	218
511	309	266	218
511	310	266	218
512	310	266	218
512	310	266	218
513	311	266	218
513	311	266	218
509	312	267	219
509	312	266	218
509	312	266	218
509	313	266	218
510	313	266	218
510	313	266	218
510	314	266	218
510	314	266	218
511	314	266	218
511	315	266	218
511	315	266	218
511	300	272	223
511	300	271	222
511	299	272	223
511	299	272	223
511	298	272	223
511	298	273	223
512	297	273	224
512	297	273	224
512	296	273	224
512	296	274	224
512	295	274	224
504	302	267	219
504	301	267	219
503	301	267	219
503	301	266	218
503	301	266	218
502	300	266	218
502	300	266	218
502	300	266	218
501	300	266	218
501	300	266	218
501	300	265	218
500	307	267	219
499	306	266	218
499	307	266	218
498	307	266	218
498	307	266	218
498	307	266	218
497	308	266	218
497	308	266	218
497	308	266	218
496	308	266	218
496	309	266	218
501	311	257	210
500	311	256	209
500	311	256	209
500	311	255	208
500	312	255	208
500	312	254	207
500	312	254	207
500	313	253	206
499	313	252	206
499	313	252	205
499	314	251	205
503	317	262	215
502	317	261	214
502	317	261	214
503	318	261	214
503	318	261	214
503	319	261	214
503	319	261	214
503	320	261	214
503	320	261	214
503	321	261	214
503	321	261	214
506	313	272	223
506	313	272	223
506	313	272	223
506	313	273	224
506	313	273	224
506	313	274	225
507	313	275	225
507	313	275	226
507	313	276	226
507	313	276	227
507	313	277	227
515	318	272	223
515	317	272	223
515	318	272	223
516	318	273	223
516	318	273	224
517	318	273	224
518	319	273	224
518	319	274	224
519	319	274	225
519	319	274	225
520	320	274	225
516	317	272	223
516	317	272	223
516	317	272	223
517	317	272	223
517	317	272	223
517	317	272	223
518	317	272	223
518	317	272	223
518	317	272	223
519	317	272	223
519	317	273	223
518	315	267	219
518	315	267	219
518	314	266	218
518	314	266	218
518	314	266	218
519	314	266	218
519	314	265	218
519	314	265	217
519	314	265	217
520	314	265	217
520	314	264	217
507	313	272	223
507	312	271	222
506	312	271	222
506	312	272	223
505	312	272	223
505	312	272	223
504	312	272	223
504	311	272	223
503	311	272	223
502	311	273	223
502	311	273	223
502	309	272	223
501	308	272	223
500	308	272	223
500	308	272	223
499	307	272	223
499	307	272	223
498	307	272	223
498	307	272	223
497	306	272	223
497	306	272	223
496	306	272	223
507	318	272	223
506	317	272	223
506	318	272	223
506	318	272	223
506	318	272	223
506	319	272	223
506	319	272	223
506	319	272	223
506	320	272	223
507	320	272	223
507	321	272	223
502	318	272	223
502	318	272	223
501	318	272	223
501	318	272	223
501	318	272	223
501	319	272	223
500	319	272	223
500	319	272	223
500	319	272	223
500	319	272	223
500	320	272	223
500	316	278	228
499	316	278	228
499	316	278	228
499	316	278	228
499	316	279	228
498	315	279	229
498	315	279	229
498	315	280	229
498	315	280	229
498	315	280	230
497	315	281	230
503	323	272	223
502	322	272	223
502	323	272	223
502	323	271	222
503	324	271	222
503	324	271	222
503	324	271	222
503	325	271	222
503	325	271	222
503	325	270	222
503	326	270	221
496	324	267	219
496	324	266	218
495	324	266	218
495	324	266	218
495	325	265	217
494	325	265	217
494	325	264	217
494	325	264	217
493	325	264	216
493	326	263	216
493	326	263	216
487	329	267	219
486	329	266	218
486	329	266	218
485	329	266	218
484	330	266	218
484	330	265	218
483	330	265	218
482	331	265	217
482	331	265	217
481	332	265	217
480	332	265	217
485	326	272	223
484	326	271	222
483	326	272	223
483	326	272	223
483	326	272	223
482	326	272	223
482	326	272	223
482	326	273	223
481	326	273	224
481	326	273	224
480	326	273	224
481	335	262	215
480	334	262	215
480	335	261	214
479	335	261	214
479	336	260	214
479	336	260	213
478	337	260	213
478	337	259	213
478	338	259	212
477	338	258	212
477	339	258	211
480	335	272	223
479	335	271	222
479	335	271	222
479	335	272	223
479	336	272	223
478	336	272	223
478	336	273	224
478	336	273	224
478	336	273	224
478	337	274	224
477	337	274	225
478	341	267	219
477	341	267	219
477	341	267	219
477	342	267	219
477	342	267	219
477	342	266	218
476	343	266	218
476	343	266	218
476	344	266	218
476	344	266	218
476	344	266	218
483	345	267	219
482	345	266	218
483	345	266	218
483	346	266	218
483	346	266	218
483	346	266	218
483	347	266	218
484	347	266	218
484	348	266	218
484	348	266	218
484	348	266	218
481	351	262	215
481	351	261	214
481	351	261	214
481	352	261	214
481	352	261	214
481	353	260	213
481	353	260	213
481	354	260	213
481	354	259	213
481	355	259	213
481	355	259	212
478	344	267	219
477	344	266	218
477	344	266	218
477	344	266	218
477	343	267	219
477	343	267	219
477	343	267	219
476	343	267	219
476	343	267	219
476	342	267	219
476	342	268	219
485	351	262	215
484	350	262	215
485	351	261	214
485	351	261	214
485	351	261	214
486	351	261	214
486	352	261	214
486	352	260	214
486	352	260	214
487	352	260	213
487	353	260	213
493	355	262	215
493	355	261	214
493	355	261	214
494	355	261	214
495	356	261	214
495	356	261	214
496	357	261	214
496	357	261	214
497	357	261	214
498	358	261	214
498	358	260	214
489	350	272	223
489	350	271	222
489	350	272	223
489	350	272	223
489	349	273	224
489	349	273	224
