125	265	287	420
133	268	281	411
134	270	283	414
135	273	286	419
136	275	289	423
138	278	292	427
139	281	294	431
140	283	297	435
142	286	300	439
143	289	303	443
144	291	305	447
146	294	308	451
180	217	270	395
184	212	269	393
188	207	268	392
192	203	267	390
197	198	266	389
201	193	265	387
205	189	264	386
209	184	263	384
214	180	262	383
218	175	261	382
222	170	260	380
237	177	275	403
241	172	274	401
246	168	274	401
251	164	274	401
256	160	274	401
260	156	274	401
265	152	273	401
270	148	273	401
275	144	273	401
280	140	273	401
285	136	273	401
248	173	265	388
252	169	264	387
255	167	264	387
257	165	263	386
260	163	263	385
262	162	262	384
265	160	262	384
267	158	261	383
270	156	261	382
272	155	260	381
275	153	260	380
289	190	265	388
291	188	264	387
294	188	264	386
297	189	263	386
300	189	263	386
304	189	263	385
307	190	263	385
310	190	263	385
313	191	262	384
316	191	262	384
319	191	262	384
310	225	254	372
313	225	253	371
315	227	253	370
317	229	252	369
320	232	251	368
322	234	251	367
325	236	250	366
327	238	249	365
330	240	248	364
332	243	248	363
334	245	247	362
321	254	244	358
323	256	243	357
324	258	242	355
326	261	241	354
327	263	240	353
329	266	239	352
330	269	239	350
332	271	238	349
334	274	237	348
335	276	236	347
337	279	235	346
318	242	240	351
319	244	239	349
319	244	238	348
320	245	238	348
320	245	237	347
321	246	236	346
321	246	236	345
321	246	235	344
322	247	235	343
322	247	234	342
322	247	234	341
262	190	244	358
262	190	243	357
259	187	243	357
256	184	243	357
253	181	243	357
250	178	243	357
247	176	243	357
244	173	243	357
241	170	243	357
238	167	243	357
235	164	243	357
274	205	254	372
270	202	254	372
270	201	254	372
269	201	255	373
268	200	255	374
268	200	256	375
267	199	256	376
266	199	257	377
266	198	258	378
265	198	258	378
264	197	259	379
297	221	254	372
296	220	254	372
297	221	254	373
298	222	255	373
299	223	255	373
300	223	255	374
301	224	255	374
303	225	256	375
304	226	256	375
305	227	256	375
306	228	256	376
280	227	254	372
281	227	254	372
280	228	254	372
280	229	254	372
279	230	254	372
279	230	254	372
279	231	254	372
278	232	254	373
278	232	254	373
277	233	254	373
277	234	255	373
291	244	254	372
290	244	254	372
290	245	254	372
291	247	254	372
291	248	254	372
292	249	254	372
292	250	254	372
292	252	254	372
293	253	254	372
293	254	254	372
293	255	254	372
260	263	259	380
260	264	259	380
258	265	259	380
257	267	259	380
255	268	259	381
254	270	260	381
252	272	260	382
251	273	260	382
249	275	261	383
248	276	261	383
246	278	261	384
281	255	249	365
279	256	249	365
279	256	248	364
280	256	248	364
280	257	247	363
281	257	247	362
281	257	247	362
282	257	246	361
282	257	246	361
283	258	245	360
283	258	245	359
308	223	249	365
308	223	248	364
310	221	248	364
312	219	248	363
313	217	247	363
315	216	247	363
317	214	247	362
319	212	247	362
320	210	247	362
322	208	246	361
324	207	246	361
316	316	244	358
317	314	243	357
319	318	243	357
320	322	243	356
321	327	242	356
322	331	242	355
323	335	242	355
325	340	241	354
326	344	241	354
327	349	241	353
328	353	240	353
320	349	235	344
321	353	234	343
321	357	234	342
322	361	233	341
323	364	232	340
323	368	232	339
324	372	231	338
325	376	230	337
325	380	230	336
326	384	229	335
327	388	228	334
305	380	244	358
305	383	243	357
305	387	243	357
304	390	243	357
303	393	244	358
303	396	244	358
302	399	244	358
302	403	244	359
301	406	244	359
300	409	245	359
300	412	245	360
294	397	235	344
293	400	235	344
292	402	234	343
291	404	234	343
290	406	234	342
289	408	233	342
288	410	233	341
287	413	233	341
286	415	232	340
286	417	232	339
285	419	232	339
292	372	240	351
291	374	239	350
290	373	239	350
290	372	239	350
289	372	239	350
289	371	240	350
288	371	240	351
288	370	240	351
287	369	240	351
287	369	240	351
286	368	240	351
302	389	230	337
301	388	230	337
301	388	229	336
302	389	229	335
302	390	228	335
303	390	228	334
303	391	227	333
303	391	227	332
304	392	226	332
304	392	226	331
305	393	225	330
330	352	221	324
330	352	220	323
332	350	219	322
333	349	219	321
335	347	218	320
337	345	217	319
339	343	216	318
340	341	216	317
342	340	215	316
344	338	214	315
346	336	214	313
330	391	213	312
331	389	212	310
332	390	211	309
333	391	210	308
334	393	210	307
334	394	209	306
335	395	208	305
336	397	207	304
337	398	207	303
337	399	206	302
338	401	205	301
315	406	213	312
315	407	212	310
315	408	211	310
314	410	211	310
313	411	211	309
313	413	211	309
312	414	210	308
312	416	210	308
311	418	210	307
311	419	209	307
310	421	209	307
299	403	217	318
298	404	216	317
297	404	216	317
296	405	216	317
294	405	217	318
293	406	217	318
292	406	217	318
291	407	217	318
290	407	217	318
288	408	217	319
287	408	217	319
309	389	217	318
307	389	217	318
307	388	217	318
307	388	217	318
307	387	217	318
308	386	217	318
308	386	217	318
308	385	217	318
308	384	217	319
308	384	217	319
308	383	217	319
299	404	209	305
299	403	209	305
298	403	208	304
298	404	208	303
297	404	207	303
297	405	207	302
296	405	206	301
296	406	206	301
295	406	206	300
295	407	205	299
294	407	205	298
299	398	217	318
298	398	216	317
298	398	216	317
298	398	217	318
297	398	217	318
297	398	217	318
297	398	217	319
297	398	218	319
297	398	218	320
296	397	218	320
296	397	218	321
306	401	213	312
305	400	213	312
306	401	213	312
306	401	213	312
306	401	213	312
307	401	212	311
307	401	212	311
307	401	212	311
308	401	212	311
308	401	212	311
308	401	212	311
311	396	213	312
311	396	212	311
311	395	212	311
312	395	212	311
312	395	212	311
313	395	212	311
313	394	212	311
313	394	212	311
314	394	212	311
314	394	212	311
315	394	212	311
307	377	213	312
307	376	212	311
307	375	212	311
307	374	212	311
307	373	212	311
307	372	212	311
307	370	212	311
307	369	212	311
307	368	212	311
307	367	212	311
307	366	212	311
333	355	217	318
332	353	216	317
334	352	217	318
335	350	217	318
337	348	217	318
338	346	217	319
339	345	218	319
341	343	218	319
342	341	218	320
344	340	218	320
345	338	218	320
346	355	217	318
347	353	217	318
348	352	217	318
350	351	217	318
351	351	217	318
352	350	217	318
354	349	217	319
355	349	217	319
356	348	217	319
358	347	217	319
359	346	218	319
346	375	209	305
347	374	209	305
347	375	208	304
348	376	208	303
348	376	207	303
349	377	207	302
349	378	207	301
350	379	206	301
351	380	206	300
351	381	205	299
352	382	205	299
327	359	217	318
327	359	216	317
326	359	216	317
325	359	217	318
324	358	217	318
323	358	217	318
323	357	217	319
322	357	218	319
321	356	218	320
320	356	218	320
319	355	218	321
315	357	221	324
314	356	221	324
313	356	221	324
311	355	221	325
310	355	222	326
309	355	222	326
308	354	223	327
307	354	223	327
306	354	223	328
305	353	224	328
304	353	224	329
330	361	221	324
328	360	221	324
329	360	221	324
329	360	221	325
330	360	221	325
330	360	221	325
330	361	222	325
331	361	222	325
331	361	222	326
332	361	222	326
332	361	222	326
341	360	217	318
341	360	217	318
342	360	216	317
343	360	216	317
343	360	216	317
344	360	216	317
345	360	216	316
346	360	216	316
347	360	215	316
348	360	215	316
349	360	215	315
346	334	226	331
346	334	225	330
347	332	226	331
348	331	226	331
348	329	227	332
349	328	227	333
350	326	227	333
350	325	228	334
351	323	228	334
351	322	229	335
352	320	229	336
331	306	235	344
331	304	235	344
331	302	236	345
330	300	236	346
329	297	237	347
329	295	238	348
328	293	238	349
328	291	239	350
327	289	240	351
326	286	240	352
326	284	241	353
348	299	244	358
347	296	244	358
348	295	245	360
348	294	246	361
349	292	247	362
349	291	247	363
350	290	248	364
351	289	249	366
351	287	250	367
352	286	250	368
353	285	251	369
348	304	244	358
348	302	244	359
348	302	245	359
349	302	245	360
349	302	245	360
349	302	246	361
350	301	246	361
350	301	246	362
350	301	246	362
351	301	247	362
351	301	247	363
352	316	235	344
352	315	235	344
352	316	234	343
352	317	234	343
353	317	234	342
353	318	233	341
353	319	233	341
354	319	232	340
354	320	232	340
354	321	232	339
355	321	231	338
353	303	244	358
353	303	243	357
353	303	243	357
353	302	244	358
353	302	244	358
354	302	244	359
354	301	245	359
354	301	245	360
354	300	245	360
354	300	246	361
354	299	246	361
383	326	235	344
383	325	235	344
384	326	234	343
386	327	234	343
388	328	234	342
390	329	233	342
391	330	233	341
393	331	233	341
395	332	232	340
396	333	232	340
398	335	232	339
396	324	230	337
397	325	229	336
399	325	229	335
400	325	228	335
402	326	228	334
403	326	227	333
405	326	227	333
406	327	226	332
408	327	226	331
409	328	226	331
411	328	225	330
395	331	221	324
396	331	220	323
396	331	219	322
397	332	219	321
398	332	218	320
398	333	217	319
399	333	217	318
399	334	216	317
400	334	215	316
400	335	215	315
401	335	214	314
395	342	213	312
395	342	212	311
395	343	211	309
395	344	210	308
395	344	210	307
396	345	209	306
396	346	208	305
396	347	207	304
396	348	207	303
396	348	206	302
396	349	205	301
394	348	204	299
394	348	203	297
394	349	202	296
394	350	201	295
394	350	200	294
394	351	200	293
394	352	199	292
394	352	198	291
394	353	197	289
393	354	197	288
393	354	196	287
381	342	213	312
380	342	212	310
380	342	212	311
379	342	212	311
378	342	212	311
378	342	212	311
377	342	213	312
376	342	213	312
375	342	213	312
375	342	213	313
374	341	213	313
367	336	221	324
366	335	221	324
365	335	221	325
364	335	222	325
362	334	222	326
361	334	223	327
360	333	224	328
359	333	224	329
358	333	225	330
357	332	225	331
356	332	226	331
358	324	230	337
356	323	230	337
355	322	231	338
354	321	232	340
354	321	232	341
353	320	233	342
352	319	234	343
351	318	235	344
350	317	235	345
349	316	236	346
348	316	237	347
358	328	240	351
357	327	240	352
356	327	241	353
356	326	242	354
355	326	243	355
355	326	244	356
355	326	245	358
354	326	245	359
354	326	246	360
354	326	247	361
353	325	248	363
363	329	230	337
362	328	230	338
362	328	230	337
362	328	230	337
363	329	230	337
363	329	229	337
363	329	229	336
363	329	229	336
363	329	229	336
363	329	229	335
364	329	228	335
371	341	235	344
371	341	234	343
371	341	234	343
372	342	235	344
372	343	235	344
373	343	235	344
373	344	235	344
374	345	235	344
374	345	235	345
375	346	235	345
376	347	235	345
355	339	244	358
355	339	244	358
354	339	244	359
354	340	245	359
353	340	245	360
352	340	246	361
352	340	246	362
351	340	247	363
350	341	248	364
350	341	248	365
349	341	249	366
360	339	244	358
359	339	244	358
359	339	244	359
359	339	245	359
359	339	245	360
359	339	245	360
359	339	245	360
359	339	246	361
359	339	246	361
358	339	246	361
358	339	246	362
368	341	249	365
367	341	249	365
368	341	249	365
368	341	249	366
369	341	250	366
369	341	250	367
370	341	251	367
370	341	251	368
371	341	251	368
371	342	252	369
372	342	252	369
352	321	259	380
352	321	259	380
351	320	260	381
351	319	260	382
350	317	261	383
349	316	262	384
349	315	262	385
348	314	263	386
347	313	264	387
347	312	264	388
346	311	265	389
346	335	249	365
345	333	249	366
344	334	249	365
343	334	249	365
343	334	248	364
342	335	248	364
342	335	248	364
341	335	248	363
340	336	247	363
340	336	247	362
339	336	247	362
346	340	249	365
345	340	248	364
345	340	248	364
344	341	248	364
344	341	248	363
344	342	248	363
344	342	247	363
343	343	247	363
343	343	247	362
343	344	247	362
343	344	247	362
325	315	240	351
324	315	239	350
323	314	239	349
322	313	238	349
321	311	238	348
319	310	237	347
318	309	237	346
317	308	236	345
316	307	235	344
314	305	235	343
313	304	234	343
494	227	249	365
492	225	248	364
501	220	248	364
510	214	248	364
519	209	249	365
528	204	249	365
536	198	249	366
545	193	250	366
554	187	250	366
563	182	250	367
572	176	250	367
348	298	259	380
356	292	259	380
352	294	259	381
348	295	260	382
344	297	261	383
340	298	262	384
336	300	262	385
332	301	263	386
328	303	264	387
324	305	264	388
320	306	265	389
336	332	249	365
331	333	249	366
328	336	249	365
325	339	249	365
322	342	248	364
319	345	248	364
316	348	248	364
313	350	248	363
310	353	247	363
308	356	247	363
305	359	247	362
336	376	240	351
332	378	239	350
331	382	239	349
330	386	238	348
329	389	237	347
328	393	237	346
327	397	236	345
326	400	235	344
325	404	235	343
324	408	234	342
323	411	233	341
341	383	230	337
339	386	229	335
339	388	228	334
339	390	227	333
339	392	226	332
339	394	226	331
339	395	225	329
339	397	224	328
339	399	223	327
339	401	222	326
339	403	221	325
341	376	240	351
340	377	239	349
340	378	239	350
341	378	239	350
341	378	239	350
341	378	240	350
341	379	240	351
341	379	240	351
341	379	240	351
341	379	240	352
341	379	241	352
346	373	230	337
346	373	230	337
346	373	229	336
346	372	229	336
346	372	228	335
347	372	228	334
347	372	228	334
347	372	227	333
348	372	227	333
348	371	226	332
348	371	226	332
345	380	221	324
345	379	220	323
345	380	219	322
345	380	219	321
345	380	218	320
345	381	217	319
345	381	217	318
345	381	216	317
345	381	215	316
345	382	215	315
345	382	214	314
354	386	213	312
354	386	212	311
354	386	211	309
355	387	210	308
355	387	210	307
356	388	209	306
356	388	208	305
357	389	207	304
357	389	207	303
358	390	206	302
358	390	205	301
359	381	213	312
359	381	212	310
360	381	211	310
360	381	211	310
361	381	211	309
361	381	211	309
362	381	210	308
362	380	210	308
363	380	210	307
363	380	209	307
364	380	209	307
359	381	213	312
359	380	212	311
359	380	212	311
359	380	212	311
360	380	212	311
360	380	212	311
360	380	212	310
360	380	212	310
360	380	212	310
361	380	212	310
361	380	211	310
355	365	221	324
355	364	220	323
355	364	221	324
354	363	221	325
354	362	222	325
354	361	222	326
354	360	223	327
354	359	223	327
354	358	223	328
353	357	224	328
353	356	224	329
373	371	213	312
372	370	213	312
373	370	213	312
374	369	212	311
375	369	212	311
376	369	212	311
377	369	212	310
378	369	211	310
379	369	211	310
380	369	211	309
381	369	211	309
374	369	221	324
374	368	220	323
375	368	221	324
375	368	221	324
376	368	221	325
376	368	221	325
377	368	222	325
377	368	222	326
378	368	222	326
378	368	223	327
379	368	223	327
416	385	213	312
416	384	213	312
418	385	213	312
421	386	212	311
423	387	212	311
426	388	212	310
428	389	211	310
431	390	211	309
433	390	211	309
436	391	210	308
438	392	210	308
390	388	209	305
392	388	208	304
392	389	208	303
391	389	207	303
391	390	207	302
391	391	207	302
390	391	206	301
390	392	206	300
389	392	206	300
389	393	205	299
389	393	205	299
388	390	213	312
387	390	212	311
387	390	212	311
386	391	212	311
386	391	212	311
385	391	212	311
385	392	212	312
385	392	213	312
384	392	213	312
384	393	213	312
383	393	213	312
384	388	221	324
383	388	221	324
383	388	221	324
382	388	222	325
382	388	222	326
382	388	223	327
381	388	223	327
381	388	224	328
380	388	224	329
380	388	225	330
380	388	225	331
372	380	226	331
371	379	226	331
370	379	226	332
369	379	227	333
369	378	227	333
368	378	228	334
367	377	228	335
366	377	229	336
365	376	229	336
365	376	230	337
364	375	230	338
372	356	226	331
371	355	226	331
370	354	226	332
370	352	226	332
370	350	227	332
369	349	227	332
369	347	227	333
369	346	227	333
368	344	227	333
368	343	228	333
368	341	228	334
372	350	226	331
371	348	226	331
371	347	226	331
371	346	226	331
371	345	226	331
371	344	226	331
371	343	226	331
371	342	226	331
370	341	226	331
370	340	226	331
370	339	226	332
349	342	230	337
348	341	230	337
347	340	230	337
346	339	230	337
344	338	230	338
343	337	231	338
342	337	231	338
341	336	231	339
339	335	231	339
338	334	231	339
337	333	232	340
344	344	221	324
342	343	221	324
341	343	220	323
340	342	220	323
340	342	220	322
339	342	219	322
338	342	219	321
337	342	218	320
336	341	218	320
335	341	218	319
335	341	217	319
223	410	213	312
222	409	212	311
215	413	211	310
208	417	211	309
201	420	210	308
194	424	210	307
187	427	209	306
180	431	208	305
173	435	208	304
166	438	207	303
159	442	206	302
219	384	221	324
211	387	220	323
208	387	220	323
205	388	220	323
202	388	220	323
198	388	221	324
195	388	221	324
192	388	221	324
188	388	221	325
185	389	221	325
182	389	222	325
276	308	226	331
272	308	226	331
274	303	226	331
276	299	226	332
278	295	227	332
280	290	227	333
283	286	228	334
285	282	228	334
287	277	228	335
289	273	229	335
291	269	229	336
283	291	221	324
285	286	221	324
286	283	221	324
288	280	221	324
289	277	221	324
291	275	220	323
292	272	220	323
294	269	220	323
295	266	220	323
297	263	220	323
298	260	220	323
286	293	226	331
287	290	225	330
288	289	226	331
288	288	226	331
289	287	226	331
290	286	226	331
291	285	226	332
291	284	227	332
292	283	227	332
293	282	227	333
293	281	227	333
286	300	217	318
286	299	217	318
286	299	216	317
287	299	216	317
287	299	216	316
287	299	215	315
287	299	215	315
288	299	214	314
288	300	214	314
288	300	213	313
288	300	213	313
276	295	217	318
276	295	216	317
275	294	216	317
275	294	216	316
274	294	216	316
274	294	215	316
273	294	215	316
273	294	215	315
272	293	215	315
272	293	215	315
271	293	214	314
274	296	221	324
273	295	220	323
273	295	220	323
272	295	221	324
272	295	221	324
272	295	221	324
271	295	221	324
271	295	221	325
271	295	221	325
270	295	222	325
270	295	222	325
284	301	221	324
283	300	221	324
284	301	221	324
284	301	221	324
284	301	221	324
285	302	221	324
285	302	221	324
286	302	221	324
286	302	221	325
287	303	221	325
287	303	221	325
291	300	217	318
291	300	217	318
292	300	216	317
292	300	216	317
293	300	216	317
293	300	216	316
294	300	216	316
295	300	215	316
295	300	215	316
296	300	215	315
296	300	215	315
289	297	221	324
289	297	220	323
289	296	220	323
289	296	221	324
289	296	221	324
290	296	221	324
290	296	221	324
290	296	221	324
290	296	221	325
290	295	221	325
290	295	221	325
270	295	230	337
270	294	230	337
269	294	230	338
268	294	231	338
267	294	231	339
266	294	232	340
264	293	232	341
263	293	233	342
262	293	234	342
261	293	234	343
260	293	235	344
252	317	235	344
250	316	235	344
249	317	236	345
248	319	236	346
246	320	237	347
245	321	237	347
243	322	238	348
242	323	238	349
240	324	239	350
239	325	239	350
237	327	240	351
264	316	244	358
262	317	244	358
262	317	245	359
262	318	245	360
262	318	246	361
262	319	247	362
262	319	248	364
262	319	248	365
263	320	249	366
263	320	250	367
263	321	250	368
270	309	254	372
270	309	254	373
270	309	255	374
270	308	256	375
271	308	257	376
271	308	258	377
272	308	258	379
272	308	259	380
273	307	260	381
273	307	261	382
274	307	262	383
264	301	265	388
264	300	265	389
264	300	266	390
264	299	267	391
264	299	268	393
263	298	269	394
263	297	270	396
263	297	271	397
263	296	272	398
263	296	273	400
263	295	274	401
332	150	270	395
331	149	270	396
335	140	271	397
339	132	272	398
342	123	272	399
346	114	273	400
350	106	274	401
353	97	274	401
357	89	275	402
361	80	276	403
365	71	276	404
438	236	275	403
441	227	275	403
449	228	276	404
456	229	276	405
464	230	277	406
471	231	277	407
479	232	278	407
486	233	278	408
494	234	279	409
501	234	279	410
509	235	280	410
414	240	286	419
421	240	286	419
423	242	287	420
425	243	288	422
427	244	288	423
428	245	289	424
430	246	290	425
432	247	291	426
434	248	292	428
436	250	292	429
437	251	293	430
407	230	275	403
408	231	275	404
408	231	275	403
408	230	275	403
408	230	274	402
408	230	274	402
408	230	274	402
408	230	274	401
408	230	273	401
408	230	273	400
408	230	273	400
392	232	281	411
392	231	280	410
391	231	280	410
390	231	281	410
389	231	281	411
388	231	281	411
387	231	281	411
386	231	281	411
385	231	281	411
384	231	282	412
383	231	282	412
358	284	286	419
357	283	286	419
354	286	286	419
352	289	286	420
350	292	287	420
347	295	287	421
345	298	287	421
343	301	288	422
340	304	288	423
338	307	289	423
336	310	289	424
343	313	281	411
340	315	281	411
338	318	281	411
337	321	281	411
335	324	280	410
333	327	280	410
331	330	280	410
329	333	280	410
328	336	280	410
326	339	280	409
324	341	280	409
447	240	286	419
445	242	285	418
450	240	286	419
455	237	286	419
460	234	286	419
465	231	286	420
470	228	286	420
475	225	287	420
480	222	287	421
485	219	287	421
490	216	287	421
449	244	281	411
454	241	281	411
456	239	281	411
459	238	280	410
461	237	280	410
464	236	280	410
466	234	280	409
469	233	280	409
471	232	279	409
473	231	279	409
476	229	279	408
278	281	281	411
280	279	280	410
271	281	280	410
263	283	280	410
254	284	280	410
245	286	280	410
237	288	280	409
228	289	280	409
219	291	280	409
211	293	280	409
202	294	279	409
292	297	275	403
283	298	274	402
280	300	274	402
276	302	274	401
273	303	273	401
270	305	273	400
267	307	273	400
263	308	272	399
260	310	272	399
257	312	272	398
254	313	271	398
338	311	265	388
334	312	264	387
336	314	263	386
337	315	263	385
339	317	262	384
341	318	261	383
342	319	261	382
344	321	260	381
345	322	259	380
347	324	258	379
349	325	258	378
459	313	254	372
460	314	253	370
468	315	252	369
475	315	251	368
483	316	250	366
490	317	249	365
