1.802632
0.036700
0.036998
0.037017
0.037032
0.037048
0.037063
0.037077
0.037093
0.037109
0.037124
0.037138
0.022518
0.022783
0.022816
0.022842
0.022869
0.022895
0.022919
0.022943
0.022967
0.022991
0.023016
0.021007
0.021241
0.021283
0.021308
0.021333
0.021359
0.021384
0.021409
0.021433
0.021457
0.021482
0.021023
0.021255
0.021289
0.021314
0.021340
0.021365
0.021390
0.021414
0.021439
0.021464
0.021488
0.021068
0.021282
0.021300
0.021314
0.021328
0.021341
0.021355
0.021368
0.021381
0.021394
0.021408
0.020447
0.020657
0.020673
0.020688
0.020701
0.020715
0.020728
0.020742
0.020754
0.020767
0.020780
0.020075
0.020272
0.020298
0.020313
0.020326
0.020339
0.020354
0.020367
0.020380
0.020393
0.020406
0.020887
0.021087
0.021113
0.021127
0.021141
0.021155
0.021168
0.021182
0.021195
0.021208
0.021221
0.023800
0.024011
0.024028
0.024042
0.024055
0.024068
0.024082
0.024095
0.024108
0.024122
0.024134
0.041791
0.041994
0.042011
0.042025
0.042039
0.042052
0.042066
0.042081
0.042094
0.042108
0.042121
0.020813
0.021016
0.021043
0.021057
0.021070
0.021084
0.021097
0.021111
0.021123
0.021137
0.021150
0.028341
0.028641
0.028671
0.028707
0.028734
0.028764
0.028792
0.028820
0.028846
0.028872
0.028899
0.020634
0.020838
0.020864
0.020879
0.020893
0.020906
0.020919
0.020932
0.020946
0.020960
0.020973
0.020086
0.020295
0.020312
0.020326
0.020340
0.020355
0.020369
0.020382
0.020395
0.020408
0.020421
0.020750
0.020942
0.020967
0.020981
0.020994
0.021008
0.021021
0.021035
0.021049
0.021062
0.021075
0.019755
0.019943
0.019968
0.019982
0.019995
0.020009
0.020022
0.020035
0.020050
0.020063
0.020076
0.020741
0.020930
0.020956
0.020970
0.020984
0.020998
0.021011
0.021024
0.021038
0.021051
0.021064
0.021597
0.021804
0.021820
0.021835
0.021848
0.021862
0.021875
0.021888
0.021901
0.021915
0.021928
0.020729
0.020922
0.020948
0.020965
0.020979
0.020993
0.021006
0.021019
0.021032
0.021044
0.021058
0.045208
0.045414
0.045431
0.045445
0.045458
0.045472
0.045485
0.045498
0.045511
0.045524
0.045538
0.020737
0.020933
0.020950
0.020963
0.020976
0.020999
0.021012
0.021025
0.021039
0.021052
0.021065
0.020710
0.020906
0.020935
0.020948
0.020962
0.020975
0.020988
0.021001
0.021014
0.021028
0.021042
0.020418
0.020620
0.020637
0.020651
0.020664
0.020677
0.020690
0.020704
0.020716
0.020729
0.020742
0.020693
0.020898
0.020914
0.020928
0.020943
0.020956
0.020970
0.020984
0.020997
0.021010
0.021023
0.022069
0.022294
0.022334
0.022364
0.022396
0.022432
0.022464
0.022496
0.022527
0.022558
0.022589
0.020454
0.020659
0.020684
0.020704
0.020725
0.020746
0.020766
0.020785
0.020804
0.020823
0.020842
0.020582
0.020784
0.020802
0.020816
0.020830
0.020843
0.020856
0.020869
0.020883
0.020896
0.020910
0.020955
0.021151
0.021177
0.021191
0.021205
0.021218
0.021232
0.021245
0.021257
0.021271
0.021284
0.020575
0.020779
0.020797
0.020811
0.020824
0.020837
0.020850
0.020864
0.020876
0.020889
0.020902
0.046328
0.046546
0.046564
0.046578
0.046591
0.046604
0.046617
0.046630
0.046647
0.046664
0.046680
0.023045
0.023355
0.023391
0.023434
0.023465
0.023495
0.023526
0.023557
0.023588
0.023617
0.023648
0.021012
0.021220
0.021238
0.021252
0.021266
0.021279
0.021292
0.021305
0.021318
0.021331
0.021343
0.021897
0.022100
0.022120
0.022134
0.022147
0.022161
0.022174
0.022187
0.022200
0.022213
0.022227
0.020963
0.021168
0.021184
0.021199
0.021212
0.021225
0.021239
0.021252
0.021265
0.021278
0.021291
0.020935
0.021128
0.021155
0.021169
0.021183
0.021196
0.021209
0.021223
0.021236
0.021250
0.021263
0.021341
0.021545
0.021563
0.021577
0.021590
0.021603
0.021617
0.021630
0.021643
0.021656
0.021669
0.021007
0.021199
0.021226
0.021240
0.021254
0.021267
0.021280
0.021294
0.021307
0.021323
0.021337
0.020634
0.020830
0.020848
0.020861
0.020875
0.020888
0.020902
0.020915
0.020928
0.020941
0.020953
0.021246
0.021448
0.021466
0.021481
0.021494
0.021508
0.021522
0.021535
0.021548
0.021561
0.021574
0.044992
0.045193
0.045211
0.045225
0.045238
0.045252
0.045265
0.045278
0.045291
0.045304
0.045317
0.020913
0.021103
0.021128
0.021142
0.021156
0.021170
0.021183
0.021196
0.021210
0.021223
0.021236
0.021132
0.021321
0.021346
0.021361
0.021374
0.021388
0.021401
0.021415
0.021428
0.021441
0.021454
0.022055
0.022257
0.022274
0.022288
0.022302
0.022315
0.022329
0.022342
0.022355
0.022368
0.022381
0.021103
0.021306
0.021323
0.021337
0.021351
0.021364
0.021377
0.021390
0.021403
0.021416
0.021429
0.021061
0.021262
0.021280
0.021294
0.021308
0.021322
0.021335
0.021348
0.021362
0.021375
0.021387
0.021627
0.021828
0.021845
0.021859
0.021873
0.021886
0.021899
0.021913
0.021925
0.021938
0.021951
0.021063
0.021267
0.021284
0.021299
0.021313
0.021326
0.021340
0.021353
0.021367
0.021379
0.021392
0.020774
0.020957
0.020983
0.020997
0.021011
0.021024
0.021037
0.021050
0.021064
0.021079
0.021092
0.021342
0.021541
0.021558
0.021572
0.021585
0.021598
0.021611
0.021624
0.021637
0.021650
0.021663
0.045051
0.045247
0.045264
0.045287
0.045301
0.045314
0.045327
0.045341
0.045354
0.045366
0.045380
0.021693
0.021894
0.021920
0.021934
0.021948
0.021961
0.021975
0.021987
0.022001
0.022014
0.022027
0.022135
0.022355
0.022372
0.022386
0.022399
0.022413
0.022425
0.022439
0.022451
0.022465
0.022478
0.021457
0.021666
0.021683
0.021697
0.021711
0.021724
0.021737
0.021750
0.021763
0.021776
0.021790
0.020949
0.021155
0.021172
0.021186
0.021199
0.021213
0.021226
0.021239
0.021251
0.021265
0.021278
0.020672
0.020875
0.020892
0.020906
0.020937
0.020968
0.020996
0.021024
0.021056
0.021088
0.021120
0.021306
0.021506
0.021523
0.021537
0.021550
0.021564
0.021577
0.021590
0.021603
0.021616
0.021629
0.022062
0.022265
0.022283
0.022297
0.022311
0.022324
0.022338
0.022351
0.022364
0.022377
0.022391
0.020759
0.020981
0.021014
0.021039
0.021056
0.021070
0.021083
0.021096
0.021110
0.021123
0.021135
0.020792
0.020990
0.021007
0.021021
0.021034
0.021048
0.021060
0.021074
0.021087
0.021100
0.021113
0.043718
0.043918
0.043936
0.043949
0.043963
0.043976
0.043990
0.044003
0.044016
0.044029
0.044042
0.024403
0.024609
0.024632
0.024665
0.024696
0.024713
0.024727
0.024740
0.024754
0.024767
0.024780
0.020719
0.020920
0.020937
0.020951
0.020965
0.020979
0.020992
0.021006
0.021022
0.021035
0.021048
0.020785
0.020977
0.021002
0.021017
0.021030
0.021044
0.021057
0.021070
0.021083
0.021096
0.021110
0.021203
0.021407
0.021424
0.021438
0.021452
0.021466
0.021479
0.021492
0.021505
0.021518
0.021531
0.020822
0.021012
0.021038
0.021053
0.021067
0.021080
0.021094
0.021107
0.021120
0.021133
0.021147
0.020789
0.020988
0.021004
0.021019
0.021033
0.021046
0.021060
0.021073
0.021086
0.021099
0.021112
0.021328
0.021520
0.021546
0.021561
0.021574
0.021588
0.021600
0.021613
0.021626
0.021639
0.021652
0.021724
0.021926
0.021943
0.021958
0.021971
0.021989
0.022002
0.022016
0.022028
0.022042
0.022055
0.021164
0.021398
0.021426
0.021447
0.021470
0.021489
0.021503
0.021516
0.021529
0.021542
0.021555
0.044374
0.044583
0.044600
0.044614
0.044628
0.044641
0.044654
0.044667
0.044681
0.044694
0.044707
0.022075
0.022287
0.022304
0.022318
0.022332
0.022345
0.022358
0.022372
0.022385
0.022398
0.022415
0.020922
0.021132
0.021158
0.021173
0.021186
0.021199
0.021212
0.021225
0.021238
0.021251
0.021264
0.021140
0.021335
0.021361
0.021376
0.021389
0.021403
0.021415
0.021429
0.021441
0.021455
0.021468
0.021639
0.021838
0.021864
0.021878
0.021891
0.021904
0.021921
0.021935
0.021948
0.021961
0.021973
0.021263
0.021457
0.021482
0.021496
0.021510
0.021523
0.021536
0.021549
0.021562
0.021575
0.021589
0.020915
0.021103
0.021129
0.021143
0.021156
0.021169
0.021182
0.021195
0.021208
0.021221
0.021234
0.021190
0.021393
0.021409
0.021423
0.021436
0.021450
0.021463
0.021477
0.021490
0.021504
0.021518
0.021763
0.021967
0.021985
0.021999
0.022012
0.022026
0.022039
0.022052
0.022066
0.022079
0.022092
0.021484
0.021688
0.021705
0.021719
0.021733
0.021746
0.021759
0.021773
0.021786
0.021800
0.021813
0.045006
0.045210
0.045227
0.045241
0.045254
0.045269
0.045282
0.045295
0.045307
0.045320
0.045333
0.022169
0.022378
0.022395
0.022410
0.022424
0.022438
0.022451
0.022465
0.022479
0.022492
0.022505
0.021580
0.021777
0.021806
0.021822
0.021840
0.021856
0.021872
0.021887
0.021903
0.021918
0.021933
0.022517
0.022722
0.022741
0.022757
0.022772
0.022787
0.022802
0.022816
0.022831
0.022846
0.022860
0.021431
0.021639
0.021658
0.021674
0.021690
0.021705
0.021721
0.021736
0.021751
0.021766
0.021781
0.021409
0.021613
0.021633
0.021650
0.021666
0.021682
0.021697
0.021712
0.021728
0.021743
0.021758
0.021437
0.021646
0.021665
0.021682
0.021697
0.021713
0.021727
0.021743
0.021757
0.021773
0.021787
0.021173
0.021374
0.021394
0.021411
0.021428
0.021444
0.021459
0.021474
0.021490
0.021504
0.021520
0.022242
0.022446
0.022465
0.022481
0.022497
0.022512
0.022527
0.022543
0.022557
0.022573
0.022587
0.022398
0.022603
0.022624
0.022641
0.022658
0.022673
0.022689
0.022705
0.022720
0.022735
0.022751
0.044928
0.045137
0.045156
0.045172
0.045187
0.045203
0.045218
0.045233
0.045248
0.045270
0.045284
0.022886
0.023123
0.023141
0.023155
0.023168
0.023182
0.023195
0.023208
0.023221
0.023234
0.023247
0.022352
0.022561
0.022582
0.022597
0.022610
0.022623
0.022636
0.022650
0.022663
0.022676
0.022688
0.021508
0.021719
0.021736
0.021750
0.021764
0.021778
0.021791
0.021804
0.021818
0.021831
0.021844
0.021539
0.021727
0.021753
0.021768
0.021781
0.021794
0.021806
0.021819
0.021832
0.021845
0.021858
0.023924
0.024125
0.024142
0.024156
0.024170
0.024183
0.024196
0.024209
0.024222
0.024235
0.024247
0.022659
0.022882
0.022898
0.022913
0.022926
0.022939
0.022952
0.022965
0.022978
0.022991
0.023005
0.022002
0.022207
0.022224
0.022239
0.022253
0.022266
0.022280
0.022293
0.022306
0.022319
0.022332
0.022543
0.022745
0.022762
0.022776
0.022789
0.022802
0.022815
0.022828
0.022842
0.022855
0.022868
0.021837
0.022044
0.022061
0.022075
0.022089
0.022103
0.022116
0.022129
0.022142
0.022155
0.022168
0.045960
0.046168
0.046185
0.046199
0.046212
0.046226
0.046238
0.046252
0.046266
0.046279
0.046292
0.021959
0.022165
0.022182
0.022197
0.022210
0.022223
0.022237
0.022250
0.022263
0.022276
0.022289
0.022625
0.022834
0.022851
0.022865
0.022879
0.022892
0.022905
0.022919
0.022932
0.022954
0.022967
0.021809
0.022021
0.022038
0.022052
0.022066
0.022079
0.022092
0.022105
0.022118
0.022131
0.022143
0.022185
0.022379
0.022404
0.022418
0.022432
0.022445
0.022459
0.022473
0.022485
0.022498
0.022511
0.022167
0.022372
0.022389
0.022403
0.022417
0.022430
0.022444
0.022457
0.022470
0.022483
0.022495
0.022115
0.022323
0.022341
0.022355
0.022368
0.022382
0.022396
0.022409
0.022422
0.022435
0.022448
0.021590
0.021783
0.021800
0.021823
0.021837
0.021853
0.021866
0.021879
0.021892
0.021905
0.021918
0.030085
0.030318
0.030347
0.030367
0.030385
0.030404
0.030422
0.030439
0.030457
0.030474
0.030492
0.034651
0.034873
0.034890
0.034905
0.034918
0.034932
0.034945
0.034958
0.034971
0.034984
0.034997
0.046266
0.046468
0.046495
0.046510
0.046523
0.046536
0.046550
0.046563
0.046576
0.046590
0.046603
0.022831
0.023033
0.023059
0.023074
0.023087
0.023100
0.023113
0.023127
0.023140
0.023153
0.023165
0.022781
0.022981
0.023007
0.023021
0.023035
0.023049
0.023063
0.023076
0.023089
0.023102
0.023115
0.021945
0.022194
0.022229
0.022251
0.022272
0.022291
0.022309
0.022327
0.022346
0.022366
0.022385
0.021831
0.022039
0.022057
0.022071
0.022085
0.022099
0.022112
0.022125
0.022138
0.022151
0.022163
0.023190
0.023383
0.023409
0.023423
0.023437
0.023450
0.023463
0.023476
0.023489
0.023502
0.023515
0.022494
0.022701
0.022719
0.022734
0.022747
0.022760
0.022774
0.022787
0.022799
0.022812
0.022825
0.022215
0.022418
0.022443
0.022458
0.022471
0.022485
0.022498
0.022511
0.022524
0.022537
0.022551
0.021382
0.021586
0.021602
0.021616
0.021630
0.021643
0.021657
0.021670
0.021683
0.021696
0.021708
0.022045
0.022250
0.022267
0.022281
0.022294
0.022307
0.022320
0.022333
0.022346
0.022359
0.022373
0.046557
0.046767
0.046784
0.046799
0.046812
0.046825
0.046839
0.046852
0.046865
0.046878
0.046891
0.022264
0.022474
0.022491
0.022505
0.022519
0.022532
0.022545
0.022558
0.022572
0.022585
0.022599
0.022867
0.023063
0.023089
0.023103
0.023117
0.023130
0.023143
0.023156
0.023169
0.023181
0.023194
0.025189
0.025388
0.025414
0.025429
0.025442
0.025455
0.025469
0.025482
0.025496
0.025509
0.025522
0.022365
0.022573
0.022590
0.022604
0.022618
0.022631
0.022644
0.022658
0.022671
0.022684
0.022696
0.023442
0.023654
0.023670
0.023685
0.023698
0.023711
0.023724
0.023738
0.023751
0.023764
0.023777
0.022032
0.022240
0.022257
0.022271
0.022284
0.022297
0.022310
0.022323
0.022336
0.022349
0.022362
0.021417
0.021621
0.021637
0.021652
0.021665
0.021679
0.021693
0.021706
0.021719
0.021732
0.021745
0.022615
0.022829
0.022846
0.022860
0.022874
0.022887
0.022900
0.022913
0.022927
0.022940
0.022952
0.023630
0.023843
0.023860
0.023874
0.023889
0.023902
0.023916
0.023929
0.023943
0.023956
0.023969
0.048328
0.048549
0.048566
0.048581
0.048594
0.048608
0.048621
0.048634
0.048647
0.048661
0.048674
0.022491
0.022693
0.022721
0.022736
0.022751
0.022764
0.022777
0.022790
0.022803
0.022816
0.022829
0.022335
0.022536
0.022561
0.022576
0.022590
0.022603
0.022617
0.022630
0.022643
0.022656
0.022669
0.022627
0.022836
0.022853
0.022868
0.022882
0.022895
0.022908
0.022921
0.022935
0.022948
0.022961
0.023027
0.023232
0.023258
0.023273
0.023286
0.023299
0.023312
0.023325
0.023339
0.023352
0.023365
0.021648
0.021855
0.021872
0.021887
0.021900
0.021914
0.021927
0.021941
0.021954
0.021967
0.021981
0.022226
0.022432
0.022449
0.022463
0.022477
0.022490
0.022503
0.022516
0.022529
0.022542
0.022556
0.022670
0.022868
0.022895
0.022910
0.022923
0.022937
0.022950
0.022964
0.022977
0.022990
0.023003
0.022755
0.022948
0.022975
0.022989
0.023003
0.023016
0.023030
0.023043
0.023056
0.023069
0.023082
0.021493
0.021723
0.021746
0.021775
0.021795
0.021815
0.021834
0.021857
0.021878
0.021898
0.021919
0.045429
0.045636
0.045653
0.045667
0.045681
0.045694
0.045707
0.045720
0.045733
0.045747
0.045760
0.022304
0.022516
0.022533
0.022547
0.022561
0.022574
0.022588
0.022601
0.022614
0.022626
0.022640
0.025634
0.025848
0.025865
0.025879
