1.111102
0.030106
0.030325
0.030352
0.030366
0.030380
0.030394
0.030407
0.030421
0.030434
0.030447
0.030461
0.027684
0.027916
0.027933
0.027947
0.027961
0.027975
0.027988
0.028002
0.028015
0.028028
0.028041
0.026820
0.027050
0.027068
0.027083
0.027097
0.027111
0.027124
0.027137
0.027150
0.027164
0.027177
0.025884
0.026114
0.026131
0.026146
0.026159
0.026173
0.026187
0.026201
0.026214
0.026227
0.026240
0.032981
0.033239
0.033270
0.033288
0.033307
0.033324
0.033342
0.033360
0.033378
0.033396
0.033413
0.027746
0.027976
0.027993
0.028008
0.028022
0.028035
0.028048
0.028061
0.028074
0.028088
0.028102
0.024434
0.024664
0.024681
0.024695
0.024709
0.024721
0.024737
0.024751
0.024764
0.024777
0.024790
0.026112
0.026342
0.026360
0.026374
0.026388
0.026401
0.026414
0.026428
0.026441
0.026454
0.026467
0.027620
0.027852
0.027869
0.027883
0.027896
0.027910
0.027923
0.027936
0.027949
0.027961
0.027975
0.050114
0.050338
0.050356
0.050370
0.050384
0.050398
0.050411
0.050427
0.050439
0.050452
0.050465
0.025892
0.026109
0.026136
0.026150
0.026164
0.026177
0.026191
0.026204
0.026217
0.026230
0.026244
0.024603
0.024830
0.024848
0.024863
0.024877
0.024892
0.024905
0.024919
0.024932
0.024945
0.024958
0.023704
0.023938
0.023955
0.023969
0.023983
0.023997
0.024010
0.024023
0.024035
0.024049
0.024062
0.024507
0.024735
0.024752
0.024766
0.024780
0.024795
0.024809
0.024822
0.024835
0.024848
0.024861
0.024169
0.024400
0.024417
0.024431
0.024446
0.024459
0.024472
0.024486
0.024500
0.024513
0.024527
0.024487
0.024718
0.024735
0.024749
0.024763
0.024776
0.024789
0.024802
0.024818
0.024831
0.024844
0.025007
0.025234
0.025251
0.025265
0.025279
0.025293
0.025306
0.025319
0.025333
0.025346
0.025359
0.033232
0.033510
0.033531
0.033558
0.033576
0.033593
0.033611
0.033629
0.033647
0.033665
0.033682
0.032496
0.032761
0.032782
0.032813
0.032832
0.032850
0.032869
0.032886
0.032905
0.032922
0.032940
0.053053
0.053285
0.053303
0.053327
0.053351
0.053370
0.053386
0.053403
0.053418
0.053434
0.053449
0.025513
0.025742
0.025761
0.025775
0.025788
0.025801
0.025815
0.025828
0.025841
0.025854
0.025867
0.025770
0.025998
0.026018
0.026032
0.026046
0.026059
0.026072
0.026085
0.026098
0.026114
0.026132
0.024638
0.024870
0.024888
0.024902
0.024916
0.024930
0.024943
0.024956
0.024969
0.024983
0.024996
0.025203
0.025422
0.025449
0.025463
0.025476
0.025490
0.025503
0.025516
0.025530
0.025544
0.025557
0.025666
0.025892
0.025910
0.025924
0.025938
0.025954
0.025968
0.025981
0.025994
0.026007
0.026020
0.025316
0.025547
0.025565
0.025580
0.025594
0.025608
0.025621
0.025634
0.025647
0.025660
0.025673
0.025230
0.025463
0.025480
0.025494
0.025508
0.025522
0.025535
0.025548
0.025562
0.025575
0.025588
0.025524
0.025752
0.025769
0.025784
0.025797
0.025811
0.025824
0.025837
0.025850
0.025863
0.025876
0.025309
0.025540
0.025557
0.025571
0.025585
0.025599
0.025612
0.025625
0.025638
0.025651
0.025664
0.049235
0.049459
0.049477
0.049491
0.049505
0.049518
0.049531
0.049545
0.049558
0.049571
0.049584
0.026050
0.026278
0.026296
0.026310
0.026324
0.026338
0.026351
0.026364
0.026378
0.026392
0.026405
0.025282
0.025516
0.025533
0.025547
0.025561
0.025574
0.025588
0.025601
0.025613
0.025626
0.025640
0.024955
0.025185
0.025206
0.025221
0.025234
0.025248
0.025261
0.025274
0.025288
0.025301
0.025314
0.024715
0.024943
0.024960
0.024975
0.024988
0.025002
0.025015
0.025028
0.025041
0.025054
0.025067
0.026392
0.026624
0.026642
0.026656
0.026670
0.026683
0.026697
0.026710
0.026724
0.026737
0.026751
0.025458
0.025680
0.025706
0.025720
0.025733
0.025746
0.025759
0.025772
0.025786
0.025799
0.025812
0.025634
0.025860
0.025877
0.025891
0.025905
0.025918
0.025932
0.025945
0.025959
0.025976
0.025989
0.025557
0.025786
0.025804
0.025818
0.025831
0.025844
0.025857
0.025870
0.025883
0.025896
0.025909
0.025683
0.025902
0.025929
0.025943
0.025957
0.025971
0.025985
0.025998
0.026011
0.026025
0.026037
0.050281
0.050509
0.050527
0.050541
0.050555
0.050568
0.050581
0.050595
0.050608
0.050621
0.050634
0.024939
0.025177
0.025195
0.025209
0.025223
0.025237
0.025250
0.025263
0.025276
0.025289
0.025302
0.024175
0.024401
0.024419
0.024433
0.024450
0.024464
0.024477
0.024490
0.024503
0.024516
0.024529
0.024621
0.024851
0.024868
0.024883
0.024898
0.024911
0.024925
0.024938
0.024951
0.024964
0.024977
0.024462
0.024681
0.024708
0.024722
0.024736
0.024749
0.024762
0.024775
0.024788
0.024801
0.024814
0.024841
0.025056
0.025083
0.025098
0.025112
0.025125
0.025144
0.025157
0.025170
0.025183
0.025197
0.023751
0.023979
0.023996
0.024011
0.024024
0.024038
0.024051
0.024064
0.024077
0.024090
0.024103
0.024278
0.024500
0.024527
0.024541
0.024555
0.024569
0.024582
0.024595
0.024608
0.024621
0.024634
0.025652
0.025878
0.025895
0.025909
0.025923
0.025936
0.025950
0.025963
0.025976
0.025992
0.026005
0.025181
0.025402
0.025428
0.025442
0.025456
0.025469
0.025482
0.025495
0.025508
0.025521
0.025534
0.050953
0.051182
0.051199
0.051213
0.051227
0.051240
0.051253
0.051266
0.051280
0.051293
0.051306
0.026164
0.026382
0.026408
0.026422
0.026436
0.026449
0.026463
0.026476
0.026489
0.026502
0.026515
0.026487
0.026704
0.026731
0.026746
0.026759
0.026772
0.026786
0.026799
0.026812
0.026825
0.026839
0.025702
0.025928
0.025946
0.025960
0.025974
0.025988
0.026001
0.026015
0.026027
0.026041
0.026054
0.025575
0.025804
0.025821
0.025836
0.025849
0.025862
0.025875
0.025888
0.025902
0.025915
0.025928
0.025558
0.025789
0.025806
0.025820
0.025838
0.025851
0.025865
0.025878
0.025891
0.025904
0.025925
0.025120
0.025348
0.025365
0.025379
0.025393
0.025406
0.025419
0.025433
0.025447
0.025460
0.025473
0.025101
0.025316
0.025343
0.025357
0.025371
0.025384
0.025400
0.025417
0.025433
0.025449
0.025465
0.024753
0.024978
0.025007
0.025024
0.025041
0.025058
0.025074
0.025090
0.025107
0.025124
0.025140
0.024801
0.025032
0.025054
0.025071
0.025088
0.025104
0.025120
0.025136
0.025151
0.025167
0.025183
0.054114
0.054344
0.054365
0.054382
0.054398
0.054415
0.054432
0.054448
0.054464
0.054479
0.054495
0.026161
0.026394
0.026414
0.026432
0.026449
0.026465
0.026481
0.026496
0.026512
0.026528
0.026544
0.026285
0.026520
0.026542
0.026559
0.026576
0.026592
0.026608
0.026624
0.026643
0.026659
0.026674
0.025210
0.025433
0.025462
0.025480
0.025496
0.025513
0.025530
0.025546
0.025561
0.025577
0.025592
0.025436
0.025664
0.025694
0.025711
0.025728
0.025744
0.025759
0.025776
0.025791
0.025807
0.025822
0.026494
0.026724
0.026742
0.026756
0.026770
0.026783
0.026796
0.026808
0.026821
0.026834
0.026847
0.027102
0.027329
0.027347
0.027361
0.027375
0.027388
0.027401
0.027414
0.027428
0.027441
0.027453
0.025780
0.026032
0.026051
0.026066
0.026080
0.026093
0.026107
0.026120
0.026133
0.026146
0.026159
0.026251
0.026485
0.026502
0.026517
0.026531
0.026544
0.026557
0.026571
0.026584
0.026597
0.026609
0.025890
0.026113
0.026140
0.026155
0.026169
0.026182
0.026195
0.026208
0.026222
0.026235
0.026248
0.052695
0.052923
0.052941
0.052956
0.052969
0.052983
0.052996
0.053009
0.053022
0.053035
0.053048
0.025925
0.026148
0.026175
0.026190
0.026203
0.026217
0.026230
0.026244
0.026257
0.026270
0.026284
0.026484
0.026716
0.026733
0.026747
0.026761
0.026774
0.026787
0.026799
0.026812
0.026825
0.026838
0.025770
0.025999
0.026017
0.026031
0.026045
0.026058
0.026072
0.026085
0.026098
0.026111
0.026125
0.025554
0.025785
0.025802
0.025817
0.025830
0.025844
0.025857
0.025871
0.025884
0.025897
0.025910
0.025311
0.025539
0.025557
0.025572
0.025585
0.025598
0.025611
0.025625
0.025638
0.025651
0.025664
0.024724
0.024959
0.024977
0.024992
0.025005
0.025018
0.025032
0.025045
0.025059
0.025071
0.025084
0.025781
0.026013
0.026031
0.026045
0.026059
0.026072
0.026086
0.026100
0.026113
0.026126
0.026140
0.025644
0.025879
0.025897
0.025911
0.025925
0.025938
0.025951
0.025964
0.025977
0.025990
0.026003
0.024762
0.024990
0.025007
0.025022
0.025035
0.025048
0.025062
0.025076
0.025089
0.025102
0.025115
0.051474
0.051701
0.051719
0.051734
0.051748
0.051764
0.051777
0.051790
0.051803
0.051816
0.051830
0.027244
0.027477
0.027494
0.027509
0.027523
0.027537
0.027551
0.027564
0.027578
0.027591
0.027604
0.026752
0.026984
0.027004
0.027026
0.027042
0.027058
0.027074
0.027090
0.027106
0.027122
0.027137
0.026353
0.026586
0.026606
0.026623
0.026640
0.026658
0.026674
0.026691
0.026706
0.026722
0.026738
0.025918
0.026151
0.026172
0.026188
0.026206
0.026222
0.026237
0.026253
0.026268
0.026284
0.026300
0.026268
0.026510
0.026531
0.026548
0.026565
0.026580
0.026596
0.026612
0.026628
0.026643
0.026659
0.026110
0.026345
0.026365
0.026381
0.026398
0.026415
0.026440
0.026457
0.026472
0.026488
0.026504
0.025706
0.025933
0.025951
0.025966
0.025980
0.025994
0.026007
0.026020
0.026033
0.026046
0.026060
0.027160
0.027387
0.027404
0.027418
0.027432
0.027445
0.027458
0.027471
0.027484
0.027497
0.027509
0.026952
0.027171
0.027198
0.027212
0.027226
0.027239
0.027252
0.027265
0.027279
0.027292
0.027305
0.052221
0.052451
0.052469
0.052484
0.052497
0.052510
0.052524
0.052537
0.052550
0.052563
0.052575
0.026989
0.027218
0.027239
0.027256
0.027273
0.027290
0.027306
0.027322
0.027337
0.027353
0.027368
0.026125
0.026357
0.026377
0.026395
0.026412
0.026427
0.026443
0.026459
0.026475
0.026490
0.026506
0.026166
0.026402
0.026423
0.026440
0.026456
0.026472
0.026488
0.026505
0.026520
0.026536
0.026551
0.026464
0.026690
0.026709
0.026735
0.026751
0.026767
0.026783
0.026798
0.026814
0.026830
0.026846
0.027316
0.027548
0.027568
0.027586
0.027603
0.027619
0.027635
0.027651
0.027667
0.027682
0.027698
0.027030
0.027265
0.027286
0.027303
0.027319
0.027335
0.027351
0.027367
0.027383
0.027398
0.027414
0.026512
0.026728
0.026757
0.026774
0.026790
0.026806
0.026822
0.026838
0.026854
0.026870
0.026885
0.025673
0.025908
0.025928
0.025945
0.025961
0.025978
0.025994
0.026010
0.026026
0.026042
0.026057
0.027197
0.027467
0.027498
0.027513
0.027534
0.027555
0.027577
0.027591
0.027605
0.027617
0.027630
0.052981
0.053213
0.053231
0.053245
0.053259
0.053272
0.053286
0.053300
0.053313
0.053326
