1.821279
0.040694
0.040984
0.041003
0.041018
0.041033
0.041047
0.041062
0.041076
0.041091
0.041105
0.041119
0.034852
0.035135
0.035167
0.035186
0.035205
0.035225
0.035244
0.035262
0.035280
0.035299
0.035318
0.039355
0.039594
0.039612
0.039628
0.039642
0.039656
0.039670
0.039683
0.039696
0.039710
0.039724
0.025177
0.025409
0.025427
0.025441
0.025455
0.025469
0.025482
0.025496
0.025509
0.025523
0.025536
0.024594
0.024817
0.024834
0.024849
0.024863
0.024876
0.024889
0.024905
0.024920
0.024936
0.024952
0.024521
0.024748
0.024765
0.024780
0.024794
0.024807
0.024821
0.024835
0.024848
0.024862
0.024875
0.024533
0.024755
0.024773
0.024787
0.024801
0.024814
0.024830
0.024843
0.024856
0.024869
0.024882
0.024509
0.024730
0.024752
0.024772
0.024793
0.024812
0.024834
0.024854
0.024874
0.024893
0.024912
0.024271
0.024483
0.024508
0.024523
0.024536
0.024549
0.024563
0.024576
0.024590
0.024603
0.024616
0.050561
0.050780
0.050798
0.050812
0.050826
0.050840
0.050853
0.050869
0.050882
0.050895
0.050908
0.025811
0.026023
0.026050
0.026346
0.026367
0.026381
0.026395
0.026408
0.026421
0.026434
0.026448
0.033418
0.033669
0.033689
0.033717
0.033734
0.033755
0.033773
0.033790
0.033808
0.033825
0.033843
0.041501
0.041727
0.041744
0.041758
0.041772
0.041785
0.041798
0.041811
0.041824
0.041838
0.041851
0.026419
0.026645
0.026662
0.026676
0.026689
0.026705
0.026719
0.026732
0.026745
0.026758
0.026770
0.034396
0.034646
0.034666
0.034693
0.034711
0.034728
0.034747
0.034765
0.034782
0.034800
0.034817
0.039524
0.039754
0.039771
0.039785
0.039798
0.039812
0.039825
0.039838
0.039853
0.039866
0.039879
0.025828
0.026077
0.026099
0.026118
0.026152
0.026173
0.026191
0.026205
0.026221
0.026241
0.026265
0.025604
0.025825
0.025842
0.025856
0.025869
0.025882
0.025896
0.025908
0.025922
0.025934
0.025947
0.025807
0.026028
0.026045
0.026062
0.026075
0.026093
0.026120
0.026142
0.026156
0.026179
0.026200
0.051327
0.051548
0.051565
0.051579
0.051592
0.051605
0.051618
0.051631
0.051644
0.051656
0.051670
0.026450
0.026690
0.026708
0.026722
0.026736
0.026749
0.026763
0.026776
0.026789
0.026802
0.026815
0.026081
0.026303
0.026322
0.026336
0.026349
0.026362
0.026376
0.026388
0.026402
0.026415
0.026428
0.025983
0.026204
0.026221
0.026236
0.026249
0.026263
0.026276
0.026289
0.026302
0.026316
0.026329
0.026483
0.026697
0.026722
0.026736
0.026750
0.026764
0.026777
0.026791
0.026803
0.026816
0.026829
0.026593
0.026814
0.026831
0.026846
0.026860
0.026876
0.026889
0.026902
0.026916
0.026929
0.026942
0.027367
0.027576
0.027602
0.027616
0.027630
0.027644
0.027657
0.027670
0.027683
0.027696
0.027709
0.031904
0.032132
0.032150
0.032165
0.032179
0.032192
0.032205
0.032218
0.032231
0.032244
0.032257
0.026592
0.026814
0.026832
0.026845
0.026859
0.026872
0.026886
0.026899
0.026912
0.026925
0.026938
0.026786
0.027014
0.027031
0.027045
0.027059
0.027072
0.027086
0.027099
0.027112
0.027124
0.027138
0.051682
0.051902
0.051920
0.051934
0.051948
0.051961
0.051974
0.051987
0.052000
0.052014
0.052026
0.026397
0.026618
0.026635
0.026649
0.026663
0.026676
0.026690
0.026704
0.026717
0.026730
0.026743
0.026491
0.026714
0.026731
0.026745
0.026759
0.026772
0.026785
0.026798
0.026811
0.026824
0.026836
0.025946
0.026158
0.026188
0.026203
0.026216
0.026229
0.026242
0.026256
0.026269
0.026282
0.026295
0.025892
0.026104
0.026131
0.026145
0.026158
0.026171
0.026184
0.026197
0.026210
0.026223
0.026235
0.026675
0.026907
0.026925
0.026939
0.026953
0.026965
0.026979
0.026992
0.027006
0.027019
0.027033
0.027239
0.027457
0.027483
0.027497
0.027511
0.027524
0.027538
0.027551
0.027564
0.027577
0.027590
0.027419
0.027652
0.027669
0.027686
0.027702
0.027718
0.027735
0.027751
0.027766
0.027784
0.027800
0.034628
0.034885
0.034916
0.034935
0.034953
0.034971
0.034989
0.035007
0.035025
0.035042
0.035060
0.041550
0.041765
0.041781
0.041795
0.041817
0.041831
0.041845
0.041858
0.041879
0.041895
0.041908
0.052635
0.052860
0.052881
0.052900
0.052916
0.052933
0.052948
0.052964
0.052981
0.052998
0.053014
0.026210
0.026435
0.026453
0.026469
0.026485
0.026500
0.026516
0.026532
0.026547
0.026562
0.026578
0.026697
0.026911
0.026939
0.026955
0.026970
0.026986
0.027001
0.027016
0.027032
0.027046
0.027061
0.026273
0.026500
0.026520
0.026536
0.026554
0.026570
0.026586
0.026603
0.026616
0.026629
0.026644
0.025987
0.026209
0.026226
0.026240
0.026254
0.026268
0.026281
0.026294
0.026311
0.026328
0.026345
0.025468
0.025693
0.025714
0.025733
0.025750
0.025766
0.025782
0.025798
0.025814
0.025829
0.025845
0.025892
0.026114
0.026131
0.026145
0.026159
0.026172
0.026185
0.026198
0.026212
0.026225
0.026238
0.027056
0.027277
0.027295
0.027309
0.027323
0.027336
0.027350
0.027363
0.027376
0.027389
0.027403
0.026401
0.026622
0.026639
0.026654
0.026667
0.026680
0.026693
0.026706
0.026719
0.026735
0.026748
0.026097
0.026324
0.026341
0.026355
0.026369
0.026382
0.026396
0.026409
0.026422
0.026435
0.026448
0.053973
0.054196
0.054213
0.054227
0.054241
0.054254
0.054267
0.054281
0.054293
0.054306
0.054319
0.027766
0.027985
0.028012
0.028026
0.028040
0.028054
0.028067
0.028080
0.028103
0.028116
0.028129
0.026863
0.027096
0.027124
0.027142
0.027157
0.027174
0.027189
0.027205
0.027221
0.027237
0.027252
0.035600
0.035841
0.035877
0.035898
0.035916
0.035934
0.035952
0.035969
0.035988
0.036005
0.036024
0.035199
0.035450
0.035480
0.035498
0.035516
0.035534
0.035553
0.035570
0.035588
0.035606
0.035624
0.034156
0.034411
0.034430
0.034456
0.034479
0.034497
0.034515
0.034533
0.034551
0.034570
0.034587
0.035942
0.036500
0.036560
0.036610
0.036657
0.036704
0.036751
0.036798
0.036846
0.036893
0.036940
0.036230
0.036459
0.036479
0.036495
0.036512
0.036528
0.036544
0.036561
0.036576
0.036592
0.036609
0.025661
0.025889
0.025908
0.025924
0.025942
0.025957
0.025974
0.025990
0.026006
0.026021
0.026037
0.025755
0.025974
0.026003
0.026020
0.026037
0.026053
0.026069
0.026084
0.026104
0.026121
0.026137
0.052175
0.052400
0.052417
0.052431
0.052444
0.052458
0.052471
0.052485
0.052498
0.052510
0.052524
0.025242
0.025453
0.025479
0.025493
0.025507
0.025520
0.025533
0.025546
0.025559
0.025572
0.025585
0.025438
0.025661
0.025677
0.025692
0.025705
0.025719
0.025732
0.025746
0.025762
0.025775
0.025788
0.025898
0.026127
0.026144
0.026158
0.026172
0.026185
0.026199
0.026212
0.026225
0.026238
0.026251
0.025476
0.025699
0.025716
0.025730
0.025744
0.025758
0.025771
0.025784
0.025797
0.025810
0.025823
0.025451
0.025703
0.025738
0.025754
0.025769
0.025787
0.025808
0.025830
0.025845
0.025858
0.025871
0.025760
0.025990
0.026006
0.026021
0.026035
0.026048
0.026061
0.026074
0.026087
0.026100
0.026113
0.026576
0.026802
0.026819
0.026833
0.026847
0.026860
0.026873
0.026886
0.026899
0.026912
0.026925
0.026273
0.026495
0.026512
0.026526
0.026539
0.026552
0.026566
0.026579
0.026592
0.026605
0.026618
0.026249
0.026479
0.026496
0.026510
0.026524
0.026538
0.026551
0.026565
0.026578
0.026591
0.026604
0.052488
0.052711
0.052729
0.052744
0.052758
0.052771
0.052785
0.052798
0.052811
0.052824
0.052837
0.025643
0.025873
0.025901
0.025926
0.025952
0.025975
0.026000
0.026024
0.026048
0.026072
0.026096
0.026115
0.026349
0.026379
0.026407
0.026433
0.026457
0.026478
0.026498
0.026517
0.026536
0.026556
0.025368
0.025595
0.025615
0.025631
0.025648
0.025664
0.025680
0.025696
0.025712
0.025728
0.025744
0.025412
0.025629
0.025658
0.025674
0.025690
0.025710
0.025728
0.025744
0.025760
0.025775
0.025790
0.025438
0.025658
0.025688
0.025705
0.025721
0.025738
0.025753
0.025769
0.025785
0.025801
0.025817
0.025559
0.025778
0.025795
0.025809
0.025822
0.025836
0.025849
0.025862
0.025875
0.025889
0.025902
0.026706
0.026929
0.026946
0.026960
0.026974
0.026987
0.027001
0.027014
0.027027
0.027041
0.027054
0.025755
0.025972
0.025998
0.026012
0.026026
0.026039
0.026052
0.026066
0.026078
0.026092
0.026104
0.025474
0.025700
0.025718
0.025732
0.025746
0.025759
0.025773
0.025786
0.025800
0.025813
0.025826
0.052825
0.053053
0.053070
0.053084
0.053097
0.053114
0.053127
0.053140
0.053153
0.053166
0.053179
0.025857
0.026081
0.026098
0.026113
0.026126
0.026140
0.026154
0.026166
0.026180
0.026193
0.026206
0.026214
0.026439
0.026456
0.026471
0.026485
0.026499
0.026511
0.026525
0.026538
0.026551
0.026564
0.024557
0.024778
0.024796
0.024810
0.024823
0.024837
0.024851
0.024864
0.024877
0.024890
0.024904
0.026505
0.026717
0.026743
0.026757
0.026771
0.026784
0.026798
0.026810
0.026824
0.026837
0.026850
0.026574
0.026800
0.026817
0.026832
0.026846
0.026859
0.026873
0.026886
0.026899
0.026912
0.026926
0.026272
0.026492
0.026509
0.026524
0.026537
0.026551
0.026564
0.026577
0.026590
0.026603
0.026616
0.025680
0.025914
0.025933
0.025947
0.025961
0.025974
0.025987
0.026000
0.026013
0.026026
0.026039
0.025361
0.025569
0.025595
0.025609
0.025623
0.025636
0.025650
0.025663
0.025676
0.025689
0.025702
0.025313
0.025537
0.025555
0.025569
0.025587
0.025601
0.025615
0.025628
0.025641
0.025655
0.025667
0.051649
0.051876
0.051893
0.051907
0.051920
0.051934
0.051947
0.051960
0.051973
0.051986
0.051998
0.026005
0.026225
0.026242
0.026257
0.026271
0.026284
0.026297
0.026310
0.026324
0.026336
0.026349
0.025589
0.025800
0.025826
0.025841
0.025854
0.025867
0.025881
0.025894
0.025907
0.025919
0.025933
0.026176
0.026390
0.026416
0.026430
0.026444
0.026458
0.026471
0.026484
0.026497
0.026510
0.026523
0.025798
0.026005
0.026031
0.026045
0.026058
0.026072
0.026086
0.026098
0.026111
0.026125
0.026139
0.025796
0.026020
0.026038
0.026052
0.026066
0.026079
0.026093
0.026106
0.026120
0.026133
0.026146
0.026529
0.026757
0.026773
0.026788
0.026801
0.026814
0.026827
0.026840
0.026853
0.026867
0.026880
0.026595
0.026809
0.026836
0.026850
0.026864
0.026877
0.026890
0.026904
0.026917
0.026931
0.026944
0.026673
0.026884
0.026909
0.026923
0.026937
0.026950
0.026963
0.026977
0.026990
0.027004
0.027017
0.025396
0.025623
0.025641
0.025655
0.025669
0.025682
0.025696
0.025709
0.025722
0.025735
0.025748
0.053725
0.053948
0.053965
0.053980
0.053993
0.054006
0.054020
0.054034
0.054047
0.054060
0.054073
0.026178
0.026388
0.026415
0.026429
0.026443
0.026456
0.026469
0.026483
0.026496
0.026509
0.026522
0.026486
0.026709
0.026726
0.026740
0.026753
0.026766
0.026780
0.026793
0.026807
0.026823
0.026836
0.026562
0.026787
0.026804
0.026818
0.026833
0.026846
0.026860
0.026873
0.026886
0.026899
0.026913
0.026505
0.026721
0.026747
0.026761
0.026775
0.026789
0.026802
0.026815
0.026829
0.026842
0.026855
0.027821
0.028048
0.028076
0.028100
0.028126
0.028150
0.028174
0.028198
0.028226
0.028251
0.028275
0.028434
0.028667
0.028701
0.028728
0.028754
0.028777
0.028802
0.028826
0.028850
0.028874
0.028898
0.027875
0.028100
0.028129
0.028163
0.028195
0.028215
0.028230
0.028243
0.028257
0.028270
0.028283
0.028110
0.028321
0.028347
0.028362
0.028376
0.028389
0.028403
0.028416
0.028429
0.028441
0.028454
0.026584
0.026805
0.026823
0.026837
0.026851
0.026864
0.026877
0.026891
0.026904
0.026917
0.026930
0.053179
0.053390
0.053416
0.053431
0.053445
0.053458
0.053472
0.053485
0.053498
0.053511
0.053524
0.032202
0.032415
0.032441
0.032456
0.032470
0.032483
0.032496
0.032510
0.032523
0.032536
0.032549
0.027012
0.027242
0.027260
0.027275
0.027288
0.027302
0.027315
0.027328
0.027341
0.027354
0.027367
0.026581
0.026811
0.026829
0.026843
0.026857
0.026870
0.026883
0.026896
0.026910
0.026923
0.026936
0.026804
0.027028
0.027045
0.027060
0.027073
0.027086
0.027100
0.027113
0.027126
0.027139
0.027152
0.026270
0.026494
0.026511
0.026525
0.026539
0.026552
0.026566
0.026579
0.026592
0.026605
0.026618
0.026754
0.026978
0.026996
0.027011
0.027024
0.027037
0.027051
0.027064
0.027077
0.027090
0.027103
0.027756
0.027984
0.028002
0.028017
0.028030
0.028044
0.028057
0.028070
0.028084
0.028098
0.028111
0.026764
0.026988
0.027005
0.027020
0.027033
0.027047
0.027060
0.027073
0.027086
0.027099
0.027112
0.028215
0.028439
0.028456
0.028470
0.028483
0.028497
0.028510
0.028523
0.028537
0.028550
0.028563
0.054617
0.054842
0.054860
0.054874
0.054888
0.054901
0.054914
0.054927
0.054940
0.054953
0.054966
0.026333
0.026546
0.026572
0.026586
0.026599
0.026613
0.026626
0.026640
0.026654
0.026667
0.026680
0.027492
0.027740
0.027758
0.027772
0.027786
0.027799
0.027812
0.027826
0.027838
0.027851
0.027864
0.027000
0.027209
0.027235
0.027250
0.027264
0.027278
0.027292
0.027305
0.027319
0.027332
0.027346
0.030034
0.030240
0.030266
0.030280
0.030294
0.030308
0.030321
0.030334
0.030348
0.030361
0.030374
0.027514
0.027730
0.027757
0.027772
0.027785
0.027799
0.027813
0.027826
0.027839
0.027853
0.027866
0.026621
0.026849
0.026866
0.026881
0.026895
0.026908
0.026921
0.026934
0.026947
0.026960
0.026973
0.026935
0.027163
0.027180
0.027194
0.027208
0.027222
0.027235
0.027249
0.027262
0.027275
0.027288
0.026101
0.026329
0.026347
0.026361
0.026375
0.026388
0.026401
0.026414
0.026427
0.026440
0.026453
0.026621
0.026846
0.026864
0.026878
0.026892
0.026906
0.026919
0.026932
0.026946
0.026959
0.026973
0.053848
0.054058
0.054083
0.054097
0.054110
0.054124
0.054137
0.054150
0.054162
0.054175
0.054188
0.027445
0.027668
0.027688
0.027702
0.027716
0.027730
0.027744
0.027757
0.027770
0.027783
0.027797
0.027161
0.027385
0.027401
0.027416
0.027429
0.027442
0.027456
0.027469
0.027482
0.027495
0.027508
0.026671
0.026906
0.026931
0.026952
0.026973
0.026990
0.027004
0.027018
0.027031
0.027044
0.027057
0.025965
0.026190
0.026207
0.026222
0.026236
0.026249
0.026262
0.026275
0.026288
0.026302
0.026315
0.026000
0.026227
0.026244
0.026259
0.026273
0.026286
0.026299
0.026312
0.026325
0.026338
0.026351
0.027283
0.027511
0.027528
0.027542
0.027556
0.027569
0.027583
0.027596
0.027609
0.027622
0.027635
0.024878
0.025101
0.025124
0.025147
0.025172
0.025196
0.025221
0.025243
0.025267
0.025291
0.025315
0.024073
0.024295
0.024320
0.024344
0.024369
0.024393
0.024417
0.024441
0.024465
0.024490
0.024513
0.025460
0.025678
0.025717
0.025741
0.025766
0.025790
0.025814
0.025837
0.025861
0.025885
0.025908
0.052038
0.052257
0.052283
0.052317
0.052342
0.052366
0.052391
0.052415
0.052440
0.052464
0.052487
0.026274
0.026502
0.026540
0.026563
0.026589
0.026613
0.026637
0.026661
0.026685
0.026709
0.026733
0.024680
0.024901
0.024938
0.024959
0.024979
0.024999
0.025018
0.025040
0.025060
0.025082
0.025101
0.024657
0.024885
0.024916
0.024945
0.024971
0.024996
0.025021
0.025045
0.025069
0.025092
0.025116
0.025509
0.025736
0.025755
0.025771
0.025787
0.025804
0.025820
0.025836
0.025852
0.025868
0.025883
0.028221
0.028438
0.028467
0.028483
0.028501
0.028518
0.028533
0.028548
0.028564
0.028579
0.028594
0.026128
0.026352
0.026381
0.026398
0.026415
0.026431
0.026447
0.026462
0.026478
0.026494
0.026510
0.024855
0.025080
0.025100
0.025116
0.025132
0.025148
0.025164
0.025180
0.025196
0.025211
0.025226
0.024192
0.024408
0.024434
0.024448
0.024462
0.024475
0.024489
0.024502
0.024515
0.024528
0.024541
0.024931
0.025156
0.025174
0.025187
0.025201
0.025215
0.025228
0.025241
0.025255
0.025268
0.025281
0.051231
0.051440
0.051467
0.051481
0.051495
0.051508
0.051522
0.051535
0.051548
0.051561
0.051574
0.025204
0.025424
0.025441
0.025456
0.025470
0.025483
0.025497
0.025510
0.025523
0.025536
0.025549
0.026041
0.026269
0.026287
0.026302
0.026316
0.026329
0.026342
0.026356
0.026369
0.026382
0.026395
0.027497
0.027723
0.027741
0.027756
0.027770
0.027783
0.027797
0.027811
0.027824
0.027837
0.027850
0.026208
0.026432
0.026450
0.026464
0.026478
0.026491
0.026504
0.026517
0.026530
0.026543
0.026556
0.026484
0.026702
0.026719
0.026734
0.026747
0.026761
0.026774
0.026788
0.026801
0.026814
0.026828
0.024917
0.025130
0.025156
0.025171
0.025184
0.025198
0.025211
0.025224
0.025238
0.025251
0.025264
0.024812
0.025035
0.025052
0.025066
0.025080
0.025093
0.025106
0.025120
0.025132
0.025146
0.025159
0.026460
0.026677
0.026694
0.026708
0.026721
0.026735
0.026748
0.026761
0.026774
0.026787
0.026800
0.027676
0.027895
0.027912
0.027926
0.027940
0.027954
0.027967
0.027981
0.027994
0.028008
0.028021
0.055276
0.055496
0.055513
0.055527
0.055542
0.055555
0.055568
0.055582
0.055595
0.055608
0.055621
0.027852
0.028075
0.028092
0.028106
0.028119
0.028132
0.028145
0.028158
0.028172
0.028185
0.028198
0.026486
0.026709
0.026726
0.026740
0.026754
0.026767
0.026780
0.026793
0.026806
0.026819
0.026832
0.026235
0.026459
0.026477
0.026491
0.026505
0.026518
0.026532
0.026546
0.026560
0.026573
0.026587
0.026115
0.026335
0.026352
0.026366
0.026379
0.026392
0.026405
0.026418
0.026431
0.026444
0.026457
0.027596
0.027816
0.027833
0.027847
0.027860
0.027874
0.027888
0.027901
0.027914
0.027927
0.027940
0.026483
0.026700
0.026717
0.026732
0.026746
0.026759
0.026772
0.026785
0.026798
0.026812
0.026824
0.026429
0.026656
0.026674
0.026687
0.026700
0.026714
0.026727
0.026741
0.026754
0.026767
0.026779
0.026514
0.026737
0.026755
0.026769
0.026783
0.026796
0.026809
0.026822
0.026835
0.026848
0.026861
0.026315
0.026539
0.026560
0.026574
0.026588
0.026602
0.026615
0.026628
0.026642
0.026655
0.026668
0.052460
0.052671
0.052697
0.052711
0.052725
0.052738
0.052751
0.052764
0.052777
0.052789
0.052803
0.026967
0.027182
0.027208
0.027223
0.027237
0.027250
0.027264
0.027277
0.027290
0.027303
0.027317
0.025500
0.025716
0.025732
0.025745
0.025768
0.025782
0.025795
0.025808
0.025820
0.025832
0.025845
0.026556
0.026782
0.026800
0.026814
0.026828
0.026841
0.026854
0.026867
0.026881
0.026894
0.026907
0.026681
0.026890
0.026916
0.026931
0.026944
0.026957
0.026970
0.026983
0.026996
0.027010
0.027023
0.026658
0.026888
0.026905
0.026920
0.026933
0.026947
0.026960
0.026973
0.026986
0.026999
0.027012
0.030818
0.031141
0.031172
0.031209
0.031239
0.031268
0.031297
0.031328
0.031359
0.031392
0.031425
0.027593
0.027817
0.027835
0.027849
0.027863
0.027876
0.027890
0.027903
0.027916
0.027933
0.027947
0.026669
0.026888
0.026904
0.026918
0.026941
0.026954
0.026968
0.026981
0.026994
0.027007
0.027020
0.026491
0.026703
0.026730
0.026744
0.026758
0.026771
0.026784
0.026797
0.026810
0.026823
0.026836
0.053071
0.053297
0.053314
0.053328
0.053342
0.053354
0.053367
0.053380
0.053393
0.053407
0.053420
0.026677
0.026894
0.026920
0.026935
0.026948
0.026961
0.026974
0.026988
0.027000
0.027014
0.027026
0.025768
0.025991
0.026008
0.026023
0.026036
0.026049
0.026062
0.026075
0.026089
0.026102
0.026115
0.026131
0.026354
0.026371
0.026386
0.026400
0.026413
0.026426
0.026439
0.026453
0.026465
0.026478
0.026343
0.026567
0.026584
0.026598
0.026612
0.026625
0.026638
0.026652
0.026665
0.026678
0.026691
0.026212
0.026440
0.026458
0.026472
0.026486
0.026499
0.026512
0.026525
0.026539
0.026551
0.026565
0.026172
0.026393
0.026410
0.026425
0.026438
0.026452
0.026466
0.026479
0.026492
0.026505
0.026519
0.026507
0.026726
0.026744
0.026758
0.026772
0.026785
0.026798
0.026811
0.026824
0.026837
0.026850
0.026946
0.027170
0.027187
0.027200
0.027214
0.027231
0.027244
0.027257
0.027270
0.027283
0.027297
0.027766
0.027989
0.028006
0.028020
0.028034
0.028048
0.028061
0.028074
0.028088
0.028100
0.028114
0.053525
0.053740
0.053765
0.053779
0.053793
0.053806
0.053819
0.053833
0.053846
0.053859
0.053872
0.027955
0.028226
0.028259
0.028293
0.028319
0.028343
0.028368
0.028392
0.028415
0.028438
0.028462
0.027290
0.027542
0.027575
0.027591
0.027605
0.027619
0.027632
0.027645
0.027658
0.027671
0.027684
0.027306
0.027534
0.027555
0.027572
0.027588
0.027604
0.027621
0.027637
0.027653
0.027669
0.027685
0.026722
0.026948
0.026968
0.026986
0.027003
0.027020
0.027035
0.027052
0.027068
0.027083
0.027099
0.026964
0.027189
0.027209
0.027225
0.027241
0.027256
0.027272
0.027287
0.027302
0.027317
0.027332
0.027857
0.028078
0.028097
0.028115
0.028130
0.028146
0.028161
0.028176
0.028191
0.028207
0.028221
0.026181
0.026409
0.026428
0.026445
0.026461
0.026477
0.026494
0.026510
0.026525
0.026541
0.026557
0.024665
0.024893
0.024913
0.024930
0.024946
0.024962
0.024977
0.024992
0.025008
0.025023
0.025039
0.024376
0.024602
0.024636
0.024657
0.024676
0.024695
0.024715
0.024734
0.024752
0.024771
0.024791
0.051162
0.051381
0.051398
0.051412
0.051425
0.051439
0.051452
0.051465
0.051478
0.051491
0.051504
0.024437
0.024662
0.024679
0.024693
0.024706
0.024720
0.024733
0.024746
0.024760
0.024773
0.024786
0.024083
0.024288
0.024314
0.024328
0.024342
0.024355
0.024369
0.024382
0.024395
0.024409
0.024422
0.024942
0.025169
0.025187
0.025201
0.025214
0.025228
0.025241
0.025254
0.025268
0.025281
0.025294
0.024381
0.024608
0.024625
0.024640
0.024653
0.024667
0.024680
0.024693
0.024706
0.024719
0.024732
0.024824
0.025032
0.025058
0.025073
0.025086
0.025100
0.025113
0.025126
0.025140
0.025153
0.025166
0.025169
0.025397
0.025414
0.025428
0.025442
0.025456
0.025469
0.025482
0.025495
0.025508
0.025522
0.024829
0.025052
0.025069
0.025083
0.025096
0.025110
0.025124
0.025137
0.025150
0.025163
0.025176
0.024940
0.025156
0.025182
0.025197
0.025211
0.025224
0.025237
0.025249
0.025262
0.025275
0.025288
0.024307
0.024523
0.024539
0.024552
0.024575
0.024589
0.024603
0.024616
0.024630
0.024643
0.024656
0.052094
0.052323
0.052351
0.052375
0.052400
0.052424
0.052449
0.052472
0.052496
0.052519
0.052543
0.028781
0.029007
0.029033
0.029059
0.029083
0.029114
0.029138
0.029161
0.029185
0.029209
0.029232
0.024990
0.025551
0.025570
0.025584
0.025598
0.025613
0.025626
0.025639
0.025652
0.025666
0.025691
0.024429
0.024639
0.024666
0.024680
0.024693
0.024707
0.024720
0.024733
0.024746
0.024759
0.024772
0.024736
0.024962
0.024979
0.024993
0.025007
0.025020
0.025034
0.025047
0.025061
0.025074
0.025087
0.024554
0.024775
0.024792
0.024806
0.024820
0.024833
0.024846
0.024859
0.024872
0.024885
0.024898
0.025061
0.025271
0.025297
0.025312
0.025325
0.025338
0.025352
0.025365
0.025378
0.025390
0.025403
0.024915
0.025136
0.025153
0.025168
0.025181
0.025195
0.025208
0.025221
0.025234
0.025247
0.025259
0.025279
0.025499
0.025516
0.025530
0.025544
0.025558
0.025571
0.025584
0.025597
0.025610
0.025623
0.024697
0.024923
0.024940
0.024955
0.024969
0.024982
0.024995
0.025008
0.025021
0.025034
0.025047
0.052039
0.052318
0.052361
0.052391
0.052421
0.052449
0.052475
0.052501
0.052526
0.052553
0.052580
0.025008
0.025231
0.025248
0.025262
0.025276
0.025289
0.025303
0.025319
0.025337
0.025353
0.025369
0.025650
0.025869
0.025888
0.025915
0.025931
0.025947
0.025963
0.025978
0.025994
0.026010
0.026031
0.025636
0.025865
0.025887
0.025904
0.025921
0.025937
0.025953
0.025969
0.025985
0.026001
0.026018
0.025198
0.025413
0.025443
0.025461
0.025478
0.025495
0.025511
0.025528
0.025545
0.025561
0.025577
0.024693
0.024913
0.024934
0.024953
0.024970
0.024986
0.025002
0.025017
0.025033
0.025049
0.025065
0.024863
0.025094
0.025112
0.025126
0.025140
0.025153
0.025166
0.025179
0.025192
0.025206
0.025218
0.024145
0.024363
0.024380
0.024395
0.024408
0.024421
0.024435
0.024447
0.024460
0.024473
0.024486
0.024812
0.025036
0.025053
0.025067
0.025083
0.025102
0.025120
0.025135
0.025151
0.025167
0.025182
0.025041
0.025266
0.025286
0.025303
0.025320
0.025337
0.025352
0.025368
0.025383
0.025399
0.025419
0.051248
0.051457
0.051483
0.051497
0.051511
0.051525
0.051538
0.051551
0.051564
0.051577
0.051590
0.026094
0.026323
0.026341
0.026355
0.026369
0.026382
0.026399
0.026416
0.026432
0.026448
0.026464
0.027791
0.028018
0.028038
0.028056
0.028073
0.028090
0.028106
0.028122
0.028139
0.028155
0.028171
0.025146
0.025359
0.025390
0.025407
0.025424
0.025440
0.025460
0.025476
0.025492
0.025508
0.025524
0.024649
0.024878
0.024898
0.024916
0.024933
0.024950
0.024966
0.024982
0.024998
0.025013
0.025029
0.024147
0.024374
0.024394
0.024412
0.024428
0.024444
0.024460
0.024475
0.024491
0.024506
0.024522
0.025610
0.025836
0.025854
0.025868
0.025881
0.025895
0.025908
0.025921
0.025934
0.025947
0.025960
0.024389
0.024594
0.024611
0.024634
0.024648
0.024662
0.024675
0.024688
0.024701
0.024714
0.024726
0.024713
0.024938
0.024962
0.024986
0.025010
0.025034
0.025059
0.025083
0.025106
0.025130
0.025154
0.025774
0.025992
0.026009
0.026023
0.026036
0.026054
0.026067
0.026080
0.026093
0.026106
0.026119
0.054747
0.054988
0.055015
0.055029
0.055043
0.055056
0.055069
0.055082
0.055095
0.055108
0.055121
0.025380
0.025606
0.025623
0.025637
0.025651
0.025664
0.025677
0.025690
0.025703
0.025716
0.025730
0.024252
0.024472
0.024489
0.024503
0.024517
0.024530
0.024543
0.024556
0.024570
0.024583
0.024596
0.024645
0.024862
0.024879
0.024894
0.024907
0.024920
0.024934
0.024947
0.024960
0.024974
0.024987
0.024243
0.024447
0.024473
0.024488
0.024501
0.024515
0.024528
0.024541
0.024554
0.024567
0.024580
0.024724
0.024944
0.024961
0.024975
0.024988
0.025002
0.025015
0.025028
0.025041
0.025055
0.025068
0.025558
0.025780
0.025797
0.025812
0.025826
0.025839
0.025852
0.025865
0.025878
0.025891
0.025905
0.024936
0.025154
0.025171
0.025185
0.025198
0.025212
0.025225
0.025239
0.025252
0.025265
0.025278
0.024764
0.024976
0.025003
0.025017
0.025030
0.025044
0.025057
0.025069
0.025082
0.025095
0.025107
0.024891
0.025110
0.025126
0.025141
0.025155
0.025168
0.025182
0.025196
0.025209
0.025222
0.025235
0.052547
0.052755
0.052781
0.052795
0.052809
0.052822
0.052835
0.052849
0.052862
0.052875
0.052888
0.025484
0.025700
0.025717
0.025731
0.025745
0.025759
0.025772
0.025785
0.025799
0.025812
0.025825
0.025055
0.025276
0.025293
0.025308
0.025321
0.025334
0.025347
0.025360
0.025373
0.025386
0.025398
0.025652
0.025862
0.025889
0.025903
0.025917
0.025931
0.025944
0.025957
0.025971
0.025983
0.025996
0.026368
0.026578
0.026604
0.026619
0.026633
0.026646
0.026659
0.026673
0.026686
0.026699
0.026712
0.026222
0.026445
0.026463
0.026477
0.026491
0.026504
0.026518
0.026531
0.026544
0.026557
0.026571
0.025225
0.025441
0.025467
0.025482
0.025495
0.025509
0.025522
0.025536
0.025549
0.025562
0.025575
0.024802
0.025028
0.025045
0.025060
0.025073
0.025087
0.025100
0.025112
0.025130
0.025143
0.025156
0.024767
0.024981
0.025006
0.025020
0.025033
0.025047
0.025060
0.025073
0.025090
0.025106
0.025123
0.025025
0.025256
0.025276
0.025294
0.025311
0.025327
0.025343
0.025359
0.025375
0.025390
0.025406
0.051014
0.051243
0.051262
0.051279
0.051295
0.051312
0.051327
0.051343
0.051358
0.051374
0.051390
0.024703
0.024930
0.024951
0.024968
0.024985
0.025001
0.025017
0.025035
0.025051
0.025066
0.025083
0.024607
0.024834
0.024854
0.024870
0.024886
0.024902
0.024918
0.024935
0.024949
0.024962
0.024976
0.025503
0.025726
0.025744
0.025758
0.025772
0.025785
0.025799
0.025812
0.025825
0.025838
0.025851
0.025760
0.025987
0.026005
0.026019
0.026036
0.026053
0.026069
0.026086
0.026103
0.026119
0.026135
0.025486
0.025716
0.025735
0.025752
0.025769
0.025785
0.025801
0.025817
0.025832
0.025848
0.025863
0.026299
0.026528
0.026545
0.026559
0.026572
0.026585
0.026598
0.026612
0.026626
0.026639
0.026652
0.026041
0.026268
0.026285
0.026299
0.026314
0.026327
0.026340
0.026354
0.026367
0.026379
0.026393
0.024957
0.025166
0.025192
0.025207
0.025220
0.025233
0.025247
0.025260
0.025274
0.025286
0.025300
0.024793
0.025018
0.025036
0.025050
0.025064
0.025078
0.025091
0.025104
0.025117
0.025130
0.025145
0.052456
0.052686
0.052703
0.052717
0.052731
0.052744
0.052758
0.052772
0.052785
0.052798
0.052811
0.025326
0.025536
0.025562
0.025577
0.025591
0.025604
0.025617
0.025631
0.025644
0.025656
0.025670
0.025465
0.025695
0.025712
0.025726
0.025740
0.025753
0.025767
0.025780
0.025793
0.025806
0.025819
0.025702
0.025928
0.025945
0.025959
0.025973
0.025987
0.026000
0.026013
0.026027
0.026040
0.026053
0.026273
0.026485
0.026511
0.026526
0.026540
0.026553
0.026567
0.026580
0.026592
0.026605
0.026618
0.026202
0.026426
0.026444
0.026458
0.026472
0.026485
0.026499
0.026512
0.026525
0.026539
0.026552
0.024934
0.025150
0.025166
0.025189
0.025203
0.025217
0.025230
0.025243
0.025255
0.025269
0.025282
0.024442
0.024665
0.024682
0.024696
0.024710
0.024724
0.024737
0.024750
0.024764
0.024777
0.024790
0.024234
0.024454
0.024471
0.024485
0.024499
0.024513
0.024525
0.024539
0.024552
0.024565
0.024578
0.024274
0.024484
0.024511
0.024525
0.024538
0.024552
0.024565
0.024578
0.024591
0.024604
0.024617
0.050076
0.050286
0.050302
0.050316
0.050339
0.050353
0.050366
0.050379
0.050392
0.050405
0.050418
0.024079
0.024296
0.024313
0.024327
0.024340
0.024353
0.024366
0.024379
0.024392
0.024405
0.024419
0.025924
0.026150
0.026167
0.026181
0.026195
0.026208
0.026222
0.026235
0.026248
0.026261
0.026274
0.027009
0.027234
0.027251
0.027265
0.027278
0.027292
0.027305
0.027318
0.027331
0.027344
0.027358
0.027010
0.027236
0.027253
0.027267
0.027280
0.027293
