1.855292
0.031169
0.031450
0.031469
0.031484
0.031498
0.031512
0.031527
0.031543
0.031561
0.031577
0.031595
0.034108
0.034374
0.034392
0.034419
0.034437
0.034457
0.034475
0.034493
0.034511
0.034529
0.034547
0.024046
0.024266
0.024283
0.024298
0.024322
0.024335
0.024349
0.024362
0.024375
0.024393
0.024407
0.024828
0.025062
0.025087
0.025112
0.025132
0.025147
0.025162
0.025175
0.025189
0.025203
0.025216
0.024159
0.024393
0.024411
0.024426
0.024441
0.024455
0.024468
0.024482
0.024496
0.024509
0.024523
0.024061
0.024291
0.024308
0.024323
0.024337
0.024350
0.024363
0.024376
0.024390
0.024403
0.024416
0.024486
0.024712
0.024729
0.024744
0.024757
0.024770
0.024786
0.024800
0.024813
0.024826
0.024842
0.023869
0.024085
0.024105
0.024131
0.024147
0.024163
0.024178
0.024194
0.024209
0.024226
0.024242
0.024392
0.024625
0.024647
0.024664
0.024679
0.024695
0.024711
0.024726
0.024742
0.024758
0.024773
0.049433
0.049650
0.049669
0.049695
0.049712
0.049730
0.049746
0.049764
0.049779
0.049796
0.049811
0.025419
0.025643
0.025662
0.025688
0.025704
0.025719
0.025735
0.025749
0.025765
0.025779
0.025794
0.025593
0.025815
0.025845
0.025863
0.025881
0.025897
0.025910
0.025924
0.025939
0.025952
0.025965
0.026203
0.026434
0.026451
0.026465
0.026478
0.026492
0.026505
0.026517
0.026534
0.026551
0.026567
0.024913
0.025146
0.025167
0.025184
0.025200
0.025218
0.025234
0.025248
0.025261
0.025274
0.025287
0.024229
0.024452
0.024469
0.024483
0.024497
0.024510
0.024523
0.024537
0.024550
0.024570
0.024587
0.024428
0.024657
0.024676
0.024692
0.024708
0.024724
0.024740
0.024756
0.024775
0.024790
0.024806
0.024494
0.024728
0.024747
0.024765
0.024782
0.024797
0.024813
0.024831
0.024847
0.024863
0.024879
0.024874
0.025116
0.025149
0.025170
0.025189
0.025208
0.025233
0.025252
0.025270
0.025284
0.025297
0.024791
0.025006
0.025032
0.025049
0.025063
0.025077
0.025090
0.025104
0.025117
0.025142
0.025167
0.050633
0.050857
0.050874
0.050889
0.050902
0.050915
0.050929
0.050941
0.050954
0.050968
0.050981
0.025614
0.025841
0.025860
0.025874
0.025888
0.025902
0.025915
0.025928
0.025941
0.025954
0.025967
0.025452
0.025697
0.025717
0.025731
0.025744
0.025758
0.025771
0.025784
0.025797
0.025810
0.025823
0.025757
0.025980
0.025998
0.026012
0.026026
0.026040
0.026054
0.026067
0.026080
0.026093
0.026106
0.025692
0.025919
0.025936
0.025950
0.025964
0.025977
0.025990
0.026003
0.026017
0.026031
0.026044
0.024653
0.024868
0.024894
0.024909
0.024923
0.024939
0.024952
0.024966
0.024979
0.024992
0.025005
0.024633
0.024860
0.024877
0.024892
0.024906
0.024919
0.024932
0.024945
0.024959
0.024972
0.024985
0.024593
0.024820
0.024838
0.024852
0.024866
0.024879
0.024893
0.024906
0.024919
0.024932
0.024945
0.024120
0.024339
0.024365
0.024379
0.024393
0.024406
0.024419
0.024432
0.024445
0.024458
0.024471
0.024312
0.024542
0.024559
0.024574
0.024588
0.024601
0.024614
0.024627
0.024641
0.024654
0.024667
0.051838
0.052053
0.052079
0.052093
0.052107
0.052120
0.052134
0.052147
0.052160
0.052172
0.052185
0.025089
0.025306
0.025333
0.025348
0.025362
0.025375
0.025388
0.025402
0.025415
0.025429
0.025442
0.026372
0.026595
0.026612
0.026626
0.026640
0.026653
0.026666
0.026680
0.026693
0.026706
0.026719
0.024577
0.024800
0.024820
0.024834
0.024848
0.024861
0.024874
0.024888
0.024901
0.024915
0.024928
0.024645
0.024864
0.024891
0.024905
0.024919
0.024932
0.024945
0.024958
0.024971
0.024984
0.024997
0.024901
0.025119
0.025145
0.025159
0.025173
0.025186
0.025200
0.025213
0.025227
0.025240
0.025253
0.024656
0.024884
0.024901
0.024916
0.024930
0.024943
0.024956
0.024970
0.024983
0.024996
0.025011
0.024540
0.024774
0.024794
0.024810
0.024827
0.024843
0.024860
0.024876
0.024891
0.024910
0.024926
0.024689
0.024925
0.024944
0.024960
0.024978
0.024995
0.025008
0.025022
0.025035
0.025048
0.025061
0.024889
0.025119
0.025137
0.025151
0.025165
0.025178
0.025192
0.025206
0.025219
0.025232
0.025245
0.053998
0.054219
0.054238
0.054265
0.054281
0.054297
0.054313
0.054330
0.054345
0.054362
0.054377
0.025877
0.026109
0.026131
0.026149
0.026167
0.026183
0.026199
0.026215
0.026231
0.026246
0.026262
0.026032
0.026263
0.026282
0.026299
0.026316
0.026332
0.026348
0.026364
0.026380
0.026395
0.026411
0.025584
0.025816
0.025836
0.025854
0.025871
0.025887
0.025903
0.025918
0.025934
0.025950
0.025965
0.025061
0.025296
0.025316
0.025333
0.025349
0.025367
0.025381
0.025394
0.025407
0.025422
0.025436
0.025784
0.026009
0.026028
0.026044
0.026059
0.026072
0.026087
0.026101
0.026114
0.026127
0.026139
0.024480
0.024709
0.024727
0.024741
0.024758
0.024775
0.024790
0.024806
0.024822
0.024837
0.024853
0.026551
0.026779
0.026797
0.026812
0.026825
0.026839
0.026852
0.026865
0.026878
0.026891
0.026904
0.025556
0.025783
0.025801
0.025816
0.025829
0.025843
0.025856
0.025869
0.025882
0.025899
0.025913
0.026125
0.026353
0.026371
0.026385
0.026399
0.026412
0.026425
0.026439
0.026452
0.026465
0.026478
0.052472
0.052689
0.052706
0.052720
0.052743
0.052756
0.052769
0.052782
0.052795
0.052809
0.052822
0.027824
0.028053
0.028070
0.028085
0.028099
0.028112
0.028126
0.028139
0.028152
0.028165
0.028178
0.028288
0.028523
0.028539
0.028553
0.028567
0.028580
0.028593
0.028606
0.028619
0.028633
0.028646
0.026441
0.026668
0.026685
0.026699
0.026712
0.026726
0.026739
0.026752
0.026765
0.026779
0.026792
0.026190
0.026407
0.026432
0.026446
0.026460
0.026473
0.026486
0.026499
0.026512
0.026526
0.026539
0.026894
0.027115
0.027141
0.027155
0.027172
0.027186
0.027199
0.027212
0.027225
0.027238
0.027251
0.027237
0.027463
0.027480
0.027494
0.027508
0.027521
0.027534
0.027548
0.027561
0.027574
0.027587
0.026950
0.027179
0.027196
0.027211
0.027225
0.027238
0.027252
0.027265
0.027277
0.027291
0.027303
0.026827
0.027054
0.027071
0.027085
0.027099
0.027112
0.027125
0.027139
0.027153
0.027166
0.027179
0.026227
0.026455
0.026473
0.026487
0.026501
0.026514
0.026527
0.026540
0.026553
0.026567
0.026579
0.052000
0.052224
0.052242
0.052256
0.052269
0.052282
0.052296
0.052309
0.052322
0.052335
0.052348
0.027877
0.028105
0.028122
0.028136
0.028149
0.028162
0.028176
0.028189
0.028202
0.028215
0.028228
0.026521
0.026749
0.026767
0.026781
0.026795
0.026809
0.026822
0.026836
0.026852
0.026865
0.026878
0.026526
0.026740
0.026767
0.026781
0.026795
0.026808
0.026822
0.026835
0.026848
0.026861
0.026874
0.027520
0.027745
0.027762
0.027776
0.027790
0.027803
0.027817
0.027830
0.027843
0.027855
0.027868
0.026500
0.026726
0.026743
0.026758
0.026772
0.026785
0.026798
0.026811
0.026825
0.026839
0.026852
0.026212
0.026443
0.026460
0.026474
0.026488
0.026501
0.026515
0.026528
0.026541
0.026554
0.026567
0.026646
0.026875
0.026893
0.026907
0.026921
0.026934
0.026947
0.026961
0.026973
0.026987
0.027000
0.026175
0.026404
0.026421
0.026436
0.026449
0.026463
0.026476
0.026489
0.026503
0.026516
0.026529
0.025517
0.025733
0.025760
0.025775
0.025789
0.025802
0.025816
0.025829
0.025842
0.025855
0.025868
0.054869
0.055097
0.055115
0.055129
0.055142
0.055156
0.055170
0.055183
0.055196
0.055209
0.055222
0.027550
0.027779
0.027797
0.027811
0.027825
0.027838
0.027852
0.027865
0.027878
0.027891
0.027904
0.026460
0.026684
0.026701
0.026715
0.026729
0.026742
0.026755
0.026768
0.026781
0.026794
0.026808
0.026786
0.027017
0.027035
0.027049
0.027063
0.027076
0.027090
0.027103
0.027116
0.027129
0.027143
0.026013
0.026245
0.026262
0.026276
0.026289
0.026303
0.026315
0.026328
0.026341
0.026354
0.026367
0.026404
0.026634
0.026651
0.026666
0.026679
0.026692
0.026706
0.026719
0.026733
0.026746
0.026760
0.025939
0.026174
0.026192
0.026206
0.026219
0.026232
0.026245
0.026258
0.026272
0.026285
0.026297
0.027956
0.028184
0.028201
0.028216
0.028230
0.028243
0.028256
0.028270
0.028283
0.028297
0.028310
0.038852
0.039173
0.039206
0.039234
0.039273
0.039302
0.039330
0.039360
0.039388
0.039417
0.039446
0.026899
0.027130
0.027148
0.027163
0.027176
0.027189
0.027203
0.027217
0.027230
0.027243
0.027256
0.053713
0.053941
0.053958
0.053973
0.053987
0.054003
0.054017
0.054030
0.054043
0.054056
0.054069
0.027427
0.027656
0.027673
0.027688
0.027702
0.027716
0.027729
0.027742
0.027755
0.027769
0.027782
0.026882
0.027107
0.027124
0.027138
0.027153
0.027166
0.027179
0.027192
0.027205
0.027218
0.027231
0.025524
0.025746
0.025764
0.025778
0.025792
0.025806
0.025820
0.025833
0.025846
0.025859
0.025873
0.025131
0.025359
0.025377
0.025391
0.025405
0.025418
0.025431
0.025445
0.025458
0.025471
0.025485
0.025173
0.025387
0.025414
0.025429
0.025443
0.025456
0.025470
0.025484
0.025497
0.025510
0.025523
0.025593
0.025820
0.025837
0.025851
0.025865
0.025878
0.025891
0.025905
0.025918
0.025931
0.025944
0.024463
0.024689
0.024707
0.024721
0.024735
0.024749
0.024762
0.024775
0.024788
0.024801
0.024814
0.026057
0.026293
0.026313
0.026331
0.026348
0.026365
0.026381
0.026397
0.026412
0.026427
0.026443
0.025637
0.025854
0.025870
0.025894
0.025908
0.025922
0.025935
0.025948
0.025961
0.025974
0.025987
0.051533
0.051748
0.051775
0.051789
0.051803
0.051816
0.051830
0.051843
0.051856
0.051869
0.051883
0.026195
0.026418
0.026437
0.026451
0.026465
0.026479
0.026492
0.026505
0.026519
0.026532
0.026545
0.025987
0.026216
0.026234
0.026248
0.026262
0.026275
0.026288
0.026302
0.026315
0.026328
0.026341
0.025172
0.025411
0.025443
0.025471
0.025498
0.025524
0.025548
0.025573
0.025597
0.025620
0.025644
0.025459
0.025688
0.025726
0.025753
0.025777
0.025801
0.025825
0.025849
0.025873
0.025898
0.025923
0.026188
0.026435
0.026465
0.026493
0.026518
0.026543
0.026567
0.026591
0.026615
0.026639
0.026663
0.025593
0.025834
0.025854
0.025871
0.025887
0.025904
0.025920
0.025936
0.025952
0.025967
0.025983
0.026647
0.026865
0.026895
0.026913
0.026930
0.026946
0.026962
0.026978
0.026993
0.027009
0.027024
0.026552
0.026788
0.026808
0.026824
0.026840
0.026855
0.026872
0.026889
0.026905
0.026922
0.026936
0.026342
0.026578
0.026596
0.026611
0.026624
0.026638
0.026651
0.026665
0.026678
0.026691
0.026707
0.052262
0.052493
0.052512
0.052529
0.052545
0.052561
0.052578
0.052593
0.052609
0.052625
0.052641
0.027750
0.027992
0.028025
0.028051
0.028077
0.028101
0.028125
0.028150
0.028173
0.028197
0.028221
0.026089
0.026339
0.026369
0.026397
0.026423
0.026450
0.026475
0.026500
0.026523
0.026549
0.026573
0.026901
0.027142
0.027171
0.027199
0.027225
0.027250
0.027275
0.027300
0.027325
0.027349
0.027374
0.026066
0.026309
0.026327
0.026341
0.026359
0.026373
0.026386
0.026400
0.026413
0.026426
0.026439
0.026804
0.027034
0.027052
0.027066
0.027080
0.027093
0.027107
0.027120
0.027133
0.027146
0.027159
0.026232
0.026463
0.026480
0.026495
0.026509
0.026522
0.026536
0.026549
0.026562
0.026576
0.026589
0.026052
0.026281
0.026298
0.026312
0.026326
0.026340
0.026353
0.026366
0.026379
0.026392
0.026405
0.025609
0.025827
0.025853
0.025867
0.025881
0.025894
0.025908
0.025921
0.025934
0.025947
0.025959
0.027153
0.027388
0.027406
0.027421
0.027434
0.027447
0.027461
0.027474
0.027487
0.027499
0.027512
0.053174
0.053405
0.053423
0.053437
0.053451
0.053464
0.053478
0.053495
0.053508
0.053521
0.053534
0.034783
0.035044
0.035076
0.035096
0.035115
0.035133
0.035151
0.035168
0.035186
0.035203
0.035221
0.032970
0.033226
0.033257
0.033276
0.033294
0.033313
0.033331
0.033349
0.033366
0.033384
0.033401
0.043878
0.044128
0.044150
0.044168
0.044185
0.044201
0.044218
0.044234
0.044250
0.044267
0.044283
0.026858
0.027078
0.027095
0.027108
0.027131
0.027145
0.027158
0.027171
0.027185
0.027198
0.027211
0.025182
0.025412
0.025430
0.025444
0.025458
0.025471
0.025484
0.025497
0.025511
0.025524
0.025537
0.024697
0.024926
0.024946
0.024961
0.024974
0.024987
0.025001
0.025014
0.025027
0.025040
0.025053
0.025792
0.026029
0.026048
0.026063
0.026076
0.026090
0.026103
0.026116
0.026130
0.026143
0.026156
0.025447
0.025665
0.025691
0.025705
0.025719
0.025732
0.025745
0.025758
0.025771
0.025784
0.025797
0.025397
0.025614
0.025641
0.025656
0.025669
0.025683
0.025696
0.025710
0.025723
0.025737
0.025750
0.052178
0.052411
0.052437
0.052463
0.052484
0.052510
0.052533
0.052558
0.052582
0.052605
0.052629
0.026922
0.027146
0.027164
0.027179
0.027192
0.027206
0.027219
0.027233
0.027246
0.027259
0.027272
0.025398
0.025612
0.025639
0.025654
0.025668
0.025681
0.025695
0.025708
0.025721
0.025734
0.025747
0.025345
0.025561
0.025587
0.025602
0.025615
0.025629
0.025642
0.025655
0.025668
0.025681
0.025694
0.025404
0.025635
0.025652
0.025666
0.025681
0.025694
0.025708
0.025721
0.025734
0.025747
0.025760
0.024991
0.025206
0.025233
0.025248
0.025262
0.025276
0.025289
0.025303
0.025316
0.025329
0.025342
0.024806
0.025036
0.025054
0.025068
0.025081
0.025095
0.025108
0.025121
0.025135
0.025147
0.025160
0.024754
0.024985
0.025002
0.025017
0.025031
0.025044
0.025059
0.025091
0.025116
0.025131
0.025145
0.028941
0.029157
0.029183
0.029197
0.029211
0.029224
0.029237
0.029250
0.029263
0.029276
0.029289
0.024829
0.025044
0.025071
0.025085
0.025099
0.025113
0.025126
0.025140
0.025153
0.025166
0.025179
0.054644
0.054874
0.054892
0.054907
0.054920
0.054933
0.054946
0.054960
0.054973
0.054985
0.054998
0.025947
0.026173
0.026193
0.026207
0.026221
0.026234
0.026248
0.026261
0.026274
0.026287
0.026299
0.025167
0.025397
0.025414
0.025428
0.025442
0.025455
0.025468
0.025481
0.025494
0.025507
0.025520
0.025316
0.025547
0.025564
0.025578
0.025592
0.025606
0.025619
0.025632
0.025646
0.025659
0.025672
0.025137
0.025363
0.025381
0.025395
0.025408
0.025422
0.025435
0.025448
0.025461
0.025474
0.025488
0.025938
0.026162
0.026180
0.026195
0.026208
0.026222
0.026235
0.026248
0.026261
0.026274
0.026287
0.024970
0.025181
0.025208
0.025222
0.025235
0.025249
0.025262
0.025275
0.025288
0.025301
0.025314
0.024631
0.024858
0.024876
0.024890
0.024904
0.024917
0.024930
0.024943
0.024956
0.024970
0.024983
0.024748
0.024977
0.024994
0.025008
0.025022
0.025035
0.025048
0.025061
0.025074
0.025088
0.025101
0.026203
0.026431
0.026449
0.026463
0.026477
0.026490
0.026504
0.026522
0.026536
0.026549
0.026562
0.051161
0.051387
0.051404
0.051418
0.051432
0.051445
0.051459
0.051478
0.051505
0.051530
0.051555
0.024910
0.025138
0.025155
0.025170
0.025183
0.025197
0.025210
0.025223
0.025236
0.025250
0.025262
0.025848
0.026076
0.026093
0.026107
0.026121
0.026134
0.026148
0.026161
0.026174
0.026187
0.026201
0.024783
0.025005
0.025032
0.025046
0.025060
0.025073
0.025086
0.025099
0.025113
0.025126
0.025139
0.025378
0.025604
0.025621
0.025635
0.025649
0.025662
0.025676
0.025689
0.025702
0.025715
0.025728
0.026573
0.026804
0.026822
0.026836
0.026850
0.026863
0.026876
0.026890
0.026903
0.026916
0.026929
0.040050
0.040368
0.040404
0.040443
0.040461
0.040475
0.040489
0.040503
0.040516
0.040530
0.040543
0.026505
0.026734
0.026751
0.026766
0.026780
0.026793
0.026807
0.026821
0.026834
0.026847
0.026860
0.025723
0.025952
0.025968
0.025983
0.025997
0.026010
0.026023
0.026037
0.026050
0.026063
0.026076
0.024840
0.025060
0.025087
0.025101
0.025114
0.025128
0.025141
0.025154
0.025167
0.025180
0.025193
0.051067
0.051290
0.051307
0.051322
0.051336
0.051350
0.051363
0.051376
0.051389
0.051402
0.051415
0.025474
0.025704
0.025722
0.025736
0.025749
0.025763
0.025777
0.025789
0.025803
0.025816
0.025829
0.026179
0.026397
0.026423
0.026438
0.026451
0.026465
0.026478
0.026491
0.026504
0.026517
0.026530
0.024604
0.024835
0.024853
0.024867
0.024881
0.024895
0.024908
0.024922
0.024935
0.024948
0.024961
0.025046
0.025272
0.025290
0.025304
0.025318
0.025331
0.025345
0.025358
0.025371
0.025384
0.025397
0.025956
0.026183
0.026200
0.026214
0.026228
0.026242
0.026255
0.026268
0.026282
0.026295
0.026308
0.026159
0.026390
0.026407
0.026421
0.026434
0.026448
0.026461
0.026474
0.026487
0.026500
0.026512
0.026206
0.026435
0.026453
0.026468
