1.579334
0.035323
0.035610
0.035631
0.035647
0.035662
0.035677
0.035692
0.035707
0.035724
0.035738
0.035753
0.026360
0.026605
0.026634
0.026649
0.026663
0.026678
0.026692
0.026705
0.026718
0.026732
0.026746
0.026058
0.026302
0.026319
0.026334
0.026348
0.026361
0.026375
0.026388
0.026402
0.026416
0.026430
0.025072
0.025307
0.025326
0.025340
0.025354
0.025367
0.025381
0.025394
0.025407
0.025420
0.025433
0.023480
0.023696
0.023723
0.023738
0.023751
0.023765
0.023779
0.023792
0.023806
0.023818
0.023832
0.024141
0.024367
0.024385
0.024400
0.024415
0.024428
0.024441
0.024455
0.024468
0.024482
0.024494
0.025080
0.025293
0.025319
0.025334
0.025347
0.025361
0.025377
0.025390
0.025403
0.025416
0.025429
0.024404
0.024621
0.024648
0.024662
0.024677
0.024691
0.024704
0.024717
0.024730
0.024744
0.024757
0.024447
0.024679
0.024696
0.024711
0.024724
0.024737
0.024750
0.024764
0.024777
0.024790
0.024802
0.052601
0.052826
0.052843
0.052858
0.052871
0.052885
0.052897
0.052912
0.052926
0.052939
0.052952
0.024329
0.024548
0.024575
0.024589
0.024603
0.024616
0.024630
0.024643
0.024657
0.024669
0.024682
0.024158
0.024390
0.024408
0.024422
0.024436
0.024452
0.024465
0.024478
0.024491
0.024504
0.024518
0.024615
0.024833
0.024860
0.024875
0.024888
0.024902
0.024918
0.024935
0.024952
0.024969
0.024986
0.024509
0.024733
0.024749
0.024763
0.024777
0.024793
0.024806
0.024819
0.024832
0.024846
0.024858
0.033761
0.034014
0.034033
0.034059
0.034077
0.034095
0.034113
0.034131
0.034149
0.034167
0.034185
0.027687
0.027915
0.027936
0.027952
0.027967
0.027983
0.027999
0.028014
0.028032
0.028047
0.028062
0.024163
0.024396
0.024415
0.024430
0.024444
0.024458
0.024475
0.024492
0.024508
0.024525
0.024541
0.025121
0.025353
0.025370
0.025390
0.025405
0.025418
0.025431
0.025444
0.025457
0.025470
0.025483
0.024482
0.024704
0.024722
0.024739
0.024753
0.024766
0.024780
0.024792
0.024806
0.024818
0.024832
0.049546
0.049767
0.049784
0.049799
0.049813
0.049826
0.049839
0.049852
0.049865
0.049878
0.049891
0.025193
0.025419
0.025446
0.025460
0.025474
0.025487
0.025499
0.025513
0.025526
0.025539
0.025552
0.024517
0.024744
0.024763
0.024777
0.024790
0.024803
0.024816
0.024830
0.024843
0.024857
0.024869
0.024483
0.024706
0.024723
0.024737
0.024751
0.024764
0.024778
0.024791
0.024804
0.024817
0.024830
0.024477
0.024704
0.024721
0.024735
0.024749
0.024763
0.024777
0.024791
0.024804
0.024817
0.024830
0.024699
0.024922
0.024939
0.024953
0.024967
0.024983
0.024996
0.025009
0.025022
0.025035
0.025048
0.024581
0.024808
0.024827
0.024841
0.024855
0.024869
0.024882
0.024895
0.024908
0.024921
0.024934
0.024501
0.024723
0.024741
0.024755
0.024768
0.024782
0.024795
0.024808
0.024822
0.024835
0.024848
0.023194
0.023419
0.023437
0.023451
0.023465
0.023479
0.023492
0.023505
0.023518
0.023530
0.023544
0.023815
0.024042
0.024059
0.024073
0.024087
0.024101
0.024114
0.024127
0.024141
0.024154
0.024167
0.048940
0.049164
0.049181
0.049195
0.049209
0.049222
0.049234
0.049248
0.049261
0.049274
0.049287
0.023873
0.024104
0.024122
0.024137
0.024150
0.024164
0.024177
0.024190
0.024203
0.024216
0.024229
0.025507
0.025733
0.025751
0.025765
0.025779
0.025793
0.025806
0.025820
0.025832
0.025846
0.025859
0.024764
0.024987
0.025007
0.025022
0.025036
0.025049
0.025062
0.025075
0.025089
0.025102
0.025115
0.024513
0.024739
0.024756
0.024770
0.024784
0.024797
0.024811
0.024823
0.024837
0.024849
0.024863
0.024261
0.024489
0.024507
0.024521
0.024535
0.024549
0.024562
0.024575
0.024589
0.024602
0.024615
0.023973
0.024201
0.024218
0.024232
0.024246
0.024259
0.024271
0.024284
0.024298
0.024311
0.024323
0.024125
0.024352
0.024369
0.024383
0.024397
0.024410
0.024424
0.024437
0.024450
0.024467
0.024480
0.023941
0.024166
0.024184
0.024198
0.024212
0.024225
0.024239
0.024253
0.024266
0.024279
0.024292
0.024150
0.024376
0.024393
0.024408
0.024421
0.024436
0.024449
0.024462
0.024475
0.024488
0.024501
0.048955
0.049180
0.049199
0.049213
0.049227
0.049240
0.049253
0.049266
0.049279
0.049292
0.049305
0.023296
0.023522
0.023541
0.023556
0.023570
0.023584
0.023597
0.023611
0.023624
0.023638
0.023651
0.023674
0.023900
0.023917
0.023932
0.023945
0.023959
0.023972
0.023985
0.023998
0.024011
0.024024
0.023850
0.024077
0.024095
0.024109
0.024123
0.024136
0.024149
0.024162
0.024175
0.024189
0.024202
0.024260
0.024486
0.024504
0.024518
0.024540
0.024573
0.024593
0.024609
0.024622
0.024642
0.024665
0.026379
0.026605
0.026623
0.026638
0.026652
0.026665
0.026679
0.026692
0.026705
0.026718
0.026731
0.026210
0.026448
0.026479
0.026507
0.026533
0.026559
0.026583
0.026607
0.026631
0.026655
0.026679
0.025258
0.025509
0.025539
0.025566
0.025590
0.025616
0.025640
0.025664
0.025688
0.025712
0.025736
0.025168
0.025406
0.025438
0.025466
0.025491
0.025517
0.025542
0.025566
0.025590
0.025618
0.025641
0.024253
0.024492
0.024522
0.024549
0.024575
0.024601
0.024627
0.024651
0.024675
0.024700
0.024724
0.051102
0.051314
0.051341
0.051355
0.051368
0.051382
0.051394
0.051408
0.051421
0.051434
0.051447
0.025250
0.025469
0.025496
0.025510
0.025524
0.025538
0.025551
0.025564
0.025577
0.025590
0.025603
0.026780
0.027011
0.027029
0.027042
0.027056
0.027070
0.027083
0.027096
0.027113
0.027130
0.027147
0.025984
0.026216
0.026237
0.026255
0.026271
0.026287
0.026303
0.026318
0.026334
0.026349
0.026365
0.025311
0.025533
0.025551
0.025577
0.025594
0.025609
0.025625
0.025641
0.025657
0.025673
0.025688
0.025240
0.025468
0.025489
0.025506
0.025532
0.025549
0.025565
0.025581
0.025596
0.025612
0.025627
0.025255
0.025484
0.025503
0.025520
0.025536
0.025552
0.025568
0.025584
0.025599
0.025615
0.025630
0.025626
0.025858
0.025878
0.025895
0.025911
0.025927
0.025943
0.025959
0.025975
0.025990
0.026006
0.025167
0.025409
0.025431
0.025446
0.025460
0.025473
0.025487
0.025501
0.025514
0.025527
0.025541
0.025151
0.025376
0.025393
0.025408
0.025422
0.025435
0.025449
0.025462
0.025475
0.025488
0.025501
0.050508
0.050732
0.050749
0.050764
0.050777
0.050791
0.050804
0.050817
0.050830
0.050843
0.050856
0.025136
0.025363
0.025381
0.025395
0.025409
0.025422
0.025435
0.025448
0.025461
0.025474
0.025487
0.025654
0.025877
0.025894
0.025908
0.025922
0.025936
0.025949
0.025963
0.025980
0.025992
0.026006
0.025933
0.026149
0.026174
0.026189
0.026202
0.026216
0.026229
0.026242
0.026255
0.026269
0.026282
0.025188
0.025404
0.025431
0.025446
0.025460
0.025473
0.025486
0.025501
0.025514
0.025527
0.025540
0.024646
0.024859
0.024875
0.024888
0.024911
0.024925
0.024938
0.024951
0.024964
0.024977
0.024989
0.024819
0.025050
0.025066
0.025081
0.025095
0.025108
0.025122
0.025135
0.025148
0.025161
0.025174
0.024615
0.024853
0.024871
0.024886
0.024899
0.024913
0.024926
0.024940
0.024953
0.024966
0.024979
0.024596
0.024825
0.024842
0.024857
0.024871
0.024884
0.024897
0.024911
0.024924
0.024937
0.024950
0.025389
0.025604
0.025631
0.025646
0.025660
0.025673
0.025686
0.025699
0.025712
0.025726
0.025739
0.050502
0.050722
0.050740
0.050754
0.050767
0.050780
0.050793
0.050806
0.050819
0.050832
0.050844
0.026017
0.026249
0.026267
0.026281
0.026295
0.026308
0.026322
0.026335
0.026348
0.026361
0.026375
0.025811
0.026037
0.026055
0.026070
0.026088
0.026102
0.026115
0.026127
0.026141
0.026154
0.026166
0.025206
0.025433
0.025451
0.025465
0.025479
0.025492
0.025506
0.025519
0.025533
0.025547
0.025560
0.024262
0.024498
0.024515
0.024530
0.024544
0.024557
0.024571
0.024584
0.024597
0.024611
0.024624
0.023592
0.023821
0.023839
0.023854
0.023868
0.023881
0.023894
0.023908
0.023921
0.023935
0.023948
0.024278
0.024494
0.024521
0.024535
0.024548
0.024562
0.024575
0.024588
0.024601
0.024614
0.024627
0.024194
0.024425
0.024443
0.024457
0.024471
0.024485
0.024498
0.024511
0.024525
0.024538
0.024551
0.025618
0.025848
0.025866
0.025880
0.025894
0.025908
0.025921
0.025934
0.025947
0.025959
0.025972
0.024140
0.024365
0.024382
0.024397
0.024411
0.024424
0.024438
0.024451
0.024465
0.024478
0.024491
0.051441
0.051668
0.051685
0.051700
0.051714
0.051731
0.051744
0.051758
0.051771
0.051784
0.051797
0.024245
0.024474
0.024492
0.024506
0.024521
0.024534
0.024548
0.024561
0.024574
0.024587
0.024601
0.025515
0.025740
0.025758
0.025772
0.025786
0.025799
0.025812
0.025826
0.025839
0.025851
0.025865
0.024712
0.024939
0.024957
0.024971
0.024985
0.024998
0.025012
0.025025
0.025038
0.025052
0.025065
0.025479
0.025709
0.025733
0.025748
0.025762
0.025775
0.025789
0.025802
0.025815
0.025828
0.025841
0.024288
0.024512
0.024529
0.024544
0.024557
0.024571
0.024584
0.024597
0.024610
0.024624
0.024637
0.024811
0.025034
0.025052
0.025066
0.025080
0.025093
0.025107
0.025120
0.025133
0.025146
0.025160
0.024518
0.024743
0.024761
0.024776
0.024790
0.024803
0.024817
0.024830
0.024843
0.024857
0.024870
0.024771
0.024998
0.025015
0.025029
0.025043
0.025056
0.025069
0.025083
0.025095
0.025108
0.025121
0.024622
0.024848
0.024878
0.024914
0.024939
0.024964
0.024988
0.025012
0.025036
0.025060
0.025083
0.050484
0.050709
0.050738
0.050775
0.050800
0.050825
0.050850
0.050873
0.050898
0.050921
0.050946
0.024769
0.025006
0.025027
0.025044
0.025062
0.025077
0.025093
0.025109
0.025124
0.025139
0.025155
0.025429
0.025670
0.025691
0.025709
0.025727
0.025741
0.025754
0.025768
0.025783
0.025797
0.025810
0.025781
0.026010
0.026027
0.026042
0.026057
0.026070
0.026084
0.026097
0.026110
0.026124
0.026137
0.023865
0.024080
0.024107
0.024121
0.024136
0.024153
0.024170
0.024187
0.024202
0.024219
0.024235
0.023629
0.023846
0.023876
0.023894
0.023911
0.023928
0.023944
0.023960
0.023976
0.023992
0.024008
0.024891
0.025119
0.025137
0.025151
0.025165
0.025178
0.025192
0.025205
0.025218
0.025232
0.025245
0.025168
0.025396
0.025413
0.025428
0.025441
0.025455
0.025468
0.025481
0.025495
0.025507
0.025521
0.024504
0.024726
0.024743
0.024757
0.024771
0.024784
0.024797
0.024811
0.024824
0.024837
0.024850
0.023878
0.024103
0.024121
0.024135
0.024149
0.024163
0.024176
0.024189
0.024203
0.024216
0.024229
0.053735
0.053955
0.053973
0.053987
0.054000
0.054013
0.054027
0.054040
0.054053
0.054066
0.054079
0.025294
0.025522
0.025540
0.025554
0.025568
0.025582
0.025595
0.025608
0.025621
0.025634
0.025647
0.025677
0.025900
0.025918
0.025932
0.025945
0.025959
0.025972
0.025985
0.025999
0.026014
0.026027
0.025118
0.025345
0.025362
0.025377
0.025390
0.025403
0.025417
0.025430
0.025443
0.025456
0.025469
0.024676
0.024903
0.024920
0.024935
0.024949
0.024962
0.024976
0.024989
0.025002
0.025015
0.025028
0.023908
0.024142
0.024159
0.024174
0.024188
0.024201
0.024215
0.024227
0.024241
0.024254
0.024267
0.024719
0.024943
0.024960
0.024975
0.024989
0.025002
0.025015
0.025029
0.025042
0.025055
0.025068
0.025614
0.025840
0.025870
0.025906
0.025932
0.025957
0.025981
0.026005
0.026029
0.026053
0.026077
0.025528
0.025770
0.025804
0.025829
0.025855
0.025879
0.025903
0.025928
0.025951
0.025975
0.025999
0.025514
0.025739
0.025781
0.025804
0.025830
0.025855
0.025878
0.025902
0.025926
0.025949
0.025973
0.050843
0.051085
0.051119
0.051145
0.051171
0.051196
0.051220
0.051244
0.051269
0.051293
0.051316
0.026693
0.026928
0.026957
0.026981
0.027006
0.027029
0.027054
0.027077
0.027102
0.027124
0.027149
0.024893
0.025129
0.025157
0.025183
0.025207
0.025232
0.025255
0.025279
0.025304
0.025327
0.025351
0.024760
0.024981
0.025005
0.025039
0.025064
0.025090
0.025114
0.025138
0.025163
0.025187
0.025211
0.024698
0.024925
0.024949
0.024973
0.024998
0.025022
0.025046
0.025070
0.025094
0.025117
0.025141
0.025501
0.025720
0.025753
0.025777
0.025801
0.025826
0.025851
0.025875
0.025899
0.025923
0.025949
0.025852
0.026079
0.026099
0.026113
0.026127
0.026141
0.026154
0.026167
0.026180
0.026193
0.026207
