1.855328
0.032393
0.032678
0.032697
0.032712
0.032727
0.032741
0.032755
0.032769
0.032784
0.032799
0.032815
0.025483
0.025735
0.025753
0.025767
0.025781
0.025796
0.025810
0.025823
0.025837
0.025851
0.025865
0.025178
0.025415
0.025431
0.025445
0.025461
0.025475
0.025488
0.025502
0.025515
0.025529
0.025543
0.025901
0.026133
0.026152
0.026167
0.026181
0.026195
0.026209
0.026227
0.026240
0.026254
0.026267
0.024839
0.025071
0.025090
0.025105
0.025120
0.025133
0.025147
0.025161
0.025174
0.025188
0.025202
0.025052
0.025278
0.025294
0.025308
0.025321
0.025349
0.025362
0.025376
0.025389
0.025403
0.025417
0.025750
0.025972
0.025987
0.026000
0.026012
0.026026
0.026042
0.026056
0.026070
0.026084
0.026098
0.026025
0.026244
0.026285
0.026311
0.026334
0.026359
0.026380
0.026403
0.026425
0.026448
0.026471
0.025707
0.025932
0.025970
0.025996
0.026020
0.026044
0.026069
0.026093
0.026117
0.026141
0.026164
0.050147
0.050386
0.050417
0.050444
0.050470
0.050494
0.050518
0.050545
0.050568
0.050593
0.050616
0.026482
0.026723
0.026758
0.026786
0.026812
0.026837
0.026862
0.026886
0.026910
0.026934
0.026958
0.025882
0.026107
0.026154
0.026179
0.026203
0.026231
0.026255
0.026279
0.026302
0.026326
0.026349
0.026163
0.026401
0.026431
0.026459
0.026485
0.026510
0.026534
0.026558
0.026582
0.026605
0.026628
0.025397
0.025631
0.025654
0.025677
0.025701
0.025729
0.025753
0.025784
0.025807
0.025833
0.025856
0.025510
0.025740
0.025764
0.025788
0.025812
0.025836
0.025860
0.025884
0.025908
0.025932
0.025955
0.025404
0.025643
0.025672
0.025698
0.025725
0.025750
0.025774
0.025799
0.025825
0.025850
0.025873
0.025618
0.025862
0.025891
0.025916
0.025942
0.025966
0.025991
0.026016
0.026041
0.026065
0.026089
0.025269
0.025493
0.025510
0.025524
0.025538
0.025552
0.025565
0.025578
0.025592
0.025604
0.025618
0.025331
0.025558
0.025575
0.025592
0.025605
0.025619
0.025632
0.025645
0.025658
0.025671
0.025684
0.050160
0.050396
0.050427
0.050455
0.050482
0.050508
0.050532
0.050556
0.050580
0.050604
0.050628
0.026071
0.026302
0.026332
0.026356
0.026381
0.026405
0.026429
0.026453
0.026478
0.026501
0.026525
0.025706
0.025947
0.025985
0.026010
0.026036
0.026059
0.026083
0.026108
0.026131
0.026155
0.026179
0.025207
0.025447
0.025480
0.025507
0.025532
0.025558
0.025583
0.025606
0.025630
0.025655
0.025678
0.025315
0.025545
0.025569
0.025592
0.025616
0.025642
0.025666
0.025695
0.025718
0.025743
0.025767
0.025030
0.025266
0.025295
0.025322
0.025347
0.025375
0.025399
0.025424
0.025448
0.025472
0.025496
0.025715
0.025943
0.025961
0.025976
0.025990
0.026003
0.026016
0.026029
0.026042
0.026056
0.026069
0.025938
0.026154
0.026170
0.026184
0.026207
0.026221
0.026234
0.026247
0.026259
0.026273
0.026285
0.025593
0.025823
0.025840
0.025854
0.025868
0.025881
0.025894
0.025908
0.025920
0.025933
0.025946
0.025332
0.025563
0.025581
0.025595
0.025609
0.025623
0.025636
0.025654
0.025667
0.025681
0.025694
0.050702
0.050923
0.050941
0.050955
0.050969
0.050985
0.051003
0.051019
0.051035
0.051051
0.051067
0.026438
0.026667
0.026685
0.026699
0.026712
0.026726
0.026738
0.026751
0.026764
0.026777
0.026791
0.025822
0.026046
0.026063
0.026078
0.026091
0.026105
0.026118
0.026131
0.026144
0.026157
0.026170
0.032656
0.032927
0.032951
0.032970
0.032988
0.033006
0.033024
0.033041
0.033059
0.033077
0.033095
0.030017
0.030241
0.030259
0.030273
0.030287
0.030300
0.030313
0.030326
0.030339
0.030351
0.030364
0.026369
0.026597
0.026615
0.026630
0.026644
0.026657
0.026671
0.026685
0.026698
0.026712
0.026725
0.028440
0.028667
0.028686
0.028700
0.028714
0.028727
0.028741
0.028754
0.028767
0.028780
0.028793
0.025467
0.025693
0.025715
0.025730
0.025744
0.025757
0.025770
0.025784
0.025797
0.025813
0.025827
0.025670
0.025895
0.025913
0.025927
0.025940
0.025953
0.025966
0.025979
0.025992
0.026005
0.026018
0.033105
0.033362
0.033393
0.033412
0.033430
0.033448
0.033466
0.033484
0.033501
0.033519
0.033537
0.056899
0.057127
0.057145
0.057159
0.057172
0.057186
0.057199
0.057212
0.057225
0.057238
0.057251
0.026970
0.027193
0.027210
0.027224
0.027248
0.027262
0.027275
0.027288
0.027301
0.027314
0.027328
0.026065
0.026289
0.026307
0.026322
0.026335
0.026348
0.026362
0.026375
0.026388
0.026402
0.026415
0.027880
0.028095
0.028122
0.028138
0.028152
0.028164
0.028178
0.028191
0.028204
0.028217
0.028230
0.027399
0.027621
0.027638
0.027652
0.027666
0.027679
0.027692
0.027705
0.027718
0.027731
0.027744
0.026783
0.027012
0.027029
0.027044
0.027058
0.027072
0.027085
0.027099
0.027112
0.027125
0.027138
0.026260
0.026486
0.026503
0.026518
0.026531
0.026544
0.026557
0.026570
0.026584
0.026597
0.026609
0.026540
0.026768
0.026786
0.026800
0.026814
0.026827
0.026840
0.026853
0.026866
0.026879
0.026892
0.026241
0.026460
0.026486
0.026519
0.026544
0.026568
0.026592
0.026615
0.026639
0.026665
0.026689
0.026099
0.026334
0.026354
0.026371
0.026387
0.026403
0.026419
0.026434
0.026450
0.026466
0.026481
0.051975
0.052206
0.052227
0.052244
0.052261
0.052279
0.052295
0.052310
0.052326
0.052342
0.052358
0.027798
0.028029
0.028046
0.028060
0.028073
0.028086
0.028099
0.028112
0.028125
0.028138
0.028151
0.026933
0.027157
0.027175
0.027189
0.027203
0.027217
0.027230
0.027243
0.027256
0.027270
0.027283
0.026451
0.026676
0.026694
0.026708
0.026723
0.026736
0.026749
0.026762
0.026776
0.026788
0.026801
0.026561
0.026788
0.026805
0.026819
0.026833
0.026846
0.026860
0.026873
0.026886
0.026900
0.026913
0.026098
0.026326
0.026344
0.026357
0.026374
0.026387
0.026401
0.026413
0.026427
0.026439
0.026452
0.026356
0.026583
0.026600
0.026614
0.026627
0.026641
0.026654
0.026668
0.026681
0.026695
0.026708
0.026032
0.026258
0.026276
0.026290
0.026304
0.026318
0.026331
0.026345
0.026358
0.026371
0.026384
0.025960
0.026186
0.026203
0.026217
0.026231
0.026244
0.026258
0.026271
0.026284
0.026298
0.026311
0.027219
0.027449
0.027467
0.027481
0.027495
0.027508
0.027522
0.027535
0.027548
0.027561
0.027574
0.053760
0.053985
0.054003
0.054017
0.054030
0.054044
0.054061
0.054075
0.054088
0.054101
0.054114
0.026965
0.027197
0.027215
0.027229
0.027242
0.027256
0.027270
0.027283
0.027297
0.027310
0.027323
0.026963
0.027189
0.027205
0.027220
0.027234
0.027247
0.027260
0.027273
0.027289
0.027302
0.027315
0.025541
0.025759
0.025786
0.025800
0.025814
0.025828
0.025841
0.025854
0.025867
0.025880
0.025893
0.026249
0.026473
0.026491
0.026505
0.026519
0.026533
0.026546
0.026559
0.026573
0.026585
0.026598
0.026736
0.026965
0.026983
0.027012
0.027045
0.027069
0.027084
0.027097
0.027111
0.027124
0.027137
0.026912
0.027138
0.027156
0.027170
0.027184
0.027198
0.027211
0.027225
0.027238
0.027251
0.027265
0.026365
0.026591
0.026608
0.026622
0.026636
0.026649
0.026663
0.026676
0.026689
0.026702
0.026715
0.025825
0.026054
0.026072
0.026086
0.026099
0.026113
0.026131
0.026144
0.026157
0.026170
0.026183
0.027891
0.028115
0.028132
0.028146
0.028159
0.028172
0.028186
0.028198
0.028212
0.028224
0.028237
0.053651
0.053875
0.053893
0.053907
0.053920
0.053934
0.053947
0.053960
0.053974
0.053987
0.054000
0.027043
0.027275
0.027293
0.027307
0.027320
0.027333
0.027347
0.027360
0.027373
0.027387
0.027400
0.027043
0.027267
0.027285
0.027299
0.027313
0.027326
0.027340
0.027353
0.027366
0.027379
0.027392
0.026356
0.026581
0.026599
0.026613
0.026627
0.026640
0.026653
0.026666
0.026679
0.026693
0.026706
0.025792
0.026008
0.026035
0.026049
0.026063
0.026077
0.026090
0.026103
0.026116
0.026129
0.026142
0.025431
0.025658
0.025676
0.025690
0.025704
0.025717
0.025730
0.025743
0.025757
0.025770
0.025784
0.025936
0.026165
0.026182
0.026197
0.026211
0.026224
0.026237
0.026251
0.026264
0.026277
0.026290
0.025360
0.025589
0.025606
0.025620
0.025633
0.025647
0.025660
0.025673
0.025687
0.025700
0.025713
0.026112
0.026344
0.026365
0.026384
0.026400
0.026416
0.026433
0.026448
0.026464
0.026479
0.026495
0.026212
0.026438
0.026455
0.026469
0.026483
0.026496
0.026509
0.026523
0.026535
0.026548
0.026561
0.054075
0.054317
0.054351
0.054378
0.054403
0.054428
0.054453
0.054476
0.054500
0.054523
0.054547
0.026953
0.027183
0.027200
0.027214
0.027227
0.027241
0.027255
0.027269
0.027282
0.027295
0.027308
0.027979
0.028211
0.028228
0.028242
0.028255
0.028269
0.028281
0.028294
0.028307
0.028320
0.028333
0.026682
0.026911
0.026928
0.026943
0.026956
0.026970
0.026983
0.026997
0.027010
0.027023
0.027035
0.026903
0.027126
0.027145
0.027158
0.027172
0.027186
0.027199
0.027213
0.027225
0.027238
0.027251
0.027035
0.027266
0.027284
0.027298
0.027313
0.027326
0.027339
0.027353
0.027366
0.027379
0.027392
0.027113
0.027346
0.027366
0.027383
0.027398
0.027414
0.027429
0.027445
0.027459
0.027474
0.027489
0.026022
0.026251
0.026269
0.026284
0.026298
0.026311
0.026325
0.026338
0.026351
0.026364
0.026377
0.026967
0.027182
0.027208
0.027222
0.027236
0.027249
0.027262
0.027275
0.027288
0.027302
0.027314
0.027384
0.027609
0.027628
0.027644
0.027662
0.027677
0.027692
0.027707
0.027722
0.027738
0.027753
0.053432
0.053662
0.053683
0.053700
0.053717
0.053733
0.053749
0.053765
0.053780
0.053796
0.053811
0.026946
0.027164
0.027181
0.027195
0.027219
0.027232
0.027246
0.027259
0.027272
0.027285
0.027298
0.027874
0.028096
0.028114
0.028128
0.028142
0.028155
0.028168
0.028181
0.028194
0.028208
0.028221
0.026635
0.026860
0.026878
0.026893
0.026906
0.026920
0.026933
0.026946
0.026959
0.026972
0.026985
0.026282
0.026508
0.026525
0.026539
0.026553
0.026566
0.026579
0.026592
0.026605
0.026618
0.026632
0.026482
0.026699
0.026726
0.026740
0.026754
0.026767
0.026780
0.026793
0.026807
0.026820
0.026832
0.026238
0.026458
0.026485
0.026500
0.026513
0.026527
0.026540
0.026553
0.026566
0.026580
0.026593
0.026653
0.026879
0.026898
0.026912
0.026925
0.026938
0.026952
0.026965
0.026978
0.026991
0.027004
0.026091
0.026320
0.026336
0.026350
0.026364
0.026377
0.026391
0.026404
0.026418
0.026432
0.026444
0.026960
0.027179
0.027205
0.027220
0.027233
0.027246
0.027260
0.027273
0.027286
0.027299
0.027312
0.053126
0.053354
0.053382
0.053407
0.053431
0.053456
0.053480
0.053505
0.053529
0.053553
0.053577
0.027783
0.028009
0.028027
0.028042
0.028055
0.028069
0.028082
0.028095
0.028108
0.028121
0.028134
0.027048
0.027276
0.027294
0.027308
0.027325
0.027355
0.027372
0.027386
0.027400
0.027415
0.027428
0.026551
0.026776
0.026794
0.026809
0.026823
0.026836
0.026849
0.026862
0.026875
0.026888
0.026901
0.026538
0.026766
0.026784
0.026798
0.026812
0.026825
0.026839
0.026852
0.026865
0.026878
0.026891
0.026873
0.027096
0.027114
0.027128
0.027142
0.027155
0.027169
0.027182
0.027195
0.027208
0.027221
0.026368
0.026595
0.026613
0.026627
0.026642
0.026656
0.026669
0.026683
0.026696
0.026709
0.026722
0.026540
0.026764
0.026782
0.026796
0.026810
0.026824
0.026837
0.026850
0.026864
0.026877
0.026890
0.026137
0.026352
0.026378
0.026392
0.026406
0.026419
0.026433
0.026446
0.026459
0.026471
0.026484
0.025994
0.026222
0.026239
0.026253
0.026267
0.026280
0.026294
0.026307
0.026320
0.026333
0.026346
0.053679
0.053919
0.053938
0.053952
0.053966
0.053979
0.053993
0.054006
0.054019
0.054033
0.054046
0.028114
0.028339
0.028356
0.028370
0.028384
0.028397
0.028411
0.028424
0.028437
0.028450
0.028463
0.027482
0.027696
0.027722
0.027736
0.027750
0.027763
0.027776
0.027790
0.027803
0.027815
0.027828
0.026689
0.026904
0.026921
0.026945
0.026958
0.026972
0.026985
0.026998
0.027011
0.027024
0.027037
0.026694
0.026923
0.026941
0.026956
0.026970
0.026983
0.026996
0.027009
0.027023
0.027036
0.027049
0.026447
0.026673
0.026690
0.026704
0.026718
0.026731
0.026744
0.026757
0.026770
0.026784
0.026797
0.026380
0.026605
0.026624
0.026639
0.026653
0.026666
0.026679
0.026693
0.026706
0.026718
0.026731
0.026527
0.026751
0.026769
0.026784
0.026798
0.026811
0.026824
0.026837
0.026850
0.026863
0.026876
0.026123
0.026349
0.026366
0.026380
0.026394
0.026407
0.026420
0.026433
0.026446
0.026459
0.026472
0.027814
0.028029
0.028056
0.028070
0.028084
0.028098
0.028111
0.028124
0.028138
0.028151
0.028164
0.053270
0.053494
0.053511
0.053525
0.053539
0.053552
0.053565
0.053578
0.053591
0.053603
0.053616
0.027764
0.027987
0.028005
0.028019
0.028033
0.028046
0.028060
0.028074
0.028087
0.028101
0.028114
0.026821
0.027045
0.027062
0.027076
0.027090
0.027103
0.027116
0.027130
0.027143
0.027156
0.027169
0.026829
0.027054
0.027071
0.027085
0.027098
0.027112
0.027125
0.027138
0.027151
0.027164
0.027177
0.026435
0.026663
0.026681
0.026695
0.026709
0.026722
0.026736
0.026749
0.026762
0.026775
0.026788
0.026479
0.026704
0.026721
0.026735
0.026749
0.026763
0.026777
0.026790
0.026803
0.026817
0.026829
0.026493
0.026721
0.026738
0.026752
0.026766
0.026779
0.026792
0.026805
0.026818
0.026831
0.026844
0.026214
0.026430
0.026447
0.026460
0.026484
0.026498
0.026512
0.026525
0.026538
0.026551
0.026564
0.026134
0.026361
0.026378
0.026392
0.026406
0.026419
0.026432
0.026445
0.026458
0.026471
0.026483
0.026889
0.027117
0.027135
0.027150
0.027164
0.027178
0.027191
0.027204
0.027217
0.027230
0.027243
0.054014
0.054231
0.054258
0.054272
0.054286
0.054300
0.054313
0.054327
0.054340
0.054353
0.054366
0.028165
0.028390
0.028410
0.028425
0.028438
0.028451
0.028465
0.028478
0.028491
0.028504
0.028517
0.027544
0.027769
0.027787
0.027802
0.027815
0.027829
0.027842
0.027856
0.027869
0.027882
0.027895
0.026170
0.026397
0.026414
0.026428
0.026442
0.026455
0.026468
0.026481
0.026495
0.026507
0.026520
0.026372
0.026585
0.026612
0.026626
0.026639
0.026652
0.026665
0.026679
0.026692
0.026705
0.026718
0.026569
0.026782
0.026809
0.026824
0.026838
0.026851
0.026865
0.026878
0.026891
0.026903
0.026917
0.026948
0.027177
0.027194
0.027208
0.027221
0.027235
0.027248
0.027261
0.027274
0.027287
0.027301
0.026108
0.026335
0.026352
0.026376
0.026390
0.026403
0.026417
0.026430
0.026443
0.026456
0.026469
0.025917
0.026132
0.026158
0.026172
0.026186
0.026199
0.026213
0.026226
0.026239
0.026253
0.026266
0.027601
0.027826
0.027843
0.027857
0.027871
0.027884
0.027897
0.027910
0.027924
0.027936
0.027950
0.053316
0.053545
0.053562
0.053576
0.053590
0.053603
0.053616
0.053630
0.053643
0.053657
0.053670
0.027509
0.027740
0.027759
0.027773
0.027787
0.027800
0.027814
0.027827
0.027840
0.027853
0.027866
0.027161
0.027388
0.027408
0.027426
0.027442
0.027458
0.027474
0.027491
0.027507
0.027523
0.027538
0.027269
0.027499
0.027519
0.027536
0.027553
0.027568
0.027585
0.027600
0.027616
0.027631
0.027647
0.026771
0.027001
0.027022
0.027038
0.027055
0.027071
0.027087
0.027103
0.027119
0.027135
0.027151
0.025797
0.026016
0.026035
0.026061
0.026078
0.026093
0.026110
0.026125
0.026141
0.026157
0.026172
0.025637
0.025872
0.025891
0.025908
0.025925
0.025940
0.025957
0.025972
0.025988
0.026003
0.026019
0.025883
0.026110
0.026129
0.026143
0.026157
0.026170
0.026184
0.026197
0.026210
0.026223
0.026236
0.024729
0.024961
0.024978
0.024993
0.025007
0.025020
0.025034
0.025048
0.025061
0.025073
0.025087
0.024784
0.025009
0.025027
0.025041
0.025055
0.025068
0.025081
0.025094
0.025107
0.025120
0.025132
0.050549
0.050775
0.050793
0.050808
0.050822
0.050835
0.050848
0.050861
0.050874
0.050887
0.050900
0.024915
0.025145
0.025162
0.025176
0.025190
0.025203
0.025217
0.025230
0.025243
0.025256
0.025269
0.025114
0.025341
0.025359
0.025373
0.025387
0.025400
0.025413
0.025427
0.025440
0.025453
0.025466
0.025475
0.025702
0.025719
0.025733
0.025747
0.025761
0.025774
0.025787
0.025800
0.025813
0.025826
0.026203
0.026418
0.026445
0.026460
0.026474
0.026487
0.026501
0.026514
0.026527
0.026541
0.026553
0.025715
0.025930
0.025958
0.025972
0.025985
0.025999
0.026013
0.026026
0.026039
0.026052
0.026066
0.025348
0.025573
0.025591
0.025605
0.025619
0.025632
0.025645
0.025658
0.025671
0.025684
0.025697
0.025300
0.025528
0.025545
0.025559
0.025573
0.025586
0.025599
0.025612
0.025625
0.025639
0.025652
0.024971
0.025197
0.025215
0.025229
0.025242
0.025255
0.025268
0.025281
0.025294
0.025307
0.025320
0.025110
0.025337
0.025354
0.025368
0.025390
0.025405
0.025420
0.025446
0.025465
0.025479
0.025493
0.051458
0.051685
0.051703
0.051717
0.051731
0.051744
0.051758
0.051771
0.051784
0.051798
0.051810
0.025534
0.025766
0.025784
0.025798
0.025811
0.025824
0.025838
0.025851
0.025865
0.025878
0.025892
0.026419
0.026642
0.026659
0.026674
0.026687
0.026701
0.026714
0.026727
0.026740
0.026753
0.026766
0.026165
0.026379
0.026405
0.026420
0.026433
0.026447
0.026461
0.026475
0.026488
0.026501
0.026515
0.025732
0.025959
0.025976
0.025991
0.026005
0.026018
0.026031
0.026045
0.026058
0.026071
0.026084
0.025639
0.025868
0.025885
0.025900
0.025913
0.025927
0.025940
0.025954
0.025967
0.025981
0.025994
0.025900
0.026126
0.026144
0.026158
0.026172
0.026186
0.026199
0.026212
0.026225
0.026238
0.026251
0.025098
0.025367
0.025391
0.025413
0.025435
0.025450
0.025463
0.025477
0.025490
0.025503
0.025516
0.025472
0.025702
0.025720
0.025734
0.025748
0.025761
0.025774
0.025788
0.025801
0.025814
0.025827
0.024561
0.024791
0.024808
0.024823
0.024837
0.024850
0.024863
0.024876
0.024889
0.024902
0.024915
0.051523
0.051749
0.051765
0.051780
0.051793
0.051806
0.051820
0.051832
0.051845
0.051858
0.051871
0.026927
0.027155
0.027173
0.027187
0.027201
0.027214
0.027228
0.027241
0.027254
0.027296
0.027310
0.026756
0.026972
0.026999
0.027013
0.027027
0.027040
0.027053
0.027066
0.027079
0.027092
0.027105
0.025248
0.025478
0.025496
0.025510
0.025524
0.025538
0.025552
0.025565
0.025578
0.025591
0.025605
0.025610
0.025845
0.025865
0.025898
0.025930
0.025947
0.025961
0.025975
0.025988
0.026001
0.026026
0.025073
0.025301
0.025318
0.025332
0.025346
0.025359
0.025372
0.025385
0.025398
0.025412
0.025425
0.025011
0.025235
0.025252
0.025266
0.025280
0.025293
0.025307
0.025320
0.025333
0.025346
0.025360
0.024905
0.025118
0.025145
0.025160
0.025173
0.025187
0.025200
0.025213
0.025227
0.025240
0.025254
0.026026
0.026259
0.026277
0.026292
0.026305
0.026318
0.026331
0.026345
0.026357
0.026371
0.026384
0.026618
0.026838
0.026855
0.026869
0.026882
0.026896
0.026909
0.026923
0.026936
0.026949
0.026962
0.052634
0.052863
0.052880
0.052895
0.052908
0.052921
0.052935
0.052948
0.052961
0.052974
0.052987
0.024971
0.025203
0.025220
0.025235
0.025249
0.025263
0.025276
0.025289
0.025302
0.025315
0.025328
0.026093
0.026319
0.026336
0.026351
0.026365
0.026379
0.026392
0.026405
0.026419
0.026432
0.026445
0.026337
0.026554
0.026581
0.026595
0.026609
0.026622
0.026635
0.026648
0.026661
0.026674
0.026686
0.025462
0.025688
0.025711
0.025727
0.025741
0.025754
0.025768
0.025781
0.025795
0.025808
0.025821
0.025963
0.026188
0.026206
0.026220
0.026233
0.026247
0.026259
0.026272
0.026285
0.026299
0.026311
0.025105
0.025332
0.025349
0.025363
0.025377
0.025392
0.025406
0.025419
0.025432
0.025445
0.025458
0.025426
0.025652
0.025669
0.025683
0.025697
0.025711
0.025724
0.025737
0.025750
0.025763
0.025776
0.025129
0.025357
0.025373
0.025388
0.025401
0.025420
0.025434
0.025447
0.025461
0.025474
0.025487
0.025048
0.025278
0.025295
0.025310
0.025324
0.025337
0.025350
0.025363
0.025377
0.025390
0.025403
0.050838
0.051088
0.051107
0.051121
0.051135
0.051148
0.051162
0.051175
0.051188
0.051201
0.051214
0.025633
0.025861
0.025889
0.025903
0.025917
0.025930
0.025943
0.025956
0.025970
0.025983
0.025996
0.026128
0.026354
0.026372
0.026386
0.026400
0.026413
0.026426
0.026439
0.026452
0.026464
0.026477
0.026083
0.026309
0.026327
0.026341
0.026355
0.026368
0.026382
0.026395
0.026408
0.026422
0.026435
0.025290
0.025507
0.025533
0.025547
0.025560
0.025574
0.025587
0.025600
0.025612
0.025625
0.025638
0.024999
0.025224
0.025242
0.025256
0.025270
0.025283
0.025296
0.025309
0.025322
0.025335
0.025347
0.025396
0.025621
0.025640
0.025654
0.025668
0.025681
0.025694
0.025708
0.025721
0.025733
0.025747
0.025514
0.025761
0.025794
0.025809
0.025828
0.025842
0.025855
0.025868
0.025881
0.025894
0.025907
0.025266
0.025489
0.025507
0.025521
0.025535
0.025548
0.025561
0.025574
0.025587
0.025600
0.025614
0.024806
0.025030
0.025047
0.025061
0.025075
0.025089
0.025103
0.025116
0.025129
0.025142
0.025156
0.050797
0.051017
0.051034
0.051049
0.051062
0.051075
0.051089
0.051102
0.051115
0.051128
0.051141
0.025686
0.025916
0.025933
0.025948
0.025961
0.025975
0.025988
0.026001
0.026015
0.026029
0.026042
0.027022
0.027250
0.027267
0.027282
0.027295
0.027309
0.027322
0.027335
0.027348
0.027361
0.027374
0.026259
0.026485
0.026503
0.026517
0.026530
0.026543
0.026557
0.026571
0.026584
0.026597
0.026611
0.025419
0.025645
0.025662
0.025676
0.025690
0.025704
0.025717
0.025731
0.025744
0.025757
0.025770
0.024823
0.025052
0.025070
0.025084
0.025098
0.025112
0.025126
0.025139
0.025153
0.025167
0.025180
0.025065
0.025280
0.025307
0.025321
0.025335
0.025348
0.025361
0.025374
0.025387
0.025401
0.025414
0.025053
0.025278
0.025295
0.025309
0.025322
0.025336
0.025349
0.025362
0.025376
0.025389
0.025402
0.025183
0.025414
0.025432
0.025446
0.025459
0.025473
0.025486
0.025499
0.025512
0.025525
0.025538
0.025604
0.025830
0.025847
0.025861
0.025875
0.025889
0.025903
0.025916
0.025929
0.025943
0.025956
0.051881
0.052106
0.052124
0.052137
0.052151
0.052165
0.052178
0.052191
0.052205
0.052218
0.052231
0.025814
0.026037
0.026055
0.026070
0.026084
0.026098
0.026111
0.026125
0.026138
0.026151
0.026164
0.026409
0.026636
0.026654
0.026668
0.026681
0.026699
0.026713
0.026726
0.026739
0.026753
0.026766
0.026400
0.026629
0.026647
0.026661
0.026675
0.026689
0.026702
0.026716
0.026728
0.026741
0.026754
0.025901
0.026133
0.026151
0.026165
0.026179
0.026192
0.026206
0.026219
0.026237
0.026250
0.026263
0.025784
0.026012
0.026030
0.026044
0.026057
0.026071
0.026084
0.026098
0.026111
0.026124
0.026137
0.025790
0.026016
0.026033
0.026047
0.026061
0.026074
0.026087
0.026100
0.026113
0.026126
0.026139
0.025207
0.025434
0.025452
0.025467
0.025481
0.025494
0.025507
0.025520
0.025533
0.025546
0.025559
0.025104
0.025330
0.025347
0.025362
0.025376
0.025389
0.025402
0.025415
0.025428
0.025441
0.025455
0.024896
0.025125
0.025142
0.025157
0.025171
0.025184
0.025198
0.025211
0.025224
0.025237
0.025250
0.051364
0.051602
0.051634
0.051661
0.051687
0.051711
0.051736
0.051759
0.051784
0.051809
0.051833
0.025318
0.025558
0.025593
0.025618
0.025644
0.025669
0.025693
0.025717
0.025742
0.025765
0.025789
0.026524
0.026752
0.026769
0.026783
0.026798
0.026811
0.026824
0.026838
0.026851
0.026865
0.026877
0.026987
0.027215
0.027233
0.027247
0.027261
0.027274
0.027287
0.027301
0.027314
0.027327
0.027340
0.025238
0.025465
0.025483
0.025497
0.025511
0.025524
0.025538
0.025551
0.025565
0.025578
0.025591
0.025423
0.025641
0.025667
0.025681
0.025695
0.025709
0.025722
0.025735
0.025748
0.025762
0.025775
0.025447
0.025673
0.025691
0.025705
0.025718
0.025732
0.025746
0.025759
0.025773
0.025785
0.025799
0.026102
0.026341
0.026360
0.026374
0.026387
0.026401
0.026414
0.026427
0.026440
0.026453
0.026466
0.025480
0.025704
0.025723
0.025737
0.025751
0.025764
0.025778
0.025791
0.025804
0.025817
0.025830
0.025381
0.025608
0.025625
0.025640
0.025653
0.025666
0.025679
0.025692
0.025705
0.025718
0.025731
0.051314
0.051535
0.051553
0.051567
0.051581
0.051596
0.051609
0.051622
0.051636
0.051649
0.051662
0.025553
0.025784
0.025813
0.025838
0.025864
0.025888
0.025912
0.025936
0.025960
0.025984
0.026007
0.025221
0.025449
0.025476
0.025501
0.025526
0.025551
0.025575
0.025599
0.025624
0.025647
0.025671
0.025780
0.026027
0.026060
0.026085
0.026110
0.026134
0.026158
0.026181
0.026205
0.026229
0.026252
0.025647
0.025880
0.025915
0.025941
0.025967
0.025991
0.026016
0.026040
0.026064
0.026088
0.026111
0.025223
0.025440
0.025464
0.025499
0.025523
0.025547
0.025572
0.025596
0.025619
0.025643
0.025666
0.024771
0.025000
0.025024
0.025049
0.025073
0.025097
0.025121
0.025145
0.025168
0.025192
0.025215
0.025125
0.025360
0.025393
0.025419
0.025444
0.025468
0.025492
0.025516
0.025539
0.025563
0.025586
0.024896
0.025130
0.025154
0.025178
0.025202
0.025226
0.025250
0.025273
0.025297
0.025321
0.025344
0.024981
0.025221
0.025252
0.025280
0.025305
0.025331
0.025355
0.025380
0.025403
0.025426
0.025451
0.051183
0.051408
0.051448
0.051474
0.051499
0.051523
0.051547
0.051571
0.051594
0.051617
0.051641
0.025758
0.025998
0.026029
0.026053
0.026079
0.026103
0.026128
0.026152
0.026176
0.026201
0.026225
0.025552
0.025792
0.025825
0.025852
0.025878
0.025903
0.025927
0.025951
0.025975
0.025999
0.026023
0.025913
0.026150
0.026185
0.026211
0.026237
0.026261
0.026285
0.026309
0.026333
0.026357
0.026382
0.025668
0.025885
0.025920
0.025945
0.025971
0.025995
0.026019
0.026043
0.026067
0.026091
0.026115
0.025140
0.025377
0.025409
0.025436
0.025462
0.025487
0.025511
0.025536
0.025560
0.025584
0.025609
0.025108
0.025344
0.025377
0.025402
0.025428
0.025453
0.025476
0.025501
0.025524
0.025548
0.025571
0.024925
0.025155
0.025182
0.025208
0.025233
0.025258
0.025281
0.025306
0.025329
0.025352
0.025376
0.025165
0.025394
0.025419
0.025444
0.025469
0.025493
0.025517
0.025541
0.025565
0.025589
0.025612
0.025253
0.025490
0.025521
0.025549
0.025574
0.025600
0.025624
0.025649
0.025673
0.025697
0.025720
0.052481
0.052708
0.052729
0.052747
0.052763
0.052778
0.052794
0.052809
0.052824
0.052840
0.052855
0.025046
0.025265
0.025284
0.025311
0.025327
0.025343
0.025359
0.025375
0.025390
0.025405
0.025421
0.024908
0.025135
0.025156
0.025173
0.025189
0.025206
0.025222
0.025239
0.025254
0.025270
0.025285
0.025361
0.025581
0.025611
0.025629
0.025646
0.025662
0.025678
0.025694
0.025709
0.025725
0.025740
0.025712
0.025928
0.025956
0.025970
0.025984
0.025997
0.026011
0.026023
0.026036
0.026050
0.026062
0.025735
0.025961
0.025980
0.025994
0.026008
0.026021
0.026036
0.026049
0.026063
0.026077
0.026090
0.024961
0.025184
0.025201
0.025216
0.025229
0.025243
0.025256
0.025269
0.025283
0.025295
0.025308
0.031688
0.031952
0.031974
0.031998
0.032017
0.032035
0.032053
0.032070
0.032088
0.032106
0.032123
0.029661
0.029886
0.029903
0.029917
0.029931
0.029944
0.029956
0.029969
0.029982
0.029994
0.030007
0.024769
0.024997
0.025016
0.025030
0.025043
0.025056
0.025069
0.025082
0.025095
0.025108
0.025121
0.051441
0.051663
0.051680
0.051694
0.051708
0.051721
0.051734
0.051747
0.051760
0.051773
0.051786
0.025290
0.025522
0.025539
0.025553
0.025567
0.025580
0.025593
0.025606
0.025620
0.025633
0.025645
0.024358
0.024586
0.024604
0.024618
0.024631
0.024645
0.024658
0.024671
0.024684
0.024704
0.024724
0.024549
0.024779
0.024797
0.024812
0.024825
0.024838
0.024852
0.024865
0.024878
0.024891
0.024904
0.025351
0.025577
0.025594
0.025609
0.025622
0.025635
0.025648
0.025661
0.025674
0.025688
0.025700
0.025873
0.026094
0.026112
0.026126
0.026139
0.026153
0.026166
0.026180
0.026193
0.026206
0.026219
0.025650
0.025865
0.025891
0.025905
0.025919
0.025932
0.025945
0.025958
0.025971
0.025985
0.025997
0.024863
0.025087
0.025105
0.025119
0.025132
0.025146
0.025159
0.025172
0.025190
0.025203
0.025216
0.024369
0.024593
0.024610
0.024624
0.024637
0.024651
0.024664
0.024678
0.024691
0.024704
0.024717
0.024610
0.024837
0.024855
0.024870
0.024884
0.024897
0.024910
0.024923
0.024936
0.024949
0.024965
0.050515
0.050725
0.050751
0.050765
0.050779
0.050792
0.050806
0.050819
0.050832
0.050845
0.050858
0.025235
0.025464
0.025508
0.025532
0.025558
0.025583
0.025606
0.025631
0.025654
0.025678
0.025702
0.024626
0.024867
0.024901
0.024927
0.024955
0.024979
0.025003
0.025027
0.025050
0.025074
0.025098
0.025026
0.025260
0.025289
0.025313
0.025338
0.025362
0.025386
0.025410
0.025433
0.025457
0.025481
0.024563
0.024797
0.024831
0.024857
0.024883
0.024908
0.024932
0.024956
0.024980
0.025003
0.025027
0.025701
0.025939
0.025971
0.025996
0.026022
0.026046
0.026070
0.026093
0.026117
0.026141
0.026165
0.025637
0.025866
0.025899
0.025934
0.025959
0.025984
0.026008
0.026031
0.026055
0.026079
0.026102
0.025203
0.025443
0.025476
0.025501
0.025528
0.025552
0.025575
0.025599
0.025623
0.025646
0.025669
0.025105
0.025344
0.025376
0.025402
0.025428
0.025453
0.025477
0.025501
0.025526
0.025549
0.025573
0.024538
0.024764
0.024789
0.024814
0.024838
0.024863
0.024887
0.024911
0.024934
0.024959
0.024981
0.052173
0.052402
0.052428
0.052454
0.052478
0.052504
0.052527
0.052552
0.052576
0.052599
0.052623
0.024993
0.025224
0.025256
0.025283
0.025310
0.025334
0.025359
0.025383
0.025408
0.025431
0.025455
0.025137
0.025365
0.025390
0.025416
0.025440
0.025464
0.025487
0.025511
0.025534
0.025557
0.025581
0.024695
0.024932
0.024963
0.024990
0.025015
0.025039
0.025064
0.025089
0.025112
0.025137
0.025161
0.024892
0.025117
0.025145
0.025182
0.025207
0.025231
0.025255
0.025279
0.025302
0.025326
0.025350
0.025370
0.025605
0.025635
0.025663
0.025688
0.025712
0.025737
0.025761
0.025785
0.025809
0.025834
0.025382
0.025599
0.025623
0.025655
0.025677
0.025702
0.025726
0.025750
0.025774
0.025798
0.025821
0.024407
0.024646
0.024677
0.024704
0.024731
0.024756
0.024780
0.024805
0.024830
0.024855
0.024878
0.024519
0.024758
0.024790
0.024818
0.024844
0.024869
0.024893
0.024917
0.024940
0.024964
0.024987
0.025152
0.025375
0.025393
0.025407
0.025421
0.025434
0.025447
0.025461
0.025474
0.025486
0.025500
0.050356
0.050578
0.050595
0.050609
0.050623
0.050636
0.050650
0.050663
0.050677
0.050689
0.050702
0.024699
0.024925
0.024942
0.024957
0.024970
0.024984
0.024998
0.025011
0.025024
0.025037
0.025050
0.024831
0.025044
0.025071
0.025086
0.025099
0.025113
0.025126
0.025139
0.025152
0.025165
0.025178
0.025744
0.025959
0.025990
0.026005
0.026019
0.026033
0.026046
0.026060
0.026073
0.026086
0.026099
0.025490
0.025703
0.025730
0.025745
0.025759
0.025772
0.025785
0.025798
0.025811
0.025824
0.025837
0.025593
0.025816
0.025834
0.025849
0.025862
0.025876
0.025890
0.025903
0.025916
0.025929
0.025942
0.025206
0.025429
0.025446
0.025461
0.025474
0.025487
0.025501
0.025514
0.025527
0.025540
0.025553
0.024514
0.024741
0.024758
0.024773
0.024786
0.024800
0.024813
0.024827
0.024840
0.024853
0.024866
0.024691
0.024915
0.024932
0.024946
0.024960
0.024973
0.024986
0.024999
0.025012
0.025025
0.025038
0.024461
0.024686
0.024704
0.024718
0.024731
0.024745
0.024758
0.024772
0.024785
0.024797
0.024811
0.050578
0.050799
0.050817
0.050831
0.050844
0.050858
0.050871
0.050884
0.050896
0.050910
0.050923
0.024988
0.025214
0.025232
0.025246
0.025260
0.025274
0.025287
0.025300
0.025313
0.025327
0.025340
0.024385
0.024611
0.024628
0.024642
0.024656
0.024669
0.024682
0.024695
0.024708
0.024721
0.024734
0.025036
0.025263
0.025281
0.025296
0.025310
0.025323
0.025336
0.025350
0.025363
0.025376
0.025389
0.025703
0.025931
0.025949
0.025964
0.025977
0.025991
0.026004
0.026018
0.026031
0.026044
0.026057
0.025358
0.025580
0.025597
0.025611
0.025629
0.025644
0.025658
0.025671
0.025684
0.025697
0.025711
0.024946
0.025174
0.025191
0.025206
0.025220
0.025233
0.025247
0.025260
0.025274
0.025287
0.025300
0.024937
0.025158
0.025176
0.025190
0.025204
0.025217
0.025231
0.025244
0.025257
0.025270
0.025283
0.024196
0.024423
0.024440
0.024454
0.024468
0.024481
0.024494
0.024508
0.024521
0.024534
0.024547
0.024204
0.024417
0.024444
0.024458
0.024472
0.024485
0.024499
0.024512
0.024525
0.024538
0.024551
0.050397
0.050619
0.050636
0.050650
0.050664
0.050678
0.050692
0.050705
0.050719
0.050732
0.050745
0.026778
0.027082
0.027127
0.027156
0.027184
0.027210
0.027237
0.027266
0.027293
0.027320
0.027352
0.025223
0.025490
0.025509
0.025524
0.025538
0.025552
0.025565
0.025579
0.025592
0.025605
0.025618
0.024889
0.025115
0.025132
0.025146
0.025160
0.025172
0.025186
0.025199
0.025212
0.025225
0.025238
0.025326
0.025549
0.025566
0.025580
0.025594
0.025607
0.025620
0.025634
0.025647
0.025660
0.025673
0.025141
0.025367
0.025386
0.025400
0.025414
0.025428
0.025441
0.025454
0.025467
0.025480
0.025493
0.024211
0.024447
0.024477
0.024505
0.024530
0.024554
0.024579
0.024603
0.024627
0.024652
0.024674
0.024496
0.024725
0.024746
0.024762
0.024779
0.024796
0.024812
0.024827
0.024843
0.024858
0.024874
0.024539
0.024780
0.024819
0.024839
0.024853
0.024867
0.024884
0.024899
0.024912
0.024926
0.024939
0.024778
0.025004
0.025022
0.025036
0.025050
0.025064
0.025077
0.025090
0.025103
0.025116
0.025129
0.050517
0.050741
0.050758
0.050773
0.050786
0.050800
0.050814
0.050827
0.050840
0.050853
0.050866
0.024917
0.025136
0.025162
0.025176
0.025190
0.025203
0.025216
0.025229
0.025242
0.025255
0.025268
0.027673
0.027902
0.027920
0.027934
0.027948
0.027961
0.027974
0.027987
0.028000
0.028013
0.028026
0.024447
0.024678
0.024695
0.024710
0.024723
0.024737
0.024750
0.024763
0.024776
0.024789
0.024802
0.024186
0.024408
0.024425
0.024439
0.024453
0.024466
0.024479
0.024493
0.024512
0.024526
0.024539
0.024282
0.024508
0.024525
0.024539
0.024553
0.024567
0.024580
0.024593
0.024606
0.024619
0.024633
0.024054
0.024281
0.024298
0.024312
0.024326
0.024339
0.024352
0.024365
0.024378
0.024391
0.024404
0.024360
0.024573
0.024590
0.024613
0.024633
0.024647
0.024660
0.024673
0.024686
0.024699
0.024713
0.026535
0.026764
0.026782
0.026797
0.026810
0.026824
0.026837
0.026850
0.026863
0.026876
0.026889
0.025384
0.025614
0.025631
0.025645
0.025659
0.025673
0.025686
0.025700
0.025717
0.025734
0.025749
0.053268
0.053492
0.053510
0.053527
0.053545
0.053561
0.053577
0.053592
0.053608
0.053624
0.053639
0.025811
0.026042
0.026062
0.026079
0.026094
0.026110
0.026126
0.026141
0.026156
0.026171
0.026187
0.025487
0.025714
0.025735
0.025752
0.025768
0.025784
0.025800
0.025816
0.025831
0.025846
0.025862
0.025835
0.026062
0.026083
0.026100
0.026116
0.026133
0.026150
0.026164
0.026177
0.026190
0.026206
0.025133
0.025349
0.025376
0.025390
0.025406
0.025424
0.025440
0.025456
0.025471
0.025486
0.025501
0.025193
0.025430
0.025450
0.025466
0.025484
0.025499
0.025515
0.025531
0.025548
0.025563
0.025579
0.025262
0.025489
0.025506
0.025521
0.025534
0.025548
0.025561
0.025574
0.025587
0.025600
0.025613
0.025411
0.025638
0.025656
0.025670
0.025684
0.025698
0.025711
0.025725
0.025738
0.025751
0.025764
0.025030
0.025257
0.025275
0.025289
0.025303
0.025316
0.025330
0.025343
0.025357
0.025370
0.025382
0.024744
0.024967
0.024985
0.024999
0.025013
0.025026
0.025039
0.025053
0.025065
0.025078
0.025091
0.050519
0.050741
0.050759
0.050773
0.050786
0.050799
0.050812
0.050825
0.050838
0.050851
0.050864
0.025138
0.025366
0.025384
0.025398
0.025412
0.025425
0.025438
0.025451
0.025465
0.025477
0.025490
0.025690
0.025914
0.025931
0.025945
0.025959
0.025972
0.025996
0.026009
0.026022
0.026036
0.026048
0.025711
0.025935
0.025953
0.025967
0.025981
0.025999
0.026013
0.026026
0.026039
0.026052
0.026066
0.025717
0.025940
0.025957
0.025971
0.025985
0.025998
0.026012
0.026025
0.026038
0.026051
0.026064
0.025235
0.025459
0.025477
0.025491
0.025505
0.025518
0.025532
0.025545
0.025558
0.025571
0.025584
0.025438
0.025669
0.025688
0.025705
0.025721
0.025737
0.025753
0.025770
0.025786
0.025802
0.025817
0.024315
0.024547
0.024568
0.024585
0.024601
0.024617
0.024633
0.024649
0.024664
0.024680
0.024695
0.024547
0.024761
0.024787
0.024801
0.024815
0.024828
0.024842
0.024855
0.024868
0.024882
0.024895
0.024589
0.024817
0.024834
0.024849
0.024863
0.024877
0.024890
0.024903
0.024916
0.024930
0.024943
0.050650
0.050864
0.050890
0.050905
0.050918
0.050932
0.050945
0.050959
0.050972
0.050985
0.050998
0.025088
0.025317
0.025336
0.025350
0.025363
0.025377
0.025401
0.025429
0.025454
0.025470
0.025484
0.024364
0.024587
0.024605
0.024619
0.024633
0.024647
0.024660
0.024674
0.024687
0.024700
0.024713
0.025105
0.025320
0.025347
0.025361
0.025375
0.025388
0.025402
0.025415
0.025428
0.025441
0.025455
0.025393
0.025614
0.025632
0.025646
0.025660
0.025674
0.025688
0.025701
0.025714
0.025727
0.025740
0.025771
0.025995
0.026013
0.026027
0.026041
0.026054
0.026067
0.026080
0.026094
0.026107
0.026120
0.025604
0.025828
0.025845
0.025860
0.025875
0.025888
0.025902
0.025915
0.025928
0.025941
0.025955
0.025720
0.025951
0.025968
0.025982
0.025996
0.026009
0.026022
0.026035
0.026048
0.026061
0.026073
0.025471
0.025699
0.025717
0.025731
0.025745
0.025759
0.025772
0.025785
0.025798
0.025811
0.025824
0.025420
0.025644
0.025662
0.025676
0.025690
0.025703
0.025717
0.025729
0.025742
0.025755
0.025769
0.051175
0.051387
0.051404
0.051418
0.051442
0.051455
0.051469
0.051482
0.051495
0.051508
0.051521
0.025956
0.026188
0.026206
0.026220
0.026234
0.026248
0.026262
0.026275
0.026288
0.026301
0.026314
0.025598
0.025815
0.025844
0.025861
0.025878
0.025895
0.025912
0.025928
0.025944
0.025960
0.025975
0.025545
0.025774
0.025795
0.025812
0.025829
0.025846
0.025860
0.025873
0.025886
0.025900
0.025913
0.025369
0.025594
0.025612
0.025626
0.025642
0.025660
0.025677
0.025692
0.025708
0.025723
0.025738
0.025247
0.025467
0.025487
0.025513
0.025530
0.025546
0.025562
0.025578
0.025593
0.025609
0.025624
0.024754
0.024981
0.025001
0.025018
0.025034
0.025050
0.025066
0.025082
0.025098
0.025113
0.025129
0.024705
0.024931
0.024951
0.024968
0.024984
0.024999
0.025014
0.025029
0.025045
0.025059
0.025075
0.025898
0.026128
0.026149
0.026167
0.026185
0.026202
0.026219
0.026234
0.026250
0.026265
0.026281
0.027269
0.027502
0.027523
0.027539
0.027556
0.027571
0.027587
0.027603
0.027618
0.027634
0.027650
0.051655
0.051887
0.051905
0.051920
0.051933
0.051947
0.051960
0.051973
0.051986
0.051999
0.052012
0.024801
0.025017
0.025044
0.025058
0.025072
0.025085
0.025099
0.025112
0.025125
0.025139
0.025152
0.024853
0.025071
0.025098
0.025113
0.025126
0.025140
0.025153
0.025166
0.025179
0.025192
0.025205
0.026355
0.026578
0.026596
0.026611
0.026625
0.026638
0.026652
0.026665
0.026678
0.026692
0.026705
0.025540
0.025784
0.025820
0.025840
0.025853
0.025867
0.025880
0.025893
0.025906
0.025919
0.025932
0.025223
0.025445
0.025463
0.025477
0.025491
0.025504
0.025518
0.025532
0.025545
0.025558
0.025572
0.025182
0.025410
0.025427
0.025441
0.025455
0.025469
0.025482
0.025496
0.025509
0.025522
0.025535
0.024750
0.024972
0.024990
0.025004
0.025017
0.025031
0.025044
0.025058
0.025071
0.025084
0.025097
0.024267
0.024480
0.024507
0.024521
0.024534
0.024548
0.024561
0.024574
0.024587
0.024600
0.024613
0.024315
0.024538
0.024565
0.024580
0.024593
0.024607
0.024621
0.024634
0.024647
0.024661
0.024675
0.050279
0.050504
0.050523
0.050537
0.050550
0.050564
0.050577
0.050591
0.050604
0.050617
0.050630
0.024745
0.024976
0.024994
0.025008
0.025023
0.025036
0.025050
0.025063
0.025075
0.025089
0.025102
0.024933
0.025151
0.025179
0.025193
0.025207
0.025220
0.025234
0.025246
0.025259
0.025273
0.025285
0.025452
0.025681
0.025708
0.025735
0.025760
0.025784
0.025808
0.025833
0.025857
0.025880
0.025904
0.025946
0.026175
0.026203
0.026228
0.026253
0.026277
0.026301
0.026325
0.026349
0.026373
0.026396
0.025455
0.025692
0.025725
0.025759
0.025785
0.025809
0.025834
0.025858
0.025882
0.025908
0.025931
0.024819
0.025056
0.025088
0.025113
0.025138
0.025162
0.025186
0.025210
0.025234
0.025258
0.025282
0.024510
0.024739
0.024764
0.024790
0.024814
0.024839
0.024864
0.024889
0.024913
0.024936
0.024960
0.024572
0.024801
0.024827
0.024853
0.024877
0.024900
0.024924
0.024948
0.024972
0.024995
0.025019
0.024525
0.024749
0.024789
0.024817
0.024842
0.024866
0.024890
0.024915
0.024938
0.024962
0.024987
0.050626
0.050865
0.050897
0.050925
0.050950
0.050976
0.050999
0.051024
0.051047
0.051071
0.051095
0.024659
0.024886
0.024911
0.024932
0.024953
0.024974
0.024993
0.025012
0.025032
0.025051
0.025069
0.024752
0.024987
0.025021
0.025047
0.025072
0.025097
0.025121
0.025145
0.025169
0.025193
0.025217
0.025297
0.025515
0.025540
0.025574
0.025599
0.025624
0.025648
0.025672
0.025697
0.025721
0.025744
0.025445
0.025682
0.025715
0.025740
0.025766
0.025790
0.025814
0.025838
0.025862
0.025887
0.025911
0.025530
0.025747
0.025782
0.025807
0.025831
0.025855
0.025879
0.025903
0.025927
0.025950
0.025974
0.025065
0.025301
0.025331
0.025360
0.025385
0.025411
0.025434
0.025459
0.025484
0.025507
0.025532
0.024712
0.024950
0.024982
0.025011
0.025036
0.025061
0.025085
0.025109
0.025133
0.025156
0.025180
0.024448
0.024682
0.024714
0.024742
0.024767
0.024792
0.024817
0.024841
0.024866
0.024889
0.024914
0.024961
0.025175
0.025203
0.025217
0.025230
0.025243
0.025256
0.025269
0.025282
0.025295
0.025308
0.050499
0.050723
0.050740
0.050754
0.050768
0.050782
0.050796
0.050809
0.050822
0.050835
0.050848
0.024751
0.024982
0.025002
0.025019
0.025034
0.025050
0.025065
0.025080
0.025095
0.025110
0.025125
0.024837
0.025070
0.025090
0.025107
0.025123
0.025138
0.025153
0.025168
0.025183
0.025199
0.025213
0.025104
0.025333
0.025354
0.025372
0.025390
0.025406
0.025422
0.025438
0.025454
0.025469
0.025485
0.025389
0.025620
0.025638
0.025652
0.025666
0.025680
0.025693
0.025706
0.025719
0.025732
0.025745
0.025455
0.025680
0.025698
0.025712
0.025726
0.025739
0.025753
0.025766
0.025779
0.025792
0.025805
0.025066
0.025295
0.025313
0.025327
0.025341
0.025354
0.025367
0.025381
0.025394
0.025407
0.025420
0.024418
0.024642
0.024659
0.024674
0.024688
0.024701
0.024714
0.024728
0.024741
0.024753
0.024773
0.024367
0.024588
0.024605
0.024620
0.024633
0.024647
0.024659
0.024673
0.024685
0.024698
0.024711
0.024355
0.024589
0.024609
0.024623
0.024637
0.024651
0.024664
0.024677
0.024690
0.024704
0.024717
