1.847914
0.032881
0.033199
0.033224
0.033245
0.033267
0.033283
0.033297
0.033315
0.033332
0.033348
0.033363
0.032699
0.032943
0.032959
0.032971
0.032986
0.033001
0.033015
0.033029
0.033043
0.033056
0.033070
0.026984
0.027221
0.027240
0.027255
0.027270
0.027284
0.027298
0.027312
0.027325
0.027339
0.027353
0.026680
0.026906
0.026924
0.026939
0.026953
0.026966
0.026980
0.026994
0.027008
0.027021
0.027034
0.025667
0.025898
0.025915
0.025929
0.025943
0.025957
0.025970
0.025983
0.025996
0.026009
0.026023
0.025346
0.025586
0.025606
0.025621
0.025635
0.025648
0.025661
0.025674
0.025687
0.025701
0.025714
0.025283
0.025498
0.025525
0.025539
0.025553
0.025566
0.025582
0.025595
0.025608
0.025622
0.025634
0.025537
0.025762
0.025779
0.025792
0.025806
0.025819
0.025832
0.025845
0.025858
0.025871
0.025884
0.025103
0.025334
0.025351
0.025375
0.025388
0.025402
0.025415
0.025428
0.025441
0.025454
0.025467
0.047001
0.047223
0.047250
0.047264
0.047278
0.047292
0.047305
0.047321
0.047334
0.047347
0.047360
0.026180
0.026412
0.026430
0.026444
0.026458
0.026471
0.026485
0.026498
0.026511
0.026524
0.026537
0.025190
0.025413
0.025431
0.025445
0.025459
0.025474
0.025487
0.025500
0.025513
0.025526
0.025539
0.026506
0.026751
0.026769
0.026783
0.026797
0.026811
0.026825
0.026838
0.026851
0.026864
0.026877
0.025843
0.026068
0.026086
0.026100
0.026114
0.026130
0.026143
0.026156
0.026169
0.026182
0.026196
0.027738
0.027963
0.027980
0.027994
0.028008
0.028021
0.028035
0.028048
0.028061
0.028075
0.028088
0.025831
0.026059
0.026076
0.026091
0.026104
0.026118
0.026131
0.026144
0.026159
0.026172
0.026185
0.028049
0.028266
0.028293
0.028307
0.028321
0.028335
0.028348
0.028362
0.028374
0.028388
0.028400
0.027691
0.027918
0.027936
0.027949
0.027963
0.027977
0.027990
0.028003
0.028016
0.028029
0.028042
0.027924
0.028151
0.028168
0.028186
0.028200
0.028214
0.028227
0.028240
0.028253
0.028266
0.028279
0.052339
0.052564
0.052581
0.052594
0.052608
0.052621
0.052634
0.052648
0.052661
0.052674
0.052687
0.028486
0.028713
0.028730
0.028744
0.028758
0.028771
0.028784
0.028797
0.028810
0.028823
0.028836
0.037785
0.038042
0.038067
0.038085
0.038103
0.038121
0.038139
0.038157
0.038174
0.038192
0.038209
0.033928
0.034158
0.034175
0.034195
0.034209
0.034223
0.034236
0.034249
0.034262
0.034275
0.034288
0.027459
0.027684
0.027701
0.027715
0.027729
0.027742
0.027756
0.027770
0.027783
0.027796
0.027809
0.027092
0.027313
0.027340
0.027354
0.027368
0.027384
0.027397
0.027410
0.027424
0.027436
0.027450
0.023810
0.024029
0.024055
0.024070
0.024083
0.024097
0.024110
0.024123
0.024136
0.024149
0.024162
0.023953
0.024176
0.024193
0.024207
0.024221
0.024235
0.024248
0.024261
0.024274
0.024287
0.024300
0.024253
0.024467
0.024493
0.024508
0.024521
0.024534
0.024548
0.024561
0.024574
0.024586
0.024599
0.024080
0.024304
0.024322
0.024336
0.024349
0.024363
0.024376
0.024389
0.024402
0.024415
0.024428
0.048889
0.049156
0.049175
0.049194
0.049210
0.049223
0.049237
0.049251
0.049276
0.049292
0.049305
0.032905
0.033149
0.033181
0.033201
0.033219
0.033237
0.033255
0.033273
0.033291
0.033309
0.033328
0.029207
0.029437
0.029455
0.029469
0.029483
0.029496
0.029510
0.029523
0.029536
0.029549
0.029562
0.023989
0.024209
0.024240
0.024254
0.024268
0.024281
0.024294
0.024308
0.024322
0.024335
0.024348
0.024575
0.024807
0.024825
0.024839
0.024853
0.024866
0.024880
0.024893
0.024907
0.024920
0.024933
0.024306
0.024533
0.024564
0.024596
0.024622
0.024646
0.024669
0.024694
0.024718
0.024741
0.024765
0.024476
0.024714
0.024747
0.024772
0.024797
0.024821
0.024844
0.024868
0.024891
0.024915
0.024938
0.024507
0.024745
0.024778
0.024803
0.024829
0.024852
0.024877
0.024901
0.024924
0.024951
0.024979
0.024765
0.025006
0.025040
0.025067
0.025093
0.025117
0.025141
0.025165
0.025189
0.025213
0.025236
0.024986
0.025227
0.025260
0.025284
0.025309
0.025335
0.025359
0.025383
0.025407
0.025430
0.025454
0.049062
0.049292
0.049321
0.049345
0.049371
0.049395
0.049419
0.049443
0.049466
0.049491
0.049514
0.023963
0.024189
0.024206
0.024220
0.024234
0.024248
0.024261
0.024275
0.024288
0.024301
0.024314
0.023925
0.024159
0.024177
0.024191
0.024205
0.024218
0.024231
0.024244
0.024256
0.024269
0.024282
0.023823
0.024040
0.024068
0.024082
0.024096
0.024110
0.024123
0.024136
0.024149
0.024162
0.024175
0.024329
0.024558
0.024576
0.024591
0.024604
0.024618
0.024631
0.024644
0.024657
0.024670
0.024683
0.024701
0.024929
0.024946
0.024960
0.024974
0.024988
0.025001
0.025014
0.025027
0.025041
0.025054
0.024231
0.024459
0.024477
0.024492
0.024505
0.024519
0.024532
0.024546
0.024559
0.024572
0.024585
0.024001
0.024217
0.024244
0.024258
0.024271
0.024285
0.024298
0.024312
0.024325
0.024338
0.024351
0.025086
0.025309
0.025326
0.025340
0.025354
0.025367
0.025380
0.025393
0.025406
0.025423
0.025436
0.024441
0.024655
0.024681
0.024695
0.024709
0.024723
0.024736
0.024749
0.024762
0.024775
0.024788
0.049316
0.049541
0.049559
0.049573
0.049587
0.049600
0.049614
0.049627
0.049640
0.049653
0.049666
0.024220
0.024450
0.024469
0.024483
0.024497
0.024510
0.024523
0.024537
0.024550
0.024563
0.024576
0.024418
0.024632
0.024658
0.024672
0.024686
0.024698
0.024711
0.024724
0.024737
0.024750
0.024763
0.023881
0.024106
0.024123
0.024137
0.024151
0.024165
0.024178
0.024191
0.024204
0.024217
0.024230
0.024667
0.024894
0.024911
0.024925
0.024938
0.024951
0.024965
0.024978
0.024991
0.025005
0.025018
0.025257
0.025474
0.025501
0.025516
0.025533
0.025546
0.025559
0.025572
0.025585
0.025598
0.025611
0.025887
0.026104
0.026130
0.026144
0.026157
0.026170
0.026183
0.026196
0.026210
0.026223
0.026236
0.024877
0.025107
0.025125
0.025139
0.025153
0.025166
0.025180
0.025193
0.025206
0.025219
0.025232
0.024729
0.024954
0.024971
0.024984
0.024997
0.025011
0.025024
0.025038
0.025051
0.025064
0.025077
0.024820
0.025044
0.025062
0.025076
0.025090
0.025103
0.025116
0.025129
0.025143
0.025156
0.025169
0.048196
0.048420
0.048437
0.048451
0.048465
0.048479
0.048493
0.048506
0.048519
0.048532
0.048545
0.024092
0.024319
0.024337
0.024351
0.024365
0.024378
0.024391
0.024404
0.024417
0.024430
0.024443
0.023248
0.023479
0.023497
0.023511
0.023525
0.023539
0.023568
0.023600
0.023625
0.023640
0.023654
0.023369
0.023593
0.023611
0.023625
0.023638
0.023652
0.023665
0.023678
0.023691
0.023704
0.023717
0.023948
0.024165
0.024181
0.024195
0.024219
0.024232
0.024246
0.024259
0.024272
0.024285
0.024298
0.024197
0.024426
0.024443
0.024457
0.024471
0.024484
0.024498
0.024511
0.024524
0.024537
0.024550
0.024396
0.024628
0.024645
0.024660
0.024674
0.024688
0.024701
0.024714
0.024728
0.024741
0.024754
0.024575
0.024807
0.024828
0.024846
0.024861
0.024877
0.024892
0.024908
0.024923
0.024938
0.024953
0.024569
0.024803
0.024824
0.024841
0.024858
0.024874
0.024891
0.024908
0.024923
0.024939
0.024954
0.025460
0.025693
0.025714
0.025731
0.025749
0.025765
0.025782
0.025797
0.025813
0.025829
0.025845
0.049250
0.049468
0.049498
0.049515
0.049531
0.049547
0.049563
0.049579
0.049594
0.049610
0.049625
0.025140
0.025366
0.025383
0.025397
0.025411
0.025424
0.025437
0.025451
0.025464
0.025477
0.025491
0.024865
0.025087
0.025104
0.025118
0.025132
0.025145
0.025158
0.025171
0.025184
0.025197
0.025210
0.025034
0.025264
0.025281
0.025295
0.025308
0.025321
0.025335
0.025348
0.025361
0.025374
0.025388
0.025235
0.025461
0.025478
0.025492
0.025506
0.025520
0.025533
0.025546
0.025559
0.025573
0.025585
0.024674
0.024899
0.024917
0.024931
0.024945
0.024958
0.024972
0.024985
0.024999
0.025012
0.025025
0.024597
0.024825
0.024842
0.024856
0.024869
0.024882
0.024895
0.024908
0.024922
0.024935
0.024947
0.024739
0.024968
0.024988
0.025005
0.025021
0.025037
0.025052
0.025068
0.025083
0.025098
0.025113
0.024815
0.025035
0.025065
0.025082
0.025099
0.025115
0.025131
0.025146
0.025162
0.025177
0.025193
0.024330
0.024547
0.024576
0.024594
0.024611
0.024626
0.024643
0.024658
0.024674
0.024690
0.024706
0.048939
0.049162
0.049182
0.049198
0.049213
0.049231
0.049245
0.049260
0.049275
0.049290
0.049305
0.025495
0.025731
0.025751
0.025769
0.025786
0.025802
0.025818
0.025834
0.025850
0.025865
0.025881
0.024225
0.024452
0.024470
0.024484
0.024498
0.024511
0.024524
0.024537
0.024550
0.024563
0.024576
0.023910
0.024136
0.024154
0.024168
0.024183
0.024197
0.024210
0.024223
0.024237
0.024251
0.024264
0.023997
0.024222
0.024239
0.024253
0.024267
0.024280
0.024293
0.024306
0.024319
0.024332
0.024345
0.024390
0.024612
0.024629
0.024644
0.024657
0.024671
0.024685
0.024698
0.024711
0.024725
0.024738
0.024656
0.024874
0.024901
0.024915
0.024929
0.024942
0.024955
0.024968
0.024981
0.024994
0.025007
0.023261
0.023476
0.023493
0.023507
0.023530
0.023544
0.023557
0.023570
0.023583
0.023597
0.023610
0.024027
0.024259
0.024276
0.024290
0.024303
0.024316
0.024329
0.024342
0.024355
0.024368
0.024381
0.023746
0.023970
0.023987
0.024001
0.024014
0.024028
0.024041
0.024055
0.024068
0.024081
0.024094
0.048566
0.048791
0.048809
0.048823
0.048836
0.048850
0.048863
0.048876
0.048889
0.048902
0.048915
0.024584
0.024812
0.024829
0.024844
0.024857
0.024871
0.024884
0.024897
0.024911
0.024924
0.024937
0.023443
0.023669
0.023687
0.023701
0.023714
0.023728
0.023741
0.023754
0.023767
0.023780
0.023794
0.023450
0.023676
0.023694
0.023709
0.023722
0.023736
0.023749
0.023763
0.023776
0.023789
0.023802
0.022871
0.023086
0.023113
0.023127
0.023141
0.023154
0.023167
0.023180
0.023193
0.023207
0.023220
0.023301
0.023533
0.023551
0.023565
0.023579
0.023593
0.023606
0.023619
0.023633
0.023646
0.023659
0.023427
0.023653
0.023670
0.023685
0.023698
0.023711
0.023725
0.023737
0.023751
0.023765
0.023778
0.023345
0.023572
0.023590
0.023604
0.023618
0.023631
0.023645
0.023658
0.023671
0.023684
0.023697
0.024269
0.024534
0.024553
0.024567
0.024581
0.024594
0.024607
0.024621
0.024634
0.024647
0.024661
0.023891
0.024117
0.024135
0.024150
0.024163
0.024176
0.024189
0.024202
0.024216
0.024229
0.024241
0.048951
0.049176
0.049193
0.049208
0.049222
0.049235
0.049249
0.049263
0.049276
0.049289
0.049302
0.024525
0.024742
0.024759
0.024783
0.024797
0.024810
0.024823
0.024836
0.024849
0.024861
0.024874
0.024300
0.024526
0.024543
0.024558
0.024571
0.024585
0.024598
0.024612
0.024625
0.024640
0.024653
0.022838
0.023066
0.023083
0.023098
0.023112
0.023125
0.023139
0.023152
0.023165
0.023179
0.023192
0.022743
0.022970
0.022988
0.023002
0.023016
0.023030
0.023043
0.023056
0.023069
0.023082
0.023095
0.022849
0.023068
0.023095
0.023109
0.023123
0.023136
0.023149
0.023162
0.023175
0.023188
0.023201
0.023782
0.024007
0.024025
0.024040
0.024054
0.024068
0.024081
0.024095
0.024107
0.024121
0.024134
0.023032
0.023251
0.023278
0.023292
0.023305
0.023319
0.023332
0.023345
0.023359
0.023371
0.023385
0.022962
0.023193
0.023224
0.023248
0.023273
0.023298
0.023322
0.023346
0.023370
0.023393
0.023417
0.023256
0.023491
0.023519
0.023544
0.023569
0.023593
0.023618
0.023641
0.023664
0.023689
0.023712
0.048505
0.048742
0.048777
0.048803
0.048828
0.048853
0.048878
0.048901
0.048925
0.048948
0.048971
0.022830
0.023049
0.023072
0.023104
0.023129
0.023153
0.023178
0.023202
0.023226
0.023250
0.023274
0.022960
0.023180
0.023203
0.023235
0.023258
0.023283
0.023306
0.023329
0.023353
0.023376
0.023399
0.022814
0.023031
0.023052
0.023084
0.023109
0.023133
0.023157
0.023182
0.023205
0.023229
0.023252
0.022652
0.022876
0.022915
0.022942
0.022965
0.022990
0.023014
0.023038
0.023062
0.023086
0.023109
0.023172
0.023408
0.023438
0.023466
0.023490
0.023515
0.023539
0.023563
0.023587
0.023611
0.023635
0.022854
0.023066
0.023095
0.023109
0.023123
0.023137
0.023149
0.023162
0.023175
0.023189
0.023202
0.022686
0.022909
0.022926
0.022940
0.022954
0.022967
0.022981
0.022994
0.023007
0.023021
0.023035
0.022892
0.023123
0.023140
0.023154
0.023168
0.023182
0.023195
0.023208
0.023221
0.023234
0.023247
0.023043
0.023266
0.023283
0.023297
0.023311
0.023324
0.023337
0.023351
0.023365
0.023378
0.023391
0.046977
0.047189
0.047215
0.047230
0.047243
0.047256
0.047270
0.047283
0.047296
0.047309
0.047322
0.023447
0.023675
0.023692
0.023706
0.023720
0.023733
0.023747
0.023761
0.023774
0.023787
0.023800
0.023354
0.023580
0.023597
0.023611
0.023625
0.023638
0.023651
0.023664
0.023677
0.023689
0.023702
0.023489
0.023717
0.023735
0.023749
0.023763
0.023776
0.023790
0.023803
0.023816
0.023829
0.023843
0.022921
0.023136
0.023153
0.023176
0.023190
0.023203
0.023216
0.023229
0.023242
0.023254
0.023267
0.023089
0.023301
0.023328
0.023343
0.023357
0.023371
0.023384
0.023398
0.023411
0.023424
0.023437
0.022984
0.023216
0.023234
0.023248
0.023262
0.023276
0.023289
0.023303
0.023316
0.023329
0.023342
0.023067
0.023298
0.023315
0.023330
0.023354
0.023367
0.023381
0.023394
0.023407
0.023421
0.023434
0.023004
0.023220
0.023247
0.023261
0.023274
0.023288
0.023300
0.023314
0.023327
0.023340
0.023353
0.022898
0.023128
0.023146
0.023160
0.023174
0.023188
0.023201
0.023214
0.023228
0.023241
0.023254
0.048285
0.048519
0.048553
0.048578
0.048603
0.048628
0.048652
0.048675
0.048700
0.048723
0.048747
0.022752
0.022988
0.023020
0.023048
0.023073
0.023099
0.023124
0.023148
0.023172
0.023196
0.023219
0.024593
0.024832
0.024861
0.024888
0.024913
0.024939
0.024962
0.024986
0.025010
0.025033
0.025058
0.023165
0.023384
0.023419
0.023445
0.023467
0.023492
0.023516
0.023540
0.023564
0.023588
0.023612
0.023359
0.023602
0.023634
0.023659
0.023684
0.023708
0.023732
0.023756
0.023780
0.023804
0.023828
0.023441
0.023683
0.023710
0.023726
0.023740
0.023753
0.023767
0.023781
0.023793
0.023806
0.023819
0.022709
0.022936
0.022954
0.022968
0.022982
0.022995
0.023009
0.023022
0.023035
0.023049
0.023063
0.022441
0.022668
0.022701
0.022723
0.022744
0.022764
0.022784
0.022803
0.022823
0.022842
0.022861
0.023272
0.023495
0.023513
0.023527
0.023541
0.023554
0.023570
0.023589
0.023607
0.023626
0.023645
0.022615
0.022841
0.022861
0.022877
0.022893
0.022908
0.022923
0.022938
0.022953
0.022968
0.022983
0.048217
0.048524
0.048551
0.048576
0.048590
0.048604
0.048617
0.048631
0.048644
0.048657
0.048670
0.022689
0.022925
0.022954
0.022982
0.023007
0.023032
0.023056
0.023080
0.023104
0.023128
0.023151
0.023583
0.023816
0.023839
0.023862
0.023886
0.023911
0.023935
0.023960
0.023984
0.024008
0.024032
0.023729
0.023967
0.023996
0.024024
0.024049
0.024075
0.024100
0.024123
0.024148
0.024171
0.024196
0.024289
0.024526
0.024556
0.024584
0.024610
0.024635
0.024660
0.024684
0.024708
0.024733
0.024756
0.024467
0.024703
0.024733
0.024760
0.024784
0.024809
0.024833
0.024857
0.024881
0.024904
0.024928
0.024822
0.025048
0.025072
0.025095
0.025118
0.025143
0.025167
0.025191
0.025214
0.025238
0.025261
0.024084
0.024324
0.024354
0.024381
0.024407
0.024431
0.024457
0.024480
0.024503
0.024527
0.024550
0.025783
0.026023
0.026053
0.026079
0.026104
0.026129
0.026154
0.026177
0.026201
0.026225
0.026248
0.024298
0.024521
