516	275	200	176
525	276	196	172
530	278	197	173
535	281	199	175
540	284	201	177
545	286	203	178
550	289	205	180
556	292	207	182
561	295	209	183
566	297	211	185
571	300	213	187
576	303	215	188
631	269	203	179
640	268	203	179
650	267	204	180
659	267	204	180
669	266	205	181
679	265	206	182
688	265	206	182
698	264	207	183
708	263	208	184
717	263	208	184
727	262	209	185
752	266	212	186
761	265	212	186
772	265	213	187
782	264	214	187
793	264	214	188
803	263	215	189
814	263	216	189
825	263	217	190
835	262	217	191
846	262	218	191
856	261	219	192
763	262	203	179
773	261	203	179
778	261	203	179
782	260	203	179
787	260	203	179
792	260	202	179
797	259	202	178
801	259	202	178
806	259	202	178
811	258	202	178
815	258	201	178
784	262	212	186
788	261	211	185
791	261	212	186
794	261	212	186
796	261	212	186
799	261	213	187
802	260	213	187
804	260	213	187
807	260	214	187
810	260	214	188
812	260	215	188
750	277	203	179
752	276	203	179
751	277	203	179
750	278	202	178
749	279	202	178
748	280	202	178
747	280	201	178
746	281	201	177
746	282	201	177
745	283	200	177
744	283	200	177
751	293	196	172
750	293	195	171
749	295	195	171
748	296	194	170
748	297	194	170
747	298	193	169
747	300	192	169
746	301	192	168
746	302	191	168
745	303	191	167
745	305	190	167
806	318	188	165
805	319	187	164
808	321	186	163
811	323	186	163
814	324	185	162
816	326	184	162
819	328	184	161
822	330	183	160
825	332	182	160
828	334	182	159
831	336	181	159
811	342	184	162
813	343	183	161
815	346	182	160
817	348	182	160
818	350	181	160
820	352	181	159
821	354	180	159
823	356	180	158
824	358	179	158
826	360	179	158
828	362	178	157
802	357	177	156
803	359	176	155
803	360	175	155
803	362	175	154
803	364	174	154
803	365	174	153
803	367	173	153
803	369	173	152
803	370	172	152
803	372	171	151
804	374	171	151
687	355	181	159
687	356	180	158
680	357	180	158
674	357	180	158
667	358	180	158
661	358	180	158
654	359	180	158
648	359	180	158
641	360	180	158
635	360	180	158
629	361	180	158
629	374	181	159
622	374	180	158
616	375	181	158
610	376	181	159
604	378	181	159
598	379	181	159
592	380	181	159
585	381	181	159
579	382	181	159
573	384	181	159
567	385	181	159
613	384	177	156
606	385	177	156
603	386	176	155
600	387	176	155
597	388	176	155
593	389	176	155
590	390	175	155
587	391	175	155
584	392	175	154
580	393	175	154
577	394	175	154
585	396	170	150
581	397	169	149
579	398	169	149
576	399	168	149
573	400	168	148
571	401	167	148
568	402	167	147
565	403	166	147
563	404	166	147
560	405	165	146
557	406	165	146
592	397	174	153
589	398	173	152
588	398	173	152
588	399	173	152
587	399	173	152
586	399	173	152
586	400	173	152
585	400	173	152
585	401	173	152
584	401	173	152
583	402	173	152
615	395	167	147
614	395	167	146
615	395	166	146
616	395	166	146
617	395	165	146
618	395	165	145
620	395	165	145
621	395	164	145
622	395	164	144
623	395	164	144
624	395	163	144
612	394	167	147
613	394	166	146
613	393	166	146
613	393	166	146
614	393	166	146
614	393	166	146
615	393	165	145
615	393	165	145
615	393	165	145
616	393	165	145
616	393	165	145
607	395	160	141
607	394	159	140
607	394	159	140
607	394	158	140
606	395	158	139
606	395	158	139
606	395	157	138
606	395	157	138
606	395	156	138
606	395	156	137
605	395	155	137
585	400	154	136
584	400	153	135
583	400	153	135
582	400	152	134
580	400	152	134
579	401	151	133
578	401	150	133
576	401	150	132
575	402	149	132
574	402	149	132
572	402	148	131
538	392	160	141
536	392	159	140
533	391	159	140
530	391	159	140
527	391	159	140
523	391	159	140
520	390	160	141
517	390	160	141
514	390	160	141
511	389	160	141
508	389	160	141
482	387	154	136
478	386	154	136
474	386	153	135
469	385	153	135
465	385	153	135
461	384	153	135
456	384	152	135
452	384	152	134
447	383	152	134
443	383	152	134
438	382	151	134
455	376	151	133
450	375	150	132
447	374	150	132
443	373	150	132
440	373	149	132
437	372	149	131
434	371	149	131
430	370	149	131
427	370	148	130
424	369	148	130
420	368	148	130
453	378	151	133
449	377	150	132
448	376	150	132
447	376	150	132
445	376	150	132
444	376	150	132
443	376	150	132
441	375	150	132
440	375	149	131
439	375	149	131
437	375	149	131
448	381	145	128
446	380	144	127
445	380	144	127
445	381	144	127
444	381	143	126
443	381	143	126
443	381	143	126
442	381	142	126
441	381	142	125
441	381	141	125
440	381	141	125
444	395	148	130
443	395	147	129
442	395	147	129
442	396	147	129
441	397	147	129
441	398	147	129
441	399	147	129
440	400	147	129
440	400	147	129
439	401	147	129
439	402	147	129
435	412	142	125
434	412	142	124
433	414	141	124
433	415	141	124
432	416	141	124
431	418	140	123
431	419	140	123
430	420	140	123
429	422	139	123
429	423	139	122
428	424	139	122
426	395	137	120
425	396	136	119
424	395	136	119
423	395	135	118
423	395	135	118
422	394	135	118
421	394	134	117
420	393	134	117
419	393	133	116
419	393	133	116
418	392	132	116
428	381	131	116
427	380	130	115
427	379	130	115
426	378	129	114
426	377	129	114
426	376	128	114
426	375	128	113
426	374	127	113
425	373	127	112
425	372	126	112
425	371	126	112
386	374	137	120
385	372	136	119
383	372	136	119
381	371	136	119
378	370	136	119
376	369	137	119
373	368	137	119
371	368	137	120
369	367	137	120
366	366	137	120
364	365	137	120
369	366	142	125
366	365	142	125
364	364	142	125
362	363	142	125
360	362	143	126
358	362	143	126
356	361	143	126
354	360	144	127
352	359	144	127
350	359	145	127
348	358	145	128
377	366	148	130
374	365	148	130
374	364	148	130
374	364	149	131
374	364	149	131
373	364	150	132
373	363	150	132
373	363	151	132
372	363	151	133
372	362	152	133
372	362	152	134
337	380	154	136
336	379	154	136
334	380	155	136
332	381	155	137
329	381	156	137
327	382	156	138
325	383	157	138
323	383	157	139
320	384	158	139
318	385	158	140
316	385	159	140
354	394	151	133
351	394	151	133
351	395	151	133
351	396	151	133
351	397	151	133
351	399	151	133
351	400	151	133
351	401	151	133
351	402	151	133
351	403	151	133
351	404	151	133
401	495	157	138
400	496	157	138
403	502	157	138
406	508	157	138
409	514	158	138
411	520	158	139
414	526	158	139
417	532	158	139
419	538	159	139
422	544	159	140
425	550	159	140
440	507	164	144
442	513	164	144
446	516	164	144
449	519	165	145
452	522	165	145
456	526	166	146
459	529	166	146
462	532	167	146
466	536	168	147
469	539	168	147
473	542	169	148
487	476	164	144
490	479	164	144
494	478	164	144
498	478	164	144
502	477	165	145
506	476	165	145
510	476	165	145
514	475	165	145
518	475	166	145
522	474	166	145
526	474	166	146
510	477	170	150
513	476	170	150
516	476	170	150
519	475	171	150
522	475	171	151
525	474	171	151
528	474	172	152
531	474	172	152
533	473	173	152
536	473	173	153
539	472	173	153
514	492	167	147
516	491	167	147
518	492	167	147
519	492	167	147
520	493	167	147
521	494	167	147
523	495	167	147
524	495	167	147
525	496	167	147
527	497	167	147
528	497	167	147
470	345	174	153
471	345	173	152
469	337	174	153
467	330	174	153
465	322	175	153
463	314	175	154
461	306	175	154
459	298	176	154
457	290	176	155
455	283	176	155
452	275	177	155
420	337	167	147
417	329	167	147
414	325	167	147
410	321	166	146
406	317	166	146
402	313	166	146
399	309	166	146
395	305	166	146
391	301	165	145
387	297	165	145
384	293	165	145
385	335	160	141
381	331	159	140
377	329	159	140
374	328	158	139
370	326	158	139
367	325	157	139
363	323	157	138
360	322	156	138
356	320	156	137
353	319	155	137
349	318	155	136
441	335	167	147
437	333	166	146
439	333	166	146
440	332	166	146
442	332	167	147
444	331	167	147
446	331	167	147
448	331	167	147
449	330	167	147
451	330	167	147
453	329	168	147
545	337	170	150
546	336	170	150
553	336	170	150
560	336	170	150
566	336	170	150
573	336	171	151
580	336	171	151
587	336	171	151
593	336	172	151
600	336	172	152
607	336	172	152
576	316	167	147
582	316	167	147
587	314	167	147
592	313	167	147
596	312	167	147
601	311	167	147
605	310	167	146
610	309	166	146
615	308	166	146
619	306	166	146
624	305	166	146
584	307	167	147
588	305	166	146
590	304	166	146
592	303	166	146
595	302	166	146
597	301	166	146
599	300	166	146
601	299	166	146
603	298	166	146
605	297	166	146
607	296	166	146
579	297	170	150
581	295	169	149
581	295	170	150
581	294	170	150
582	293	170	150
582	292	170	150
583	291	170	150
583	290	170	150
584	289	171	151
584	288	171	151
584	287	171	151
589	290	174	153
589	289	174	153
590	288	174	153
590	287	174	153
591	286	175	153
591	286	175	154
592	285	175	154
593	284	175	154
593	283	176	154
594	283	176	155
594	282	176	155
588	280	181	159
588	279	181	159
588	278	181	159
589	277	182	160
589	276	182	160
589	275	183	160
589	275	183	161
589	274	184	161
590	273	184	162
590	272	185	162
590	271	185	163
604	268	188	165
604	267	188	165
605	266	189	165
606	265	189	166
607	264	190	166
607	263	190	167
608	262	191	167
609	261	192	168
610	260	192	169
611	259	193	169
612	258	193	170
607	258	188	165
607	257	188	165
608	256	188	165
609	255	189	165
609	254	189	166
610	253	189	166
610	252	189	166
611	251	190	166
611	250	190	166
612	249	190	167
613	248	190	167
601	251	181	159
601	250	181	159
601	249	180	158
601	248	180	158
601	247	180	158
601	247	179	158
600	246	179	157
600	245	179	157
600	244	179	157
600	243	178	157
600	243	178	156
595	242	188	165
594	241	187	164
594	240	187	164
594	239	188	165
593	238	188	165
593	238	188	165
592	237	188	165
592	236	189	165
591	235	189	166
591	234	189	166
591	234	189	166
581	232	196	172
580	231	196	172
579	230	196	172
578	229	197	173
577	228	197	173
576	227	198	174
575	226	199	174
574	226	199	175
573	225	200	175
572	224	200	176
571	223	201	176
578	226	188	165
577	225	188	165
576	224	188	165
575	223	188	165
575	223	187	164
574	222	187	164
574	221	187	164
573	221	187	164
573	220	187	164
572	219	186	164
571	219	186	163
565	215	196	172
564	214	195	171
563	213	196	172
562	212	196	172
561	211	196	172
560	210	197	172
559	210	197	173
558	209	197	173
557	208	198	173
557	207	198	174
556	206	198	174
533	263	203	179
532	262	203	179
529	264	203	179
527	266	204	180
525	269	204	180
523	271	205	181
521	273	206	181
519	276	206	182
517	278	207	182
514	280	207	183
512	282	208	183
516	342	203	179
513	344	203	179
511	349	203	179
510	355	203	179
508	360	204	180
506	366	204	180
504	371	204	180
502	377	204	180
500	382	205	181
499	388	205	181
497	393	205	181
417	359	196	172
415	364	196	172
408	367	195	171
402	370	195	171
396	374	195	171
390	377	194	170
384	380	194	170
377	383	194	170
371	387	193	169
365	390	193	169
359	393	193	169
533	421	199	175
526	424	198	174
530	428	198	174
534	433	198	174
538	437	198	174
541	442	198	174
545	447	198	174
549	451	198	174
553	456	198	174
556	460	198	174
560	465	198	174
475	405	192	169
478	409	192	169
477	410	191	168
476	411	191	168
475	412	190	168
474	413	190	167
472	414	190	167
471	415	189	167
470	416	189	166
469	417	189	166
468	418	188	166
357	468	184	162
355	468	183	161
348	472	183	161
341	476	182	160
333	479	181	160
326	483	181	159
319	487	180	159
312	490	179	158
304	494	179	158
297	498	178	157
290	502	178	156
403	461	184	162
395	464	183	161
395	465	183	161
394	467	182	161
393	468	182	160
393	469	182	160
392	470	182	160
391	471	181	160
391	473	181	159
390	474	181	159
389	475	181	159
429	348	192	169
428	349	191	168
429	343	192	169
431	337	192	169
433	331	192	169
434	325	193	170
436	319	193	170
437	313	193	170
439	307	194	171
440	301	194	171
442	295	195	171
398	382	199	175
399	376	199	175
398	375	199	175
397	374	200	176
396	373	201	176
395	372	201	177
394	371	202	177
393	371	202	178
392	370	203	178
391	369	203	179
390	368	204	179
327	411	192	169
326	410	192	169
321	411	192	169
317	413	192	169
312	414	192	169
308	416	191	168
303	418	191	168
299	419	191	168
294	421	191	168
290	422	191	168
285	424	191	168
271	427	184	162
266	428	183	161
261	430	183	161
256	431	182	160
251	433	182	160
246	435	181	159
241	436	181	159
236	438	180	159
231	440	180	158
226	441	179	158
221	443	178	157
281	446	192	169
275	447	191	168
274	449	191	168
273	451	191	168
271	452	192	169
270	454	192	169
268	456	192	169
267	457	192	169
265	459	192	169
264	461	193	169
262	462	193	170
415	338	199	175
413	339	199	175
420	334	199	175
427	329	200	176
434	323	200	176
441	318	201	176
448	313	201	177
455	307	202	177
463	302	202	178
470	297	203	178
477	291	203	179
348	373	208	183
355	367	208	183
354	367	209	184
354	366	209	184
353	366	210	185
353	365	211	185
352	364	212	186
352	364	212	187
351	363	213	187
351	363	214	188
350	362	214	189
263	428	216	190
262	427	216	190
257	430	217	191
251	433	218	191
246	436	218	192
241	439	219	193
235	443	220	193
230	446	221	194
225	449	221	195
219	452	222	195
214	455	223	196
273	437	220	194
267	440	220	194
265	442	221	195
264	443	221	195
262	445	222	196
260	447	222	196
258	449	223	197
256	451	223	197
255	453	224	197
253	455	224	198
251	457	225	198
301	378	225	198
299	379	225	198
300	377	225	198
301	374	226	199
302	372	226	199
303	369	227	200
304	366	227	200
305	364	228	200
306	361	228	201
307	359	229	201
308	356	229	202
334	320	216	190
335	317	216	190
337	312	216	190
339	308	215	189
342	303	215	189
344	299	215	189
347	295	214	188
349	290	214	188
351	286	214	188
354	281	213	188
356	277	213	187
354	314	212	186
356	309	211	185
358	307	211	185
360	305	210	184
362	302	210	184
364	300	210	184
367	298	209	183
369	296	209	183
371	294	208	183
373	292	208	182
375	289	208	182
344	298	203	179
346	295	202	178
346	294	201	178
346	292	201	177
346	290	200	177
347	289	199	176
347	287	199	175
347	286	198	175
347	284	198	174
348	282	197	174
348	281	196	173
345	291	196	172
345	289	195	171
345	288	194	170
345	287	194	170
345	286	193	169
345	285	192	169
345	284	192	168
345	283	191	167
345	282	190	167
345	281	190	166
345	280	189	165
339	291	188	165
339	290	187	164
338	289	186	163
338	289	185	163
338	288	185	162
337	288	184	161
337	288	183	161
337	287	183	160
336	287	182	159
336	287	181	159
336	286	181	158
306	296	184	162
305	295	183	161
303	295	182	160
301	296	182	160
299	296	181	160
297	296	181	159
295	296	180	159
293	296	180	158
291	296	179	158
289	297	179	158
287	297	178	157
316	302	177	156
314	302	176	155
313	302	175	155
313	303	175	154
313	303	174	154
312	303	174	153
312	304	173	153
312	304	173	152
311	305	172	152
311	305	171	151
311	306	171	151
345	303	181	159
344	303	180	158
346	303	180	158
347	303	180	158
349	304	180	158
351	304	180	158
352	304	180	158
354	304	180	158
355	305	180	158
357	305	180	158
358	305	180	158
387	295	174	153
388	295	173	152
391	294	173	152
394	294	173	152
397	294	172	152
400	293	172	151
403	293	172	151
406	293	171	151
409	292	171	150
412	292	171	150
416	291	170	150
442	311	177	156
445	310	176	155
449	311	176	155
453	312	176	155
458	312	176	155
462	313	176	155
466	314	176	155
470	314	176	155
475	315	176	155
479	316	176	155
483	317	176	155
385	297	181	159
389	297	181	159
387	297	181	159
386	296	181	159
385	296	181	159
383	295	181	159
382	295	182	160
380	295	182	160
379	294	182	160
378	294	182	160
376	293	183	160
369	269	177	156
367	268	177	156
365	266	177	156
364	264	177	156
362	263	176	155
360	261	176	155
358	259	176	155
357	257	176	155
355	256	176	155
353	254	176	155
351	252	176	155
433	263	170	150
431	261	169	149
434	260	169	149
436	258	168	149
439	257	168	148
442	256	168	148
445	255	167	148
448	254	167	147
451	253	166	147
453	252	166	146
456	251	165	146
506	267	167	147
508	265	166	146
514	265	166	146
519	265	165	145
525	265	165	145
530	265	165	145
535	265	164	144
541	264	164	144
546	264	164	144
552	264	163	143
557	264	163	143
523	268	160	141
528	267	159	140
531	267	159	140
534	267	158	139
538	267	158	139
541	267	157	138
544	268	157	138
547	268	156	137
550	268	155	137
554	268	155	136
557	268	154	136
549	261	157	138
552	261	156	137
554	260	156	137
557	260	155	136
559	259	155	136
562	259	154	136
565	259	154	135
567	258	154	135
570	258	153	135
572	258	153	134
575	257	153	134
531	255	157	138
533	254	156	137
533	254	156	137
533	253	156	137
533	253	156	137
533	252	156	137
533	252	155	136
533	251	155	136
533	251	155	136
533	250	155	136
533	250	155	136
456	271	151	133
456	270	150	132
451	271	150	132
447	271	150	132
443	272	149	131
438	273	149	131
434	273	148	131
430	274	148	130
425	275	148	130
421	275	147	130
417	276	147	130
433	303	148	130
428	303	147	129
425	305	147	129
422	307	146	129
419	310	146	128
415	312	146	128
412	314	145	128
409	316	145	127
406	318	145	127
403	320	145	127
399	322	144	126
444	312	151	133
440	314	150	132
440	315	150	132
439	316	150	132
439	318	150	132
438	319	150	132
437	321	150	132
437	322	150	133
436	323	150	133
436	325	151	133
435	326	151	133
403	345	151	133
402	346	151	133
400	348	151	133
397	351	151	133
395	353	151	133
393	355	151	133
390	358	151	133
388	360	151	133
385	362	151	133
383	365	151	133
381	367	151	133
406	388	151	133
403	390	151	133
402	393	151	133
401	397	151	133
401	400	151	133
400	403	151	133
399	407	151	133
398	410	151	133
397	413	151	133
396	417	151	133
395	420	151	133
416	362	157	138
415	365	157	138
415	365	157	138
415	365	157	138
416	365	158	138
416	365	158	139
416	364	158	139
416	364	159	139
417	364	159	139
417	364	159	140
417	364	160	140
415	339	154	136
415	338	154	136
415	337	154	136
415	335	154	136
415	334	154	136
415	332	154	136
415	331	154	136
416	329	154	136
416	328	154	136
416	326	154	136
416	325	154	136
436	311	154	136
436	309	153	136
437	307	153	136
438	305	153	135
439	302	153	135
440	300	153	135
442	298	153	135
443	296	153	135
444	293	153	135
445	291	153	135
446	289	153	135
557	281	148	130
558	278	147	129
565	276	147	129
572	273	147	129
579	271	146	128
587	268	146	128
594	265	146	128
601	263	145	127
608	260	145	127
616	258	145	127
623	255	144	126
601	262	154	136
608	259	153	135
613	257	153	135
619	255	154	136
625	253	154	136
630	251	154	136
636	249	154	136
641	246	154	136
647	244	154	136
653	242	155	137
658	240	155	137
554	240	160	141
559	237	160	141
559	235	160	141
558	233	161	141
558	231	161	142
557	229	161	142
557	227	162	143
556	225	162	143
556	223	163	143
555	221	163	144
554	219	164	144
550	363	154	136
549	360	154	136
548	366	154	136
547	373	154	136
547	379	153	136
546	385	153	135
545	391	153	135
544	397	153	135
544	403	153	135
543	409	153	135
542	415	153	135
623	273	160	141
622	279	159	140
625	276	160	141
629	274	160	141
633	272	160	141
637	270	160	141
640	268	161	141
644	266	161	142
648	263	161	142
652	261	161	142
655	259	162	142
491	219	164	144
494	216	164	144
489	212	164	144
483	208	164	144
477	203	165	144
472	199	165	145
466	195	165	145
461	190	166	145
455	186	166	146
449	182	166	146
444	178	167	146
563	236	170	150
557	231	170	150
558	230	170	150
559	229	171	151
561	229	171	151
562	228	172	152
563	227	172	152
565	226	173	152
566	225	173	153
567	224	174	153
568	223	174	154
618	235	167	147
619	234	167	147
623	233	167	147
627	233	167	147
631	233	167	147
635	233	167	147
638	233	167	147
642	232	167	147
646	232	167	147
650	232	167	147
654	232	167	147
670	264	160	141
673	263	160	141
678	265	159	140
683	266	159	140
687	268	158	139
692	270	158	139
696	271	158	139
701	273	157	138
705	274	157	138
710	276	156	138
715	277	156	137
627	236	154	136
631	237	153	135
631	236	153	135
630	235	152	134
629	235	152	134
629	234	151	133
628	233	151	133
628	232	150	133
627	231	149	132
627	230	149	132
626	230	148	131
612	216	148	130
611	215	147	129
610	213	146	129
608	212	146	128
607	210	145	128
606	208	145	127
604	207	144	127
603	205	144	126
602	204	143	126
600	202	143	125
599	200	142	125
641	199	142	125
639	197	141	124
640	195	140	124
641	194	140	123
642	192	139	123
643	191	139	122
644	189	138	122
645	187	138	121
646	186	137	121
647	184	137	120
649	183	136	120
603	178	137	120
604	176	136	119
602	174	135	119
600	172	135	118
599	171	134	118
597	169	134	117
596	167	134	117
594	165	133	116
593	163	133	116
591	162	132	115
589	160	132	115
528	192	140	123
526	190	139	122
521	190	139	122
516	190	139	122
511	190	139	122
506	190	139	122
501	190	139	122
496	190	139	122
492	190	139	122
487	190	139	122
482	190	139	122
613	147	142	125
608	147	141	124
610	144	142	125
613	142	142	125
615	139	142	125
618	137	142	125
621	135	142	125
623	132	142	125
626	130	142	125
628	128	143	126
631	125	143	126
765	242	145	128
767	239	145	128
777	243	145	128
787	248	145	128
797	252	145	128
807	256	146	129
816	260	146	129
826	264	146	129
836	269	146	129
846	273	146	129
856	277	147	130
680	283	151	133
689	287	151	133
689	291	151	133
689	295	152	133
688	300	152	134
688	304	152	134
687	308	153	135
687	312	153	135
686	317	154	135
686	321	154	136
685	325	155	136
703	276	145	128
702	280	145	128
703	281	145	128
703	282	145	128
704	284	144	128
704	285	144	127
705	286	144	127
705	288	144	127
706	289	144	127
706	290	144	127
707	291	144	127
610	214	145	128
610	215	144	127
605	212	144	127
600	209	144	127
595	205	144	127
590	202	144	127
586	199	144	127
581	196	144	127
576	193	144	127
571	190	144	127
566	187	144	127
536	305	148	130
531	301	147	129
524	305	148	130
518	309	148	130
512	312	148	130
505	316	148	130
499	319	148	130
493	323	148	130
486	326	148	130
480	330	148	130
474	334	149	130
468	353	151	133
461	356	151	133
455	361	151	133
449	365	151	133
442	369	151	133
436	374	152	133
430	378	152	134
423	383	152	134
417	387	152	134
411	392	152	134
404	396	153	134
318	273	157	138
311	277	157	138
300	274	157	138
290	272	158	138
279	269	158	139
268	266	158	139
257	264	159	140
247	261	159	140
236	258	160	140
225	256	160	141
214	253	161	141
444	454	160	141
433	451	160	141
435	459	160	141
438	468	161	142
440	477	161	142
443	485	161	142
445	494	162	142
448	502	162	143
450	511	162	143
453	520	163	143
455	528	163	144
470	293	167	147
472	301	167	147
475	296	167	147
478	291	168	148
482	286	168	148
485	281	169	149
488	276	169	149
491	272	170	150
494	267	170	150
497	262	171	150
501	257	172	151
531	192	167	147
534	187	167	147
538	178	167	147
543	170	167	147
548	162	168	148
552	153	168	148
557	145	168	148
562	137	168	148
566	129	169	148
571	120	169	148
576	112	169	149
404	141	174	153
408	132	174	153
403	126	174	153
398	120	175	153
393	113	175	154
388	107	176	154
382	101	176	155
377	95	176	155
372	88	177	155
367	82	177	156
362	76	178	156
485	187	167	147
479	180	167	147
481	180	167	147
483	181	167	147
485	181	166	146
487	181	166	146
489	181	166	146
491	182	166	146
493	182	166	146
495	182	165	146
497	182	165	145
540	128	174	153
541	128	173	152
546	125	174	153
550	122	174	153
554	119	174	153
558	116	174	153
562	114	175	154
567	111	175	154
571	108	175	154
575	105	175	154
579	102	176	154
561	198	181	159
565	195	181	159
568	197	181	159
571	200	182	160
574	202	182	160
576	205	183	161
579	208	183	161
582	210	184	161
585	213	184	162
588	216	185	162
591	218	185	163
561	247	174	153
563	249	174	153
565	253	174	153
566	257	174	153
567	261	174	153
568	265	173	152
569	269	173	152
570	273	173	152
571	277	173	152
572	281	173	152
573	285	172	152
625	324	181	159
626	328	180	158
629	333	181	159
633	339	181	159
637	345	181	159
641	351	181	159
645	357	182	160
649	363	182	160
653	369	182	160
656	375	183	160
660	381	183	161
610	324	174	153
613	329	174	153
614	332	174	153
615	334	173	152
616	337	173	152
617	339	173	152
618	342	173	152
618	344	172	151
619	346	172	151
620	349	172	151
621	351	172	151
629	317	170	150
629	319	169	149
631	319	169	149
632	320	169	149
633	320	168	148
634	320	168	148
635	321	167	148
637	321	167	148
638	321	167	147
639	322	166	147
640	322	166	147
673	278	177	156
674	278	176	155
677	276	176	155
680	274	177	156
682	271	177	156
685	269	177	156
688	267	177	156
691	265	178	157
694	263	178	157
697	261	178	157
700	259	178	157
680	295	170	150
682	292	170	150
684	292	169	150
686	292	169	149
687	292	169	149
689	292	169	149
691	292	168	149
692	292	168	148
694	292	168	148
695	292	168	148
697	292	167	148
710	293	174	153
711	292	173	152
713	292	173	152
716	292	173	152
718	292	174	152
720	292	174	153
722	292	174	153
724	292	174	153
727	292	174	153
729	292	174	153
731	292	174	153
684	304	177	156
686	303	177	156
685	304	177	156
685	305	177	156
684	305	177	156
684	306	177	156
683	307	178	157
682	307	178	157
682	308	178	157
681	308	178	157
681	309	179	157
636	313	170	150
635	313	170	150
632	314	169	149
629	315	169	149
626	315	169	149
623	316	169	149
620	317	168	148
617	318	168	148
614	319	168	148
611	319	167	148
608	320	167	148
575	208	177	156
571	208	176	155
567	203	176	155
562	197	177	156
557	192	177	156
553	186	177	156
548	181	177	156
543	175	178	157
539	170	178	157
534	164	178	157
529	159	178	157
576	228	170	150
571	222	170	150
569	221	169	149
567	219	169	149
565	218	169	149
563	216	169	149
561	215	168	149
560	214	168	148
558	212	168	148
556	211	168	148
554	209	167	148
607	286	164	144
605	284	163	143
606	287	163	143
607	290	162	142
608	293	162	142
609	296	161	141
610	299	161	141
612	302	160	141
613	304	160	140
614	307	160	140
615	310	159	139
601	260	170	150
602	262	169	149
602	262	169	149
602	262	169	149
603	262	169	149
603	262	170	150
603	262	170	150
603	262	170	150
604	262	170	150
604	262	170	150
604	262	170	150
574	259	167	147
574	258	167	147
572	258	167	147
571	258	166	146
569	258	166	146
568	257	166	146
567	257	166	146
565	257	166	146
564	257	166	146
562	256	166	146
561	256	166	146
556	270	174	153
554	269	173	152
552	270	174	153
551	270	174	153
549	271	174	153
547	271	175	154
546	272	175	154
544	272	175	154
542	273	176	154
541	273	176	155
539	274	177	155
534	270	181	159
532	270	181	159
530	270	181	159
528	270	182	160
526	271	182	160
524	271	183	161
522	271	184	161
521	271	184	162
519	272	185	162
517	272	185	163
515	272	186	163
569	257	177	156
567	257	177	156
568	256	177	156
569	255	177	156
570	255	177	156
571	254	177	156
573	254	177	156
574	253	177	156
575	252	177	156
576	252	177	156
577	251	177	156
395	248	177	156
396	247	177	156
387	246	176	156
378	245	176	155
369	244	176	155
360	244	176	155
351	243	176	155
342	242	176	155
333	241	176	155
324	240	176	155
315	240	176	155
404	245	170	150
394	244	169	149
391	243	169	149
387	243	169	149
384	242	168	148
380	242	168	148
377	241	167	148
373	241	167	147
369	240	167	147
366	240	166	147
362	239	166	146
411	245	164	144
407	244	163	143
406	244	163	143
405	244	162	142
405	243	162	142
404	243	161	141
403	243	161	141
403	243	160	140
402	243	160	140
401	243	159	139
401	242	159	139
390	253	170	150
389	252	169	149
388	253	169	149
386	253	169	149
385	254	169	149
384	254	169	150
382	254	170	150
381	255	170	150
380	255	170	150
379	255	170	150
377	256	170	150
398	261	167	147
396	261	167	147
396	262	167	147
396	262	166	146
396	263	166	146
396	263	166	146
396	264	166	146
396	265	166	146
396	265	166	146
396	266	166	146
395	267	166	146
407	261	167	147
406	261	166	146
407	261	166	146
407	262	166	146
408	262	166	146
409	262	166	146
409	262	166	146
410	263	166	146
410	263	166	146
411	263	166	146
411	263	166	146
430	252	164	144
430	252	163	143
432	251	163	143
433	251	163	143
435	251	163	143
436	250	163	143
438	250	163	143
439	249	162	142
441	249	162	142
442	248	162	142
444	248	162	142
468	247	157	138
469	246	156	137
472	246	156	137
475	245	155	136
477	245	155	136
480	244	154	136
483	244	154	135
486	243	154	135
488	243	153	134
491	242	153	134
494	242	152	134
482	235	164	144
484	234	163	143
486	233	163	143
488	232	163	143
490	231	164	144
492	231	164	144
494	230	164	144
496	229	164	144
498	228	164	144
500	227	165	144
502	226	165	145
488	241	157	138
489	240	157	138
490	240	156	137
491	240	156	137
493	240	156	137
494	240	156	137
495	240	155	136
496	240	155	136
497	239	155	136
498	239	154	136
499	239	154	136
486	249	151	133
487	248	150	132
487	249	150	132
487	249	149	131
487	250	149	131
488	250	148	131
488	251	148	130
488	251	147	130
488	252	147	130
488	252	146	129
489	253	146	129
488	261	148	130
488	261	147	129
488	262	147	129
488	263	146	128
488	264	146	128
488	265	146	128
489	265	145	127
489	266	145	127
489	267	145	127
489	268	144	126
489	269	144	126
503	266	148	130
503	266	147	129
504	267	147	129
504	268	147	129
505	268	147	129
506	269	147	129
507	270	146	129
508	270	146	128
509	271	146	128
510	272	146	128
511	272	146	128
532	263	142	125
532	263	141	124
534	263	141	124
536	263	141	124
538	263	140	123
540	263	140	123
542	264	140	123
544	264	139	122
546	264	139	122
548	264	138	122
550	264	138	122
557	266	142	125
558	266	141	124
561	266	141	124
563	266	141	124
565	266	141	124
567	266	140	124
570	266	140	124
572	267	140	123
574	267	140	123
576	267	140	123
579	267	140	123
554	273	148	130
556	273	147	129
556	273	148	130
557	274	148	130
558	274	148	130
559	274	148	130
559	275	149	131
560	275	149	131
561	276	149	131
561	276	150	131
562	277	150	131
616	271	151	133
616	271	151	133
620	271	151	133
623	271	151	133
627	271	152	134
631	271	152	134
634	271	152	134
638	271	153	134
642	272	153	135
645	272	153	135
649	272	153	135
621	269	157	138
624	269	157	138
626	268	157	138
628	268	158	139
630	268	158	139
632	268	159	139
633	268	159	140
635	268	160	140
637	268	160	140
639	268	160	141
641	268	161	141
586	266	151	133
587	265	151	133
586	265	151	133
585	265	151	133
583	265	151	133
582	265	150	132
581	264	150	132
579	264	150	132
578	264	150	132
577	264	150	132
576	263	150	132
591	261	157	138
589	260	156	137
589	260	157	138
588	260	157	138
588	259	157	138
588	259	157	138
587	258	158	138
587	258	158	139
586	258	158	139
586	257	158	139
585	257	159	139
607	263	151	133
606	262	151	133
607	262	151	133
608	262	150	132
608	262	150	132
609	262	150	132
610	262	150	132
611	262	149	132
612	262	149	131
612	262	149	131
613	262	149	131
605	284	151	133
605	283	150	132
606	285	150	132
606	286	150	132
606	287	150	132
606	288	150	132
607	289	150	132
607	290	150	132
607	292	150	132
607	293	149	132
608	294	149	131
561	273	151	133
561	274	150	132
558	274	150	132
556	274	150	132
554	273	150	132
551	273	150	132
549	273	150	132
547	273	150	132
544	273	150	132
542	273	150	132
539	273	150	132
573	265	157	138
570	264	156	137
570	264	157	138
569	263	157	138
569	263	157	138
568	262	158	139
568	262	158	139
568	261	158	139
567	261	159	139
567	260	159	140
566	259	159	140
553	263	164	144
552	262	164	144
551	262	164	144
550	261	165	145
549	261	165	145
547	261	166	146
546	260	166	146
545	260	167	146
544	259	168	147
543	259	168	147
542	259	169	148
426	260	170	150
424	259	170	150
417	259	171	150
409	259	171	151
402	258	172	152
394	258	172	152
387	258	173	153
379	257	173	153
372	257	174	154
364	257	174	154
357	257	175	155
383	267	174	153
375	266	174	153
369	266	174	153
364	267	175	154
358	267	175	154
352	267	176	155
347	268	176	155
341	268	177	155
335	268	177	156
329	268	178	156
324	269	178	156
371	270	174	153
365	270	174	153
362	270	174	153
359	270	174	153
356	271	174	153
354	271	175	153
351	271	175	154
348	272	175	154
345	272	175	154
343	272	175	154
340	273	175	154
414	273	167	147
411	273	167	147
412	273	166	146
414	273	166	146
415	274	166	146
417	274	165	145
418	274	165	145
419	275	165	145
421	275	164	145
422	275	164	144
424	275	164	144
467	281	170	150
468	281	169	149
472	281	169	149
475	282	169	149
479	282	169	149
483	283	169	149
487	284	169	149
490	284	169	149
494	285	169	149
498	285	169	149
502	286	169	149
542	279	174	153
545	279	174	153
551	279	174	153
557	279	174	153
562	279	174	153
568	280	174	153
574	280	175	154
580	280	175	154
585	280	175	154
591	280	175	154
597	280	176	154
564	278	177	156
569	278	177	156
573	278	177	156
576	278	177	156
580	278	178	156
584	277	178	157
587	277	178	157
591	277	178	157
594	277	179	157
598	277	179	158
601	277	179	158
564	268	184	162
567	267	184	162
568	267	184	162
570	266	185	163
571	266	185	163
572	265	186	163
573	265	186	164
575	264	187	164
576	263	187	165
577	263	188	165
579	262	188	166
572	273	181	159
573	272	181	159
574	272	181	159
574	272	181	159
575	272	181	159
576	272	181	159
577	272	181	159
578	272	181	159
578	272	181	159
579	272	181	159
580	272	181	159
542	283	188	165
542	283	188	165
541	283	188	165
540	284	188	165
538	284	189	165
537	285	189	166
535	286	189	166
534	286	190	166
533	287	190	167
531	287	191	167
530	288	191	167
435	309	188	165
433	309	188	165
427	311	188	165
420	313	188	165
413	314	188	165
407	316	189	165
400	318	189	166
394	319	189	166
387	321	189	166
380	323	189	166
374	324	189	166
342	262	196	172
335	263	196	172
327	261	196	172
319	259	197	173
311	258	197	173
303	256	198	173
295	254	198	174
287	252	199	174
279	250	199	175
271	248	200	175
263	246	200	176
279	282	196	172
270	280	196	172
264	280	196	172
257	280	196	172
250	280	197	172
244	280	197	173
237	280	197	173
230	281	197	173
224	281	197	173
217	281	198	173
210	281	198	174
257	282	188	165
250	282	188	165
246	282	187	164
242	282	187	164
239	282	187	164
235	282	186	163
231	283	186	163
227	283	185	163
223	283	185	162
220	283	185	162
216	283	184	162
261	279	181	159
257	279	180	158
256	279	180	158
255	278	179	157
253	278	178	157
252	278	178	156
251	278	177	156
250	278	177	155
249	278	176	155
248	278	176	154
247	278	175	154
257	287	177	156
255	286	176	155
255	287	175	155
254	287	175	154
254	288	175	154
253	288	174	154
253	288	174	153
252	289	173	153
252	289	173	152
251	290	172	152
251	290	172	152
344	284	184	162
343	284	183	161
348	284	183	161
352	284	183	162
357	284	184	162
362	284	184	162
366	284	184	162
371	284	184	162
376	284	185	163
380	284	185	163
385	284	185	163
372	290	192	169
376	290	192	169
380	290	192	169
384	290	193	170
387	290	193	170
391	291	194	171
394	291	195	171
398	291	195	172
402	292	196	172
405	292	196	173
409	292	197	173
349	284	192	169
352	284	192	169
352	284	192	169
352	283	193	169
352	283	193	170
353	283	193	170
353	283	193	170
353	283	194	170
353	282	194	170
353	282	194	171
353	282	194	171
349	278	184	162
349	277	184	162
348	277	183	161
348	276	183	161
348	276	183	161
348	276	182	160
348	275	182	160
348	275	182	160
347	274	181	159
347	274	181	159
347	273	180	159
365	275	192	169
364	274	191	168
365	274	191	168
366	273	192	169
367	273	192	169
368	273	192	169
368	272	192	169
369	272	193	170
370	272	193	170
371	271	193	170
372	271	194	170
386	274	196	172
386	273	196	172
388	273	196	172
389	273	196	172
391	273	197	173
392	272	197	173
394	272	198	173
396	272	198	173
397	272	198	174
399	272	199	174
400	271	199	174
392	267	203	179
393	266	203	179
394	266	203	179
395	265	204	180
396	265	204	180
397	265	205	181
398	264	206	181
399	264	206	182
400	263	207	182
401	263	207	183
402	262	208	183
391	274	212	186
391	273	212	186
392	273	213	187
392	273	213	187
392	274	214	188
393	274	215	188
393	274	216	189
393	274	216	190
394	274	217	190
394	275	218	191
394	275	218	191
412	290	208	183
412	290	208	183
413	291	208	183
414	292	208	183
416	293	208	183
417	294	208	183
418	295	209	183
419	296	209	184
420	297	209	184
422	298	209	184
423	299	209	184
500	308	199	175
501	308	199	175
506	310	198	174
512	311	198	174
517	313	197	173
522	314	197	173
528	316	196	172
533	317	196	172
539	319	195	171
544	320	194	171
549	321	194	171
533	324	192	169
538	325	191	168
542	326	190	168
546	328	190	167
550	329	189	166
555	331	189	166
559	332	188	165
563	334	187	165
567	335	187	164
571	337	186	164
576	338	185	163
394	307	199	175
398	308	198	174
392	308	198	174
385	307	198	174
379	307	198	174
373	307	198	174
367	306	199	175
361	306	199	175
355	305	199	175
349	305	199	175
342	305	199	175
323	260	203	179
316	259	203	179
309	256	203	179
303	253	203	179
296	251	204	180
289	248	204	180
282	245	204	180
275	242	205	180
268	239	205	181
261	236	205	181
254	233	206	181
312	260	212	186
305	257	212	186
301	255	212	186
298	254	213	187
295	253	214	187
291	252	214	188
288	250	215	188
284	249	216	189
281	248	216	189
278	247	217	190
274	245	218	190
341	261	212	186
337	259	212	186
338	259	212	186
338	259	213	186
339	258	213	187
339	258	213	187
340	258	213	187
340	257	214	187
341	257	214	188
341	257	214	188
342	256	215	188
383	251	216	190
383	250	216	190
386	250	216	190
388	249	216	190
391	248	217	191
394	248	217	191
397	247	217	191
399	246	218	191
402	246	218	192
405	245	218	192
408	244	219	192
451	256	225	198
453	255	225	198
458	255	225	198
463	255	226	199
468	255	227	199
473	255	227	200
478	255	228	201
483	255	229	201
488	255	229	202
493	255	230	202
498	255	230	203
383	240	234	206
388	240	234	206
386	239	235	207
384	238	236	207
382	237	236	208
381	236	237	209
379	235	238	209
377	234	239	210
376	234	239	211
374	233	240	211
372	232	241	212
353	232	243	214
351	231	243	214
348	230	244	215
345	229	245	216
343	228	246	216
340	227	246	217
337	227	247	218
335	226	248	218
332	225	249	219
329	224	250	220
326	223	250	221
357	227	253	223
354	226	253	223
353	225	254	224
352	224	255	225
351	224	256	226
350	223	257	226
349	223	258	227
348	222	259	228
348	222	259	229
347	221	260	229
346	220	261	230
352	227	263	232
351	226	263	232
350	226	264	233
350	225	265	234
349	225	266	235
349	225	267	236
348	225	268	236
347	225	269	237
347	224	270	238
346	224	271	239
346	224	271	240
337	222	274	241
336	221	274	241
335	221	275	242
334	221	276	243
333	220	277	244
332	220	278	245
331	220	279	245
330	219	280	246
329	219	281	247
328	219	282	248
327	218	283	249
321	220	280	246
319	219	280	246
318	219	281	247
317	219	282	248
316	218	283	248
314	218	283	249
313	218	284	249
312	218	285	250
310	217	285	250
309	217	286	251
308	217	287	252
309	222	285	251
307	221	285	251
306	221	286	252
305	221	286	252
304	221	287	253
302	221	287	253
301	221	288	254
300	221	288	254
299	221	289	255
298	221	290	255
296	221	290	256
346	223	274	241
344	223	274	241
346	223	274	241
347	223	273	240
349	223	273	240
351	223	272	240
352	223	272	239
354	223	272	239
355	223	271	238
357	223	271	238
359	223	270	238
374	241	274	241
375	241	273	240
377	242	273	240
380	243	273	240
382	244	272	240
384	245	272	239
387	246	272	239
389	247	272	239
391	248	272	239
394	249	271	239
396	250	271	238
370	250	263	232
372	251	262	231
373	251	262	231
373	252	261	230
374	253	260	230
375	254	260	229
375	255	259	228
376	256	258	228
377	257	258	227
378	258	257	227
378	259	256	226
345	254	253	223
345	254	252	222
344	255	251	221
343	256	250	220
342	256	249	220
340	257	248	219
339	257	248	218
338	258	247	217
337	259	246	217
336	259	245	216
334	260	244	215
330	255	243	214
328	255	242	213
327	255	241	212
325	256	240	211
324	256	239	210
323	256	238	210
321	256	237	209
320	257	236	208
318	257	235	207
317	257	235	206
316	257	234	206
315	257	239	210
313	257	238	209
312	257	237	208
310	257	236	208
309	257	236	207
308	258	235	207
306	258	235	206
305	258	234	205
303	258	234	205
302	258	233	204
301	259	232	204
301	255	243	214
299	255	242	213
298	255	242	213
296	255	242	213
295	255	242	213
294	255	242	213
293	255	242	213
291	254	242	213
290	254	242	213
289	254	242	213
287	254	242	213
336	232	248	218
334	231	248	218
336	230	248	218
337	229	248	218
338	228	248	218
340	226	249	219
341	225	249	219
343	224	249	219
344	222	250	219
346	221	250	220
347	220	250	220
454	223	258	227
455	221	258	227
462	220	259	227
469	219	259	228
477	218	260	229
484	217	261	229
491	216	261	230
498	215	262	230
506	214	263	231
513	213	263	232
520	211	264	232
478	234	263	232
485	232	263	232
489	233	264	233
494	233	264	233
498	233	265	234
503	233	265	234
507	233	266	235
512	234	267	235
516	234	267	236
521	234	268	236
525	234	268	237
371	222	269	236
375	222	269	236
371	221	270	236
366	221	270	237
362	220	271	237
358	220	271	238
353	219	272	238
349	219	272	239
345	218	273	239
340	218	273	239
336	217	274	240
386	206	274	241
381	205	274	241
380	204	275	241
378	203	275	242
377	202	276	242
376	200	276	243
374	199	276	243
373	198	277	244
372	197	277	244
370	196	278	244
369	195	278	245
376	201	285	251
374	199	285	251
373	199	286	252
372	198	287	252
371	197	287	253
370	196	288	254
370	196	289	255
369	195	290	255
368	194	291	256
367	193	291	257
366	193	292	257
339	199	291	256
338	198	291	256
335	197	292	257
333	197	293	257
330	197	293	258
328	196	294	259
326	196	295	259
323	195	295	260
321	195	296	260
319	195	297	261
316	194	297	261
349	214	291	256
346	213	291	256
346	214	291	256
345	215	292	257
345	215	292	257
344	216	292	257
344	217	292	257
343	217	293	257
343	218	293	258
342	219	293	258
342	219	293	258
361	226	297	261
360	226	297	261
361	227	297	261
361	228	298	261
362	229	298	262
362	230	298	262
363	231	299	262
364	232	299	263
364	233	300	263
365	234	300	263
365	235	300	264
387	221	309	272
387	222	309	272
389	222	310	273
391	222	311	273
392	222	311	274
394	222	312	275
396	222	313	276
397	222	314	276
399	222	315	277
401	223	316	278
403	223	316	279
478	201	297	261
479	201	297	261
485	200	297	261
491	198	297	261
497	197	296	260
502	196	296	260
508	195	296	260
514	194	295	259
520	193	295	259
526	192	295	259
531	191	294	259
531	259	285	251
536	257	284	250
542	260	283	249
547	263	282	249
553	266	282	248
558	268	281	247
563	271	280	247
569	274	279	246
574	276	278	245
580	279	277	244
585	282	277	244
546	264	285	251
551	266	284	250
554	268	283	249
557	269	283	249
560	271	283	249
563	272	282	249
566	274	282	248
568	276	281	248
571	277	281	248
574	279	281	247
577	280	280	247
463	295	280	246
465	296	279	245
462	298	279	245
458	301	278	244
455	303	278	244
451	305	278	244
447	307	277	243
444	310	277	243
440	312	276	243
437	314	276	242
433	316	276	242
282	326	285	251
278	328	284	250
266	330	284	250
254	333	284	250
243	336	284	251
231	338	285	251
219	341	285	251
207	344	285	251
195	346	285	251
183	349	285	251
172	352	285	251
266	310	280	246
254	312	280	246
248	312	279	245
242	312	279	245
236	313	279	245
230	313	279	245
224	313	279	245
218	313	278	244
212	313	278	244
206	313	278	244
200	314	278	244
314	305	291	256
307	305	290	255
308	304	291	256
309	304	291	256
310	304	292	257
310	303	292	257
311	303	293	258
312	303	293	258
312	302	294	259
313	302	294	259
314	301	295	259
403	334	291	256
403	333	291	256
409	335	291	256
414	336	291	256
420	337	292	257
425	339	292	257
431	340	292	257
437	342	292	257
442	343	293	257
448	345	293	258
453	346	293	258
335	302	297	261
340	303	297	261
339	302	297	261
337	301	298	261
336	300	298	262
335	299	298	262
333	297	299	262
332	296	299	263
331	295	300	263
330	294	300	263
328	293	300	264
389	254	303	266
387	252	303	266
389	249	303	266
391	246	304	267
393	243	304	267
396	239	305	268
398	236	305	268
400	233	306	268
402	230	306	269
404	226	307	269
406	223	307	270
329	259	315	277
331	255	315	277
328	254	316	278
326	253	317	278
324	252	318	279
321	251	318	280
319	250	319	281
317	249	320	282
314	248	321	282
312	246	322	283
310	245	323	284
366	213	303	266
363	211	303	266
364	209	303	266
365	206	303	266
366	203	302	265
367	200	302	265
368	197	302	265
369	194	302	265
369	191	301	264
370	189	301	264
371	186	301	264
348	253	291	256
348	250	290	255
348	251	289	254
347	252	288	254
347	253	288	253
347	254	287	252
346	255	286	252
346	256	285	251
345	257	284	250
345	258	283	249
344	259	283	249
465	302	291	256
464	302	290	255
470	306	289	254
476	309	289	254
483	312	289	254
489	316	288	254
495	319	288	253
501	322	287	253
508	326	287	253
514	329	287	252
520	332	286	252
603	251	285	251
609	254	284	250
619	252	284	250
630	251	283	249
640	250	283	249
651	248	282	249
661	247	282	248
671	245	281	248
682	244	281	248
692	243	281	247
703	241	280	247
620	259	280	246
630	257	279	245
635	257	279	245
641	256	278	244
646	256	278	244
651	256	277	243
656	255	277	243
662	255	276	243
667	255	276	242
672	254	275	242
677	254	275	241
535	280	285	251
540	279	284	250
537	280	284	250
534	281	284	250
531	282	284	250
528	283	284	251
525	285	285	251
522	286	285	251
519	287	285	251
516	288	285	251
513	289	285	251
449	260	297	261
446	261	297	261
439	260	297	261
433	259	298	262
426	259	299	262
420	258	300	263
414	258	300	264
407	257	301	264
401	256	302	265
394	256	302	266
388	255	303	266
388	256	285	251
381	255	285	251
375	254	285	251
369	254	285	251
363	253	284	250
357	253	284	250
351	252	284	250
345	252	283	249
339	251	283	249
333	250	282	249
327	250	282	249
346	228	274	241
339	227	273	240
335	225	272	240
330	223	272	239
325	222	271	238
321	220	270	237
316	218	269	237
311	216	268	236
307	215	268	235
302	213	267	234
297	211	266	234
385	228	285	251
380	226	284	250
380	225	284	250
381	224	284	250
381	223	284	251
381	223	285	251
382	222	285	251
382	221	285	251
383	220	286	252
383	220	286	252
384	219	286	252
442	214	285	251
442	213	285	251
446	212	285	251
449	211	285	251
453	210	285	251
456	209	285	251
460	208	286	252
464	207	286	252
467	206	286	252
471	205	286	252
474	204	286	252
507	204	297	261
510	202	297	261
515	202	297	261
520	201	298	262
526	200	299	262
531	199	300	263
536	198	300	264
541	197	301	264
546	196	302	265
552	195	302	266
557	194	303	266
470	197	291	256
475	196	291	256
475	195	291	256
475	194	291	256
475	193	291	256
475	192	291	256
475	192	291	256
475	191	291	256
475	190	291	256
475	189	291	256
475	189	291	256
457	178	280	246
457	177	279	245
456	175	279	245
455	174	278	244
454	173	278	244
453	171	277	243
452	170	276	243
451	169	276	242
450	167	275	241
449	166	274	241
448	165	274	240
478	170	285	251
476	168	284	250
477	167	284	250
478	166	284	250
479	165	284	250
479	164	284	250
480	163	284	250
481	162	284	250
482	161	284	250
482	160	284	250
483	159	284	250
481	187	280	246
481	185	279	246
482	186	279	245
482	187	279	245
483	187	279	245
483	188	278	245
484	188	278	244
484	189	278	244
485	190	278	244
486	190	278	244
486	191	277	243
464	214	269	236
464	214	268	235
463	216	268	235
463	218	267	234
462	219	266	233
461	221	265	233
460	223	265	232
460	225	264	231
459	227	263	231
458	229	262	230
457	230	262	229
466	217	263	232
465	218	262	231
465	219	261	230
464	220	260	230
464	221	260	229
464	222	259	229
464	223	259	228
463	224	258	228
463	225	257	227
463	226	257	227
463	227	256	226
486	210	258	227
485	210	257	226
486	210	256	226
487	210	256	225
488	210	255	225
489	210	255	224
490	210	254	224
491	210	254	223
493	210	253	223
494	210	253	222
495	210	252	222
533	181	248	218
534	180	247	217
537	179	246	216
540	177	245	216
543	175	245	215
546	174	244	214
549	172	243	214
552	170	242	213
555	169	242	212
558	167	241	212
561	165	240	211
527	195	243	214
530	193	242	213
531	193	241	212
532	193	241	212
533	193	240	211
534	193	239	211
535	193	239	210
536	193	238	210
536	193	238	209
537	193	237	209
538	193	236	208
508	199	234	206
508	199	233	205
508	199	232	204
507	199	231	204
506	200	231	203
505	200	230	202
505	200	229	202
504	200	229	201
503	201	228	201
502	201	227	200
501	201	226	199
487	199	243	214
486	199	242	213
484	199	242	213
483	199	242	213
481	199	242	213
479	199	243	214
478	200	243	214
476	200	243	214
475	200	243	214
473	200	243	214
472	200	244	215
413	207	243	214
411	207	243	214
406	207	243	214
401	208	243	214
397	208	243	214
392	209	243	214
387	209	243	214
382	210	244	214
378	210	244	215
373	211	244	215
368	211	244	215
397	219	243	214
392	219	243	214
389	220	243	214
386	221	243	214
383	222	243	214
380	222	243	214
377	223	243	214
374	224	243	214
371	225	243	214
368	226	243	214
365	227	243	214
381	227	243	214
378	227	243	214
376	228	243	214
374	229	243	214
372	230	243	214
370	231	243	214
368	231	243	214
366	232	243	214
364	233	243	214
362	234	243	214
360	235	243	214
350	243	234	206
348	243	234	206
345	245	233	205
343	246	233	205
340	247	232	204
338	248	232	204
336	249	231	203
333	250	231	203
331	252	230	202
328	253	230	202
326	254	229	202
370	251	234	206
367	252	233	205
367	253	233	205
367	254	233	205
367	254	232	204
368	255	232	204
368	256	232	204
368	257	232	204
368	258	231	204
368	259	231	203
368	260	231	203
376	257	229	202
376	257	228	201
376	258	228	201
377	259	228	201
377	259	227	200
378	260	227	200
378	261	227	200
379	262	226	200
379	262	226	199
380	263	225	199
380	264	225	199
373	265	220	194
373	265	219	193
373	266	219	193
373	267	218	192
373	267	217	192
373	268	217	191
373	269	216	190
373	269	215	190
373	270	215	189
374	271	214	189
374	271	213	188
364	279	212	186
364	279	211	185
363	280	210	184
363	281	209	184
362	282	209	183
362	283	208	182
361	284	207	182
361	285	207	181
360	287	206	180
360	288	205	180
359	289	204	179
351	287	203	179
350	288	202	178
349	288	201	177
348	289	200	177
347	290	199	176
346	291	199	175
345	292	198	175
344	293	197	174
343	294	196	173
342	295	196	173
341	295	195	172
408	268	212	186
407	268	211	185
409	268	211	185
412	267	211	185
415	266	211	185
418	265	211	185
420	265	212	185
423	264	212	186
426	263	212	186
429	263	212	186
431	262	212	186
417	281	216	190
419	280	216	190
421	280	216	190
423	280	216	190
425	281	217	191
426	281	217	191
428	282	217	191
430	282	218	192
432	282	218	192
434	283	218	192
435	283	219	192
545	282	225	198
546	282	225	198
554	282	225	198
562	282	226	199
569	283	227	200
577	283	227	200
585	283	228	201
593	283	229	201
600	284	229	202
608	284	230	202
616	284	231	203
495	260	216	190
502	260	216	190
503	259	216	190
503	258	216	190
504	256	215	189
505	255	215	189
505	254	215	189
506	253	215	189
506	252	215	189
507	251	214	188
507	250	214	188
449	264	225	198
449	262	224	197
446	262	225	198
444	262	225	198
441	261	225	198
438	261	226	199
435	261	226	199
433	261	226	199
430	260	227	200
427	260	227	200
425	260	228	200
467	264	216	190
464	263	216	190
463	263	216	190
463	263	215	189
463	263	215	189
463	263	215	189
462	263	214	188
462	263	214	188
462	263	214	188
462	263	213	188
462	263	213	187
444	267	208	183
443	266	207	182
442	267	207	182
441	267	206	181
440	267	205	181
438	267	205	180
437	267	204	180
436	267	204	179
435	267	203	178
433	268	202	178
432	268	202	177
431	268	199	175
429	268	198	174
428	268	197	173
427	268	196	173
425	268	196	172
424	268	195	171
423	268	194	171
422	268	193	170
420	269	193	169
419	269	192	169
418	269	191	168
435	258	192	169
433	258	191	168
433	257	190	167
433	257	189	167
432	256	189	166
432	256	188	165
432	255	187	165
432	255	187	164
431	254	186	164
431	254	185	163
431	253	185	162
462	244	188	165
461	243	187	164
463	242	186	163
464	241	186	163
466	240	185	163
467	239	185	162
468	238	184	162
470	237	184	161
471	236	183	161
473	235	183	160
474	234	182	160
453	247	181	159
454	245	180	158
454	245	179	158
454	245	179	157
454	245	178	157
455	244	178	156
455	244	177	156
455	244	177	155
455	244	176	155
455	243	175	154
455	243	175	154
461	225	177	156
461	224	176	155
461	223	175	155
462	222	175	154
462	220	175	154
462	219	174	154
463	218	174	153
463	217	173	153
464	215	173	152
464	214	172	152
465	213	172	152
438	211	181	159
438	209	180	158
437	208	180	158
436	207	180	158
435	205	180	158
434	204	180	158
432	203	180	158
431	201	180	158
430	200	180	158
429	199	180	158
428	197	181	158
418	207	184	162
416	205	184	162
415	204	184	162
413	204	184	162
412	203	184	162
410	202	184	162
408	201	185	163
407	201	185	163
405	200	185	163
403	199	185	163
402	198	185	163
426	202	181	159
424	201	181	159
424	200	181	159
423	200	181	159
423	199	180	158
423	199	180	158
423	198	180	158
423	198	180	158
422	197	180	158
422	196	180	158
422	196	180	158
429	208	174	153
428	207	173	152
428	207	173	152
429	207	173	152
429	207	172	151
429	208	172	151
429	208	171	151
429	208	171	150
429	208	170	150
430	208	170	149
430	208	170	149
421	217	167	147
421	217	166	146
420	217	165	146
420	218	165	145
420	218	164	145
419	219	164	144
419	220	163	144
419	220	163	143
418	221	162	143
418	221	161	142
417	222	161	142
379	248	170	150
378	248	169	149
376	250	169	149
373	252	169	149
371	254	169	149
368	256	169	149
366	258	169	149
363	260	169	149
361	262	168	149
358	264	168	149
356	266	168	149
345	221	167	147
342	222	166	146
339	222	166	146
336	221	166	146
333	221	166	146
330	220	166	146
327	219	166	146
324	219	165	146
321	218	165	145
318	217	165	145
315	217	165	145
303	186	174	153
300	185	173	152
296	183	174	153
292	180	174	153
289	178	174	153
285	175	175	153
282	173	175	154
278	171	175	154
275	168	176	154
271	166	176	154
268	164	176	155
293	177	181	159
289	174	181	159
287	173	181	159
285	171	182	160
283	170	182	160
281	168	183	161
279	167	184	161
277	165	184	162
275	164	185	162
273	162	185	162
271	161	186	163
348	191	184	162
346	189	184	162
348	189	184	162
350	189	185	163
353	190	185	163
355	190	186	163
357	190	186	164
360	190	186	164
362	191	187	164
365	191	187	165
367	191	188	165
395	212	181	159
397	212	181	159
401	213	181	159
404	214	181	159
408	216	181	159
412	217	181	159
416	219	181	159
420	220	181	159
423	221	181	159
427	223	181	159
431	224	181	159
443	232	174	153
446	233	173	152
450	235	173	152
455	236	173	152
459	238	172	151
463	240	172	151
467	241	171	151
472	243	171	150
476	245	171	150
480	246	170	150
484	248	170	149
559	226	181	159
563	227	180	158
571	228	180	158
579	228	180	158
587	228	181	159
595	229	181	159
603	229	181	159
611	229	181	159
619	230	181	159
628	230	182	159
636	230	182	160
603	226	188	165
611	226	188	165
616	226	188	165
622	226	189	166
628	226	189	166
634	226	190	166
640	226	190	167
646	226	191	167
651	226	191	168
657	226	192	168
663	226	192	169
556	262	196	172
561	262	196	172
561	264	197	172
560	266	197	173
560	268	198	174
559	270	199	174
559	272	199	175
559	274	200	175
558	276	201	176
558	278	201	176
557	280	202	177
538	256	203	179
537	258	203	179
536	258	204	180
534	259	204	180
532	259	205	181
531	260	206	182
529	260	206	182
528	261	207	183
526	261	208	183
525	262	208	184
523	263	209	185
545	220	212	186
543	220	212	186
543	218	213	187
542	216	214	187
542	214	214	188
542	213	215	189
542	211	216	189
541	209	217	190
541	207	217	191
541	205	218	191
541	203	219	192
506	211	216	190
505	209	216	190
503	207	217	191
501	206	217	191
499	205	218	192
496	203	218	192
494	202	219	192
492	200	219	193
490	199	220	193
488	198	220	194
485	196	221	194
532	200	225	198
529	198	225	198
530	197	226	199
530	196	226	199
531	195	227	200
531	194	228	200
532	193	228	201
532	191	229	202
533	190	230	202
533	189	231	203
534	188	231	204
531	275	234	206
531	273	234	206
531	277	235	207
532	281	236	208
532	285	237	208
532	288	237	209
532	292	238	210
533	296	239	210
533	300	240	211
533	303	240	212
534	307	241	212
526	287	243	214
526	290	243	214
526	293	244	215
525	295	245	216
525	297	246	216
525	300	247	217
525	302	247	218
525	305	248	219
525	307	249	219
524	309	250	220
524	312	251	221
478	287	253	223
477	289	253	223
475	290	254	224
472	291	255	225
469	291	256	226
466	292	257	226
464	293	258	227
461	294	259	228
458	295	259	229
455	296	260	229
453	297	261	230
446	286	263	232
443	286	263	232
440	287	264	233
437	287	265	234
434	287	266	235
431	287	267	236
428	287	268	236
425	288	269	237
422	288	270	238
419	288	271	239
416	288	271	240
515	249	274	241
511	249	274	241
514	247	275	242
517	245	276	243
519	243	277	244
522	241	278	245
525	239	279	245
527	237	280	246
530	235	281	247
533	233	282	248
535	231	283	249
461	235	285	251
463	232	285	251
462	231	286	252
460	229	287	253
458	227	288	254
457	226	289	255
455	224	290	256
453	222	291	257
452	221	292	257
450	219	293	258
448	217	294	259
419	237	291	256
417	235	291	256
414	234	292	257
410	234	293	258
407	233	294	258
404	233	294	259
401	232	295	259
398	232	296	260
394	231	297	261
391	231	297	261
388	230	298	262
552	244	297	261
548	243	297	261
554	243	298	262
560	243	298	262
566	244	299	263
572	244	300	263
578	244	300	264
584	244	301	264
590	245	301	265
597	245	302	265
603	245	303	266
577	239	309	272
583	239	309	272
587	239	310	273
591	238	311	274
595	238	312	274
600	238	313	275
604	238	314	276
608	238	314	277
612	238	315	278
617	238	316	278
621	238	317	279
554	223	321	283
558	222	321	283
558	221	322	284
558	220	323	285
559	219	324	286
559	219	326	287
559	218	327	288
559	217	328	289
560	216	329	290
560	215	330	291
560	214	331	292
630	195	321	283
630	194	322	283
634	192	322	284
638	190	322	284
642	188	323	285
646	186	323	285
650	184	324	285
654	182	324	286
658	180	324	286
663	178	325	286
667	176	325	287
677	220	328	288
681	218	328	288
685	218	328	288
689	219	329	289
694	219	329	289
698	220	330	289
703	220	330	290
707	221	331	290
712	221	331	291
716	222	332	291
720	223	333	291
583	270	328	288
587	270	328	288
584	273	328	288
580	276	328	288
577	279	329	288
573	283	329	289
570	286	329	289
566	289	329	289
563	292	329	289
559	295	330	289
556	298	330	289
573	180	315	277
569	183	315	277
567	179	314	276
564	175	313	276
562	172	313	275
560	168	312	274
557	165	311	274
555	161	311	273
553	157	310	273
550	154	309	272
548	150	309	272
568	180	315	277
565	176	314	276
564	174	314	276
563	172	313	275
562	170	313	275
561	169	313	275
559	167	312	275
558	165	312	274
557	163	312	274
556	162	311	274
555	160	311	274
608	220	309	272
606	218	308	271
608	219	308	271
610	221	307	271
612	223	307	270
614	224	306	270
616	226	306	269
617	227	306	269
619	229	305	269
621	231	305	268
623	232	304	268
599	240	297	261
600	241	296	260
601	243	295	259
601	245	294	259
602	247	294	258
602	249	293	257
602	251	292	256
603	253	291	256
603	255	290	255
603	257	289	254
604	259	288	253
538	248	291	256
538	249	290	255
535	251	289	254
531	252	288	254
528	253	288	253
525	254	287	252
521	256	286	252
518	257	286	251
515	258	285	251
511	259	284	250
508	260	284	249
563	310	280	246
559	311	279	245
559	315	278	244
559	318	277	243
559	322	276	243
559	326	275	242
559	330	274	241
558	334	274	240
558	338	273	239
558	342	272	239
558	346	271	238
715	280	291	256
714	283	290	255
723	283	290	255
731	283	290	255
740	283	290	255
749	283	291	256
757	283	291	256
766	283	291	256
774	283	291	256
783	283	292	257
791	283	292	257
678	208	303	266
686	208	303	266
688	203	304	266
690	199	304	267
691	195	305	268
693	191	306	269
695	186	307	269
697	182	308	270
699	178	309	271
700	174	309	271
702	170	310	272
675	200	297	261
676	195	297	261
676	193	297	261
677	191	297	261
677	188	297	261
677	186	297	261
677	184	297	261
677	181	297	261
677	179	297	261
677	177	298	261
678	174	298	261
615	276	297	261
615	273	297	261
611	277	296	260
608	280	296	260
605	283	296	260
601	287	296	260
598	290	296	260
594	294	296	260
591	297	296	260
588	300	296	260
584	304	296	260
534	357	285	251
530	360	284	250
524	366	284	250
518	372	283	249
512	378	282	249
506	384	282	248
500	391	281	248
494	397	280	247
488	403	280	246
482	409	279	246
476	415	278	245
558	295	285	251
551	301	284	250
550	300	284	250
549	299	283	249
548	298	283	249
547	297	283	249
546	296	282	249
545	295	282	248
543	294	282	248
542	294	281	248
541	293	281	248
352	299	297	261
350	298	296	260
339	297	297	261
327	297	297	261
316	296	298	262
304	296	298	262
292	295	299	263
281	294	300	263
269	294	300	264
258	293	301	264
246	293	301	265
398	336	309	272
386	335	309	272
383	337	310	273
381	339	311	274
378	341	312	274
376	342	313	275
373	344	314	276
370	346	315	277
368	348	316	278
365	350	317	279
363	352	317	279
407	292	321	283
404	293	321	283
404	292	322	284
404	290	324	285
404	289	325	286
404	287	326	287
404	286	327	288
404	284	328	289
404	282	329	290
404	281	330	291
404	279	331	292
404	262	328	288
404	260	329	288
403	257	329	289
403	255	330	290
403	253	331	290
403	250	332	291
403	248	333	292
403	245	333	292
403	243	334	293
403	240	335	294
403	238	336	294
333	293	334	294
333	290	334	294
329	291	335	295
325	291	336	295
321	292	336	296
317	293	337	296
313	294	337	297
309	294	338	298
305	295	339	298
301	296	339	299
297	296	340	299
370	278	341	300
366	278	341	300
366	278	342	301
366	277	342	301
366	277	343	302
367	277	344	302
367	276	344	303
367	276	345	303
368	276	346	304
368	275	346	304
368	275	347	305
452	236	334	294
452	235	334	294
457	233	334	294
462	230	334	294
466	228	334	294
471	225	334	294
476	222	333	293
481	220	333	293
486	217	333	293
491	215	333	293
496	212	333	293
525	213	334	294
529	210	333	293
536	208	333	293
542	205	333	293
548	203	333	293
554	200	333	293
560	198	333	293
567	196	333	293
573	193	333	293
579	191	333	293
585	188	332	293
580	170	321	283
586	167	320	282
591	164	320	282
597	161	319	281
602	157	318	280
608	154	317	280
613	151	317	279
619	147	316	279
625	144	315	278
630	141	314	277
636	137	314	277
662	115	321	283
667	111	320	282
674	107	319	282
680	102	319	281
687	98	319	281
694	94	318	281
700	89	318	280
707	85	318	280
714	80	317	280
720	76	317	280
727	72	317	279
631	189	309	272
637	184	308	271
638	186	307	271
639	189	307	270
640	191	306	269
641	193	305	268
642	196	304	268
643	198	304	267
644	200	303	266
645	203	302	266
646	205	301	265
599	194	309	272
599	196	308	271
598	197	307	271
596	199	307	270
594	201	307	270
593	202	306	270
591	204	306	269
589	205	306	269
587	207	305	269
586	208	305	268
584	210	305	268
679	135	303	266
677	136	302	265
680	133	302	265
684	131	301	264
688	128	301	264
691	125	300	264
695	123	300	263
698	120	300	263
702	117	299	262
706	114	299	262
709	112	298	261
636	224	291	256
639	221	290	255
638	224	289	254
638	228	288	254
637	232	288	253
636	235	287	252
636	239	286	251
635	243	285	251
634	246	284	250
634	250	283	249
633	254	282	249
975	247	297	261
974	250	296	260
992	253	296	260
1010	256	296	260
1029	259	296	260
1047	262	296	260
1065	265	296	260
1084	268	296	260
1102	272	296	260
1120	275	296	260
1138	278	295	260
932	219	285	251
950	222	284	250
956	221	284	250
962	221	283	249
967	220	283	249
973	220	282	248
979	220	281	248
985	219	281	247
991	219	280	247
996	218	279	246
1002	218	279	246
864	135	274	241
869	134	273	240
867	129	272	239
865	124	271	238
863	119	270	238
861	114	269	237
858	109	268	236
856	104	268	235
854	99	267	234
852	94	266	234
849	89	265	233
1078	133	280	246
1075	127	279	245
1086	125	279	245
1096	123	279	245
1107	121	279	245
1117	118	278	245
1128	116	278	244
1139	114	278	244
1149	111	278	244
1160	109	278	244
1170	107	278	244
886	152	291	256
896	149	290	255
890	149	291	256
885	150	292	257
879	150	292	257
873	150	293	258
867	151	294	258
861	151	294	259
855	151	295	260
850	152	296	260
844	152	296	261
906	210	280	246
900	210	280	246
898	213	280	246
895	217	280	245
893	220	279	245
891	224	279	245
889	227	279	245
887	231	278	244
885	234	278	244
883	238	278	244
881	241	277	243
849	285	280	246
846	288	279	245
843	294	279	245
839	299	279	245
835	305	279	245
831	311	278	245
828	316	278	244
824	322	278	244
820	328	278	244
816	334	278	244
813	339	278	244
710	217	291	256
706	222	290	255
697	221	291	256
687	219	291	256
678	218	292	257
669	217	293	257
659	215	293	258
650	214	294	258
641	212	294	259
632	211	295	259
622	209	295	260
607	200	285	251
597	198	285	251
588	196	285	251
578	194	285	251
568	192	285	251
559	190	285	251
549	189	285	251
539	187	285	251
530	185	285	251
520	183	284	251
510	181	284	251
417	183	291	256
407	181	290	255
393	179	291	256
378	177	291	256
364	175	291	256
350	174	291	256
335	172	292	257
321	170	292	257
307	169	292	257
292	167	293	257
278	165	293	258
478	123	285	251
463	121	285	251
461	117	285	251
458	113	284	250
456	109	284	250
453	105	284	250
451	101	284	250
448	97	284	250
446	93	283	250
443	89	283	249
441	85	283	249
372	201	274	241
369	196	273	240
363	199	273	240
357	202	272	239
351	204	271	238
344	207	270	238
338	210	270	237
332	212	269	236
326	215	268	236
320	218	268	235
314	220	267	235
483	227	280	246
476	229	279	245
480	232	279	245
483	235	279	245
487	238	279	245
490	241	279	245
494	243	279	245
498	246	279	245
501	249	279	245
505	252	279	245
508	255	279	245
488	195	269	236
491	197	269	236
493	197	268	235
495	196	267	234
498	195	267	234
500	195	266	233
502	194	266	233
504	193	265	232
506	193	265	232
509	192	264	231
511	191	263	231
402	193	274	241
404	192	273	240
400	191	273	240
396	191	273	240
392	190	273	240
388	190	273	240
384	189	273	240
380	188	273	240
376	188	273	240
372	187	273	240
368	187	273	240
337	159	269	236
333	158	269	236
327	156	268	235
322	154	268	235
316	152	268	235
310	150	268	235
305	147	267	234
299	145	267	234
294	143	267	234
288	141	267	234
283	139	266	233
321	155	258	227
315	152	257	226
312	151	257	226
309	150	256	225
306	149	255	224
302	148	254	224
299	147	254	223
296	146	253	223
293	145	252	222
290	143	252	221
287	142	251	221
288	164	248	218
284	162	247	217
281	162	246	216
279	163	245	215
276	163	244	215
273	163	243	214
270	163	242	213
267	163	242	212
264	163	241	212
261	163	240	211
258	163	239	210
288	144	239	210
285	144	238	209
283	143	237	208
282	142	236	207
281	141	235	207
280	140	234	206
279	139	233	205
278	138	233	204
277	137	232	204
276	136	231	203
274	135	230	202
385	154	243	214
383	152	242	213
388	153	242	213
393	153	241	213
398	153	241	213
404	153	241	212
409	153	241	212
414	153	241	212
419	153	241	212
424	153	241	212
429	153	241	212
359	197	253	223
364	197	252	222
364	199	253	223
365	202	253	223
366	204	254	224
367	207	255	224
368	209	255	225
369	212	256	225
370	214	256	226
371	216	257	227
371	219	257	227
318	143	263	232
318	145	263	232
316	143	264	233
314	141	265	233
312	139	265	234
310	137	266	235
308	136	267	236
305	134	268	236
303	132	269	237
301	130	270	238
299	128	270	239
389	228	263	232
386	226	263	232
389	229	264	233
392	233	264	233
395	237	264	233
398	240	265	233
401	244	265	234
404	248	265	234
407	252	266	234
410	255	266	235
413	259	266	235
358	223	263	232
360	226	263	232
360	228	263	232
360	229	263	232
360	231	263	232
359	232	263	232
359	234	263	232
359	235	263	232
358	237	264	232
358	238	264	233
358	240	264	233
391	226	258	227
390	227	258	227
392	228	257	226
393	228	257	226
395	229	257	226
396	229	257	226
398	230	256	225
399	231	256	225
401	231	256	225
402	232	256	225
404	233	255	224
407	254	253	223
408	254	252	222
410	256	252	222
411	258	251	222
413	259	251	221
414	261	251	221
416	263	250	221
418	265	250	220
419	266	249	220
421	268	249	220
422	270	249	219
464	173	248	218
465	174	247	217
469	171	247	217
473	167	246	216
476	163	246	216
480	159	245	216
484	156	245	215
488	152	244	215
492	148	244	214
495	144	244	214
499	141	243	213
478	221	239	210
481	217	238	209
484	218	237	208
486	218	237	208
488	219	236	207
491	220	235	207
493	221	235	206
496	222	234	205
498	223	233	205
500	224	233	204
503	225	232	204
380	112	243	214
382	112	242	213
377	107	242	213
373	102	242	213
368	96	242	213
364	91	242	213
359	85	242	213
354	80	242	213
350	74	241	213
345	69	241	213
341	63	241	213
415	150	239	210
410	144	238	209
410	144	238	209
409	143	238	209
409	143	238	209
409	143	238	209
409	142	237	208
408	142	237	208
408	141	237	208
408	141	237	208
408	141	237	208
322	168	234	206
321	167	233	205
316	168	233	205
311	169	233	205
306	171	232	204
301	172	232	204
296	173	231	204
291	174	231	203
286	175	231	203
281	176	230	203
276	177	230	203
404	205	243	214
398	206	242	213
401	208	242	214
403	211	243	214
405	213	243	214
408	216	244	214
410	219	244	215
412	221	244	215
415	224	245	215
417	226	245	216
419	229	245	216
606	264	234	206
608	266	234	206
620	270	234	206
633	275	233	205
645	279	233	205
658	284	233	205
670	288	232	204
683	292	232	204
695	297	232	204
708	301	231	204
721	305	231	203
535	292	234	206
547	296	233	205
549	299	233	205
550	303	233	205
552	306	233	205
553	309	233	205
555	313	232	204
556	316	232	204
558	319	232	204
559	323	232	204
561	326	232	204
494	239	225	198
495	242	224	197
493	240	224	197
490	239	223	196
488	237	223	196
486	235	222	195
484	233	222	195
481	232	221	194
479	230	220	194
477	228	220	193
474	227	219	193
417	316	216	190
414	314	215	189
409	317	214	188
403	320	213	188
398	324	213	187
393	327	212	186
387	330	211	186
382	334	211	185
377	337	210	184
371	340	209	184
366	344	208	183
373	282	212	186
367	285	211	185
362	285	210	184
358	284	210	184
353	284	209	183
348	284	209	183
344	283	208	182
339	283	208	182
334	283	207	181
329	282	207	181
325	282	206	180
377	278	203	179
372	277	202	178
370	277	201	177
369	276	201	177
367	276	200	176
365	275	199	176
364	274	199	175
362	274	198	175
361	273	197	174
359	273	196	173
358	272	196	173
404	265	196	172
402	264	195	171
403	263	194	170
404	262	193	170
405	261	193	169
406	260	192	168
407	259	191	168
408	258	191	167
409	257	190	167
410	256	189	166
411	255	189	165
469	258	203	179
470	257	202	178
474	256	202	178
478	255	202	178
482	254	202	178
486	253	202	178
490	253	202	179
495	252	203	179
499	251	203	179
503	250	203	179
507	250	203	179
440	258	212	186
444	257	212	186
444	256	212	186
444	256	213	187
444	256	213	187
444	256	214	188
445	255	215	188
445	255	215	189
445	255	216	189
445	254	216	190
445	254	217	190
417	195	220	194
417	194	220	194
415	191	221	195
414	187	221	195
412	183	222	196
411	180	223	197
410	176	224	197
408	173	224	198
407	169	225	199
405	166	226	199
404	162	226	200
393	175	229	202
391	171	229	202
389	168	230	203
387	166	231	204
385	163	232	204
383	160	232	205
381	157	233	206
379	155	234	206
377	152	235	207
375	149	235	208
373	147	236	209
357	153	220	194
355	150	220	194
352	148	220	194
349	145	220	194
346	143	220	194
343	141	220	194
341	139	219	193
338	136	219	193
335	134	219	193
332	132	219	193
329	130	219	193
360	211	229	202
357	208	228	201
356	211	229	202
355	213	229	202
354	215	229	202
353	218	230	203
352	220	230	203
351	223	231	203
350	225	231	204
349	227	231	204
348	230	232	204
343	271	239	210
342	273	239	210
340	277	240	210
339	282	240	211
338	286	241	212
337	291	242	212
335	295	243	213
334	300	243	213
333	304	244	214
332	309	245	215
331	313	245	215
423	268	248	218
421	272	248	218
425	274	249	219
429	275	250	219
433	277	251	220
437	279	251	221
441	281	252	222
445	282	253	222
449	284	254	223
453	286	255	224
457	287	255	224
361	189	258	227
365	190	258	227
363	186	259	228
361	183	260	229
360	179	261	230
358	175	262	230
356	171	263	231
355	167	264	232
353	163	264	233
352	159	265	233
350	155	266	234
251	262	269	236
249	258	269	236
242	260	270	237
235	262	271	238
228	264	272	239
221	266	273	239
214	269	274	240
207	271	275	241
200	273	276	242
193	275	277	243
186	278	278	244
103	266	280	246
95	268	280	246
84	269	281	247
73	271	282	248
62	272	283	249
50	273	284	250
39	275	285	251
28	276	286	252
17	278	287	252
5	279	288	253
-5	281	289	254
-39	251	291	256
-50	252	291	256
-62	252	292	257
-75	251	293	258
-87	251	294	259
-100	251	295	260
-112	250	296	261
-125	250	297	262
-137	250	298	263
-150	249	299	264
-162	249	300	264
25	235	303	266
12	234	303	266
11	233	305	267
9	232	306	268
8	231	307	269
6	230	308	270
5	229	309	271
4	228	310	272
2	226	311	273
1	225	312	274
0	224	313	275
158	228	309	272
156	226	310	272
163	226	310	273
171	225	311	274
178	224	312	274
186	223	313	275
193	222	313	276
201	221	314	277
208	220	315	277
216	219	316	278
223	219	316	279
315	190	321	283
322	189	321	283
334	186	322	284
346	184	323	285
358	181	324	286
370	179	325	287
383	176	326	288
395	174	327	288
407	172	328	289
419	169	329	290
431	167	330	291
393	240	334	294
405	237	334	294
414	239	336	295
423	241	337	296
433	242	338	297
442	244	339	298
451	246	340	299
460	247	341	300
470	249	342	301
479	251	343	302
488	253	344	303
228	229	348	306
237	230	349	306
231	231	350	308
226	231	351	309
220	231	352	310
214	231	353	311
208	232	355	312
203	232	356	313
197	232	357	314
191	233	358	315
186	233	360	316
184	235	362	318
178	235	363	319
172	235	364	320
167	236	365	321
161	236	366	322
156	236	368	323
150	237	369	324
145	237	370	325
139	237	372	326
134	238	373	327
128	238	374	328
232	223	348	306
226	223	349	307
226	222	348	306
227	222	348	306
228	221	348	306
228	221	348	306
229	220	347	305
229	220	347	305
230	219	347	305
230	219	346	305
231	218	346	304
253	220	341	300
253	219	340	299
255	219	340	299
256	218	339	298
258	218	338	298
260	217	338	297
262	217	337	297
263	216	337	296
265	216	336	296
267	216	336	295
268	215	335	295
281	203	341	300
282	202	340	299
284	201	340	299
287	200	339	299
289	199	339	298
291	198	339	298
294	197	339	298
296	195	338	298
298	194	338	298
300	193	338	297
303	192	338	297
286	179	355	312
288	177	354	311
289	176	355	312
290	174	356	312
291	172	356	313
293	170	357	314
294	168	358	314
295	167	358	315
296	165	359	315
297	163	360	316
299	161	361	317
290	164	348	306
291	162	348	306
291	160	348	306
292	159	348	306
293	157	348	306
293	155	348	306
294	154	348	306
294	152	348	306
295	151	348	306
296	149	348	306
296	148	348	306
272	152	348	306
272	150	347	305
271	149	347	305
271	147	347	305
270	146	347	305
269	145	347	305
268	144	347	305
267	142	347	305
267	141	347	305
266	140	347	305
265	139	347	305
275	149	341	300
274	147	340	299
273	147	340	299
273	146	340	299
273	145	339	298
273	145	339	298
273	144	338	298
272	143	338	297
272	143	338	297
272	142	337	297
272	141	337	296
275	155	341	300
274	154	340	299
274	154	340	299
274	154	340	299
274	154	340	299
274	154	339	299
274	154	339	298
274	155	339	298
274	155	339	298
274	155	339	298
274	155	338	298
260	169	348	306
259	169	347	305
259	169	348	306
258	170	348	306
257	171	348	306
256	172	349	306
255	173	349	307
254	174	349	307
254	175	350	307
253	176	350	308
252	176	350	308
248	182	348	306
247	182	348	306
246	183	348	306
245	185	348	306
244	186	348	306
243	187	348	306
241	188	349	306
240	189	349	307
239	190	349	307
238	191	349	307
237	192	349	307
253	182	362	318
251	183	362	318
251	183	362	318
251	183	363	319
251	184	364	320
251	184	365	320
251	185	366	321
251	185	367	322
250	186	367	323
250	186	368	323
250	187	369	324
253	175	362	318
252	175	362	318
252	175	363	319
252	174	363	319
252	174	363	319
252	174	364	319
252	174	364	320
252	173	364	320
252	173	365	320
252	173	365	321
252	173	366	321
241	176	362	318
241	175	362	318
240	175	362	318
239	175	362	318
239	175	362	318
238	175	362	318
237	175	362	318
237	175	363	318
236	175	363	318
235	175	363	319
235	175	363	319
183	169	376	331
182	168	376	331
178	168	376	331
175	168	377	332
171	167	378	333
168	167	379	334
164	166	380	334
161	166	380	335
157	166	381	336
154	165	382	337
150	165	383	337
224	166	384	338
