1.816535
0.032319
0.032597
0.032616
0.032631
0.032646
0.032660
0.032675
0.032689
0.032703
0.032719
0.032733
0.025582
0.025835
0.025853
0.025868
0.025882
0.025896
0.025910
0.025924
0.025937
0.025950
0.025964
0.025235
0.025460
0.025476
0.025499
0.025514
0.025528
0.025542
0.025555
0.025568
0.025582
0.025597
0.025322
0.025555
0.025574
0.025588
0.025602
0.025616
0.025630
0.025643
0.025656
0.025670
0.025683
0.025028
0.025247
0.025275
0.025289
0.025303
0.025316
0.025330
0.025343
0.025356
0.025369
0.025383
0.024804
0.025025
0.025042
0.025058
0.025071
0.025084
0.025097
0.025111
0.025124
0.025137
0.025149
0.024598
0.024825
0.024842
0.024856
0.024869
0.024882
0.024898
0.024911
0.024925
0.024938
0.024952
0.024179
0.024427
0.024457
0.024475
0.024489
0.024502
0.024515
0.024528
0.024541
0.024554
0.024567
0.024323
0.024548
0.024565
0.024578
0.024591
0.024605
0.024618
0.024632
0.024646
0.024658
0.024672
0.049275
0.049506
0.049525
0.049539
0.049553
0.049566
0.049579
0.049595
0.049608
0.049621
0.049634
0.026008
0.026229
0.026247
0.026261
0.026275
0.026288
0.026301
0.026314
0.026327
0.026340
0.026353
0.025800
0.026021
0.026040
0.026054
0.026068
0.026084
0.026097
0.026110
0.026124
0.026137
0.026150
0.025089
0.025302
0.025328
0.025344
0.025380
0.025402
0.025417
0.025430
0.025443
0.025456
0.025474
0.025265
0.025497
0.025515
0.025529
0.025542
0.025558
0.025572
0.025585
0.025598
0.025611
0.025625
0.025467
0.025694
0.025712
0.025727
0.025740
0.025753
0.025767
0.025780
0.025793
0.025806
0.025819
0.025580
0.025799
0.025815
0.025828
0.025851
0.025868
0.025882
0.025894
0.025911
0.025925
0.025938
0.033127
0.033354
0.033371
0.033385
0.033398
0.033412
0.033425
0.033438
0.033451
0.033464
0.033477
0.025951
0.026167
0.026194
0.026208
0.026221
0.026234
0.026248
0.026261
0.026274
0.026287
0.026299
0.025686
0.025900
0.025926
0.025944
0.025958
0.025971
0.025985
0.025997
0.026010
0.026023
0.026037
0.051304
0.051529
0.051546
0.051560
0.051574
0.051588
0.051601
0.051614
0.051627
0.051640
0.051652
0.026885
0.027100
0.027127
0.027140
0.027154
0.027167
0.027180
0.027194
0.027207
0.027220
0.027233
0.025234
0.025463
0.025483
0.025497
0.025511
0.025524
0.025538
0.025550
0.025563
0.025576
0.025589
0.025666
0.025898
0.025915
0.025929
0.025942
0.025955
0.025969
0.025982
0.025995
0.026008
0.026021
0.025402
0.025626
0.025643
0.025657
0.025671
0.025685
0.025699
0.025712
0.025725
0.025738
0.025751
0.024611
0.024840
0.024857
0.024871
0.024885
0.024900
0.024914
0.024927
0.024940
0.024953
0.024966
0.024695
0.024919
0.024936
0.024951
0.024964
0.024978
0.024991
0.025008
0.025022
0.025035
0.025048
0.024590
0.024816
0.024834
0.024848
0.024862
0.024876
0.024889
0.024902
0.024915
0.024928
0.024941
0.024514
0.024742
0.024759
0.024773
0.024787
0.024801
0.024814
0.024827
0.024840
0.024853
0.024866
0.024223
0.024451
0.024469
0.024483
0.024497
0.024510
0.024523
0.024537
0.024550
0.024563
0.024576
0.049211
0.049436
0.049454
0.049469
0.049482
0.049495
0.049509
0.049521
0.049535
0.049548
0.049561
0.024952
0.025168
0.025196
0.025210
0.025224
0.025237
0.025250
0.025264
0.025276
0.025290
0.025303
0.025177
0.025401
0.025419
0.025433
0.025446
0.025460
0.025473
0.025487
0.025500
0.025513
0.025526
0.025697
0.025925
0.025945
0.025960
0.025973
0.025986
0.026000
0.026013
0.026026
0.026039
0.026052
0.025112
0.025334
0.025351
0.025365
0.025378
0.025392
0.025405
0.025418
0.025431
0.025444
0.025457
0.024907
0.025135
0.025152
0.025167
0.025180
0.025194
0.025208
0.025221
0.025235
0.025248
0.025261
0.025197
0.025421
0.025438
0.025452
0.025465
0.025478
0.025491
0.025504
0.025517
0.025530
0.025543
0.025158
0.025387
0.025404
0.025418
0.025432
0.025445
0.025459
0.025472
0.025486
0.025502
0.025515
0.025503
0.025730
0.025747
0.025762
0.025775
0.025788
0.025801
0.025814
0.025827
0.025840
0.025853
0.025197
0.025415
0.025443
0.025458
0.025472
0.025486
0.025499
0.025512
0.025526
0.025539
0.025552
0.051069
0.051281
0.051308
0.051322
0.051336
0.051349
0.051362
0.051375
0.051388
0.051401
0.051414
0.026164
0.026395
0.026413
0.026427
0.026441
0.026455
0.026468
0.026481
0.026495
0.026508
0.026520
0.027645
0.027870
0.027887
0.027901
0.027915
0.027929
0.027942
0.027956
0.027969
0.027982
0.027995
0.028412
0.028642
0.028660
0.028675
0.028689
0.028702
0.028715
0.028728
0.028742
0.028767
0.028786
0.027939
0.028166
0.028184
0.028198
0.028212
0.028225
0.028242
0.028262
0.028277
0.028293
0.028308
0.026762
0.026995
0.027015
0.027032
0.027049
0.027082
0.027110
0.027136
0.027163
0.027192
0.027219
0.026467
0.026692
0.026710
0.026724
0.026738
0.026751
0.026765
0.026778
0.026791
0.026804
0.026818
0.026429
0.026644
0.026671
0.026685
0.026699
0.026712
0.026726
0.026739
0.026752
0.026765
0.026778
0.026602
0.026829
0.026846
0.026860
0.026874
0.026887
0.026901
0.026913
0.026927
0.026943
0.026956
0.025816
0.026042
0.026059
0.026074
0.026087
0.026101
0.026114
0.026127
0.026140
0.026153
0.026166
0.050935
0.051160
0.051177
0.051191
0.051204
0.051218
0.051231
0.051244
0.051256
0.051269
0.051282
0.026216
0.026444
0.026462
0.026476
0.026489
0.026503
0.026516
0.026530
0.026543
0.026556
0.026569
0.027272
0.027500
0.027517
0.027532
0.027545
0.027559
0.027572
0.027586
0.027599
0.027613
0.027627
0.025552
0.025765
0.025791
0.025805
0.025819
0.025832
0.025845
0.025858
0.025870
0.025883
0.025896
0.026350
0.026567
0.026594
0.026608
0.026621
0.026634
0.026648
0.026661
0.026674
0.026688
0.026701
0.025514
0.025739
0.025757
0.025771
0.025789
0.025803
0.025816
0.025829
0.025842
0.025855
0.025868
0.024866
0.025104
0.025133
0.025160
0.025184
0.025209
0.025234
0.025258
0.025283
0.025306
0.025331
0.024844
0.025071
0.025094
0.025117
0.025141
0.025165
0.025189
0.025214
0.025238
0.025262
0.025285
0.024710
0.024928
0.024950
0.024982
0.025006
0.025031
0.025056
0.025080
0.025105
0.025128
0.025152
0.024337
0.024566
0.024590
0.024613
0.024638
0.024662
0.024686
0.024710
0.024734
0.024762
0.024787
0.050365
0.050589
0.050606
0.050621
0.050634
0.050648
0.050661
0.050674
0.050687
0.050700
0.050713
0.025915
0.026131
0.026158
0.026172
0.026186
0.026199
0.026212
0.026226
0.026239
0.026252
0.026265
0.026277
0.026504
0.026521
0.026535
0.026550
0.026563
0.026577
0.026590
0.026606
0.026619
0.026633
0.026244
0.026468
0.026485
0.026499
0.026512
0.026525
0.026538
0.026551
0.026564
0.026577
0.026590
0.025983
0.026196
0.026222
0.026237
0.026250
0.026263
0.026276
0.026289
0.026303
0.026316
0.026329
0.025491
0.025715
0.025733
0.025748
0.025761
0.025775
0.025788
0.025801
0.025815
0.025828
0.025841
0.025560
0.025784
0.025801
0.025817
0.025831
0.025844
0.025858
0.025871
0.025884
0.025898
0.025911
0.025800
0.026026
0.026048
0.026065
0.026078
0.026092
0.026105
0.026119
0.026132
0.026145
0.026158
0.025647
0.025875
0.025892
0.025907
0.025920
0.025934
0.025947
0.025960
0.025973
0.025986
0.026000
0.024648
0.025288
0.025309
0.025326
0.025341
0.025357
0.025372
0.025387
0.025402
0.025417
0.025431
0.053656
0.053877
0.053897
0.053928
0.053947
0.053964
0.053979
0.053995
0.054010
0.054026
0.054041
0.026824
0.027048
0.027066
0.027080
0.027093
0.027107
0.027120
0.027133
0.027146
0.027159
0.027172
0.026179
0.026407
0.026424
0.026439
0.026453
0.026467
0.026480
0.026493
0.026506
0.026519
0.026532
0.025854
0.026070
0.026096
0.026110
0.026124
0.026137
0.026151
0.026164
0.026178
0.026191
0.026206
0.025513
0.025737
0.025754
0.025769
0.025782
0.025796
0.025809
0.025822
0.025836
0.025848
0.025861
0.025363
0.025587
0.025605
0.025620
0.025634
0.025647
0.025661
0.025674
0.025687
0.025701
0.025714
0.025645
0.025872
0.025889
0.025903
0.025917
0.025930
0.025943
0.025957
0.025972
0.025989
0.026005
0.025495
0.025720
0.025739
0.025755
0.025772
0.025787
0.025803
0.025818
0.025834
0.025848
0.025864
0.025459
0.025696
0.025715
0.025732
0.025748
0.025764
0.025780
0.025795
0.025811
0.025827
0.025843
0.025303
0.025528
0.025549
0.025567
0.025583
0.025599
0.025616
0.025631
0.025647
0.025662
0.025678
0.055060
0.055285
0.055306
0.055323
0.055339
0.055358
0.055373
0.055390
0.055406
0.055422
0.055439
0.026615
0.026842
0.026860
0.026875
0.026888
0.026901
0.026915
0.026928
0.026942
0.026955
0.026968
0.026797
0.027011
0.027037
0.027051
0.027065
0.027078
0.027092
0.027105
0.027118
0.027131
0.027144
0.026133
0.026358
0.026375
0.026390
0.026404
0.026417
0.026431
0.026444
0.026457
0.026470
0.026483
0.026284
0.026511
0.026528
0.026543
0.026556
0.026570
0.026583
0.026596
0.026610
0.026623
0.026636
0.026011
0.026234
0.026251
0.026266
0.026280
0.026292
0.026305
0.026319
0.026332
0.026345
0.026357
0.026774
0.027003
0.027020
0.027035
0.027049
0.027063
0.027076
0.027089
0.027102
0.027116
0.027129
0.025987
0.026212
0.026231
0.026245
0.026258
0.026272
0.026285
0.026299
0.026312
0.026325
0.026338
0.028721
0.028948
0.028966
0.028980
0.028993
0.029006
0.029020
0.029033
0.029046
0.029058
0.029071
0.026839
0.027056
0.027083
0.027098
0.027111
0.027125
0.027138
0.027151
0.027164
0.027177
0.027190
0.052831
0.053053
0.053071
0.053085
0.053098
0.053112
0.053125
0.053137
0.053150
0.053163
0.053176
0.028018
0.028243
0.028261
0.028276
0.028289
0.028303
0.028316
0.028329
0.028342
0.028354
0.028368
0.026788
0.027013
0.027030
0.027044
0.027058
0.027071
0.027084
0.027097
0.027110
0.027123
0.027136
0.026726
0.026953
0.026971
0.026986
0.026999
0.027012
0.027025
0.027039
0.027052
0.027065
0.027077
0.026444
0.026662
0.026688
0.026702
0.026716
0.026729
0.026742
0.026755
0.026768
0.026782
0.026795
0.025777
0.026004
0.026022
0.026037
0.026051
0.026064
0.026078
0.026091
0.026104
0.026117
0.026130
0.025909
0.026134
0.026151
0.026165
0.026180
0.026192
0.026206
0.026219
0.026232
0.026246
0.026259
0.026193
0.026418
0.026436
0.026450
0.026464
0.026478
0.026491
0.026504
0.026517
0.026530
0.026543
0.026527
0.026759
0.026776
0.026791
0.026804
0.026818
0.026831
0.026844
0.026857
0.026871
0.026884
0.026936
0.027158
0.027176
0.027190
0.027204
0.027217
0.027230
0.027243
0.027256
0.027269
0.027282
0.052493
0.052716
0.052733
0.052748
0.052762
0.052776
0.052790
0.052804
0.052817
0.052830
0.052843
0.026444
0.026670
0.026687
0.026702
0.026716
0.026729
0.026742
0.026755
0.026768
0.026782
0.026794
0.027057
0.027281
0.027298
0.027312
0.027326
0.027339
0.027353
0.027367
0.027380
0.027397
0.027410
0.026472
0.026686
0.026713
0.026727
0.026741
0.026754
0.026767
0.026780
0.026793
0.026806
0.026819
0.026223
0.026438
0.026466
0.026480
0.026494
0.026508
0.026521
0.026534
0.026547
0.026560
0.026573
0.026919
0.027155
0.027181
0.027197
0.027210
0.027224
0.027238
0.027251
0.027264
0.027277
0.027290
0.026892
0.027115
0.027132
0.027147
0.027161
0.027175
0.027188
0.027201
0.027215
0.027228
0.027241
0.026502
0.026729
0.026746
0.026761
0.026774
0.026788
0.026802
0.026815
0.026828
0.026841
0.026854
0.025964
0.026190
0.026207
0.026221
0.026235
0.026248
0.026261
0.026274
0.026287
0.026299
0.026313
0.026882
0.027107
0.027124
0.027138
0.027152
0.027165
0.027179
0.027192
0.027205
0.027218
0.027231
0.052252
0.052465
0.052492
0.052506
0.052520
0.052533
0.052547
0.052560
0.052573
0.052586
0.052599
0.027151
0.027381
0.027399
0.027413
0.027427
0.027440
0.027454
0.027467
0.027480
0.027493
0.027506
0.026580
0.026805
0.026824
0.026839
0.026852
0.026865
0.026879
0.026892
0.026905
0.026918
0.026931
0.025754
0.025963
0.025989
0.026003
0.026017
0.026030
0.026043
0.026056
0.026069
0.026082
0.026094
0.026302
0.026529
0.026546
0.026560
0.026574
0.026587
0.026600
0.026613
0.026626
0.026639
0.026652
0.026480
0.026703
0.026721
0.026735
0.026749
0.026774
0.026798
0.026813
0.026827
0.026841
0.026854
0.026158
0.026390
0.026411
0.026425
0.026439
0.026452
0.026465
0.026478
0.026491
0.026505
0.026518
0.026264
0.026489
0.026506
0.026521
0.026534
0.026548
0.026561
0.026574
0.026587
0.026601
0.026614
0.026362
0.026587
0.026605
0.026619
0.026633
0.026646
0.026659
0.026672
0.026685
0.026699
0.026711
0.025464
0.025690
0.025707
0.025722
0.025735
0.025749
0.025762
0.025775
0.025789
0.025802
0.025815
0.053952
0.054177
0.054220
0.054245
0.054271
0.054294
0.054319
0.054343
0.054367
0.054390
0.054414
0.027170
0.027412
0.027445
0.027471
0.027497
0.027521
0.027545
0.027570
0.027594
0.027618
0.027642
0.027330
0.027556
0.027597
0.027622
0.027647
0.027671
0.027696
0.027719
0.027743
0.027766
0.027790
0.027718
0.027958
0.027988
0.028017
0.028042
0.028067
0.028093
0.028116
0.028141
0.028165
0.028188
0.027290
0.027526
0.027557
0.027585
0.027610
0.027635
0.027658
0.027683
0.027706
0.027730
0.027754
0.026201
0.026437
0.026465
0.026492
0.026518
0.026545
0.026568
0.026592
0.026616
0.026640
0.026664
0.026654
0.026892
0.026921
0.026950
0.026975
0.027001
0.027025
0.027049
0.027073
0.027101
0.027126
0.026240
0.026466
0.026494
0.026531
0.026555
0.026581
0.026604
0.026628
0.026652
0.026676
0.026700
0.026168
0.026398
0.026416
0.026430
0.026444
0.026457
0.026470
0.026484
0.026497
0.026510
0.026523
0.027588
0.027819
0.027837
0.027851
0.027865
0.027879
0.027892
0.027905
0.027918
0.027931
0.027944
0.053883
0.054104
0.054122
0.054136
0.054150
0.054163
0.054176
0.054189
0.054202
0.054214
0.054227
0.028279
0.028502
0.028522
0.028537
0.028550
0.028563
0.028577
0.028590
0.028603
0.028615
0.028629
0.026838
0.027063
0.027081
0.027095
0.027108
0.027122
0.027135
0.027149
0.027162
0.027175
0.027188
0.026534
0.026755
0.026773
0.026788
0.026801
0.026815
0.026828
0.026841
0.026855
0.026868
0.026881
0.026588
0.026809
0.026836
0.026850
0.026864
0.026877
0.026890
0.026903
0.026916
0.026929
0.026942
0.026430
0.026644
0.026670
0.026684
0.026698
0.026711
0.026724
0.026737
0.026750
0.026763
0.026776
0.026429
0.026643
0.026669
0.026684
0.026697
0.026711
0.026724
0.026737
0.026750
0.026763
0.026777
0.026035
0.026265
0.026282
0.026297
0.026311
0.026324
0.026338
0.026351
0.026364
0.026377
0.026390
0.026179
0.026392
0.026418
0.026442
0.026457
0.026470
0.026483
0.026496
0.026511
0.026524
0.026537
0.026803
0.027020
0.027047
0.027061
0.027075
0.027088
0.027101
0.027113
0.027127
0.027139
0.027152
0.053605
0.053837
0.053854
0.053868
0.053881
0.053895
0.053908
0.053921
0.053935
0.053948
0.053961
0.026767
0.026981
0.027008
0.027022
0.027036
0.027049
0.027062
0.027076
0.027089
0.027102
0.027114
0.028042
0.028267
0.028284
0.028299
0.028312
0.028325
0.028339
0.028352
0.028365
0.028378
0.028391
0.025795
0.026024
0.026041
0.026056
0.026070
0.026083
0.026097
0.026110
0.026124
0.026137
0.026150
0.026397
0.026628
0.026649
0.026665
0.026682
0.026698
0.026714
0.026729
0.026745
0.026762
0.026778
0.026440
0.026656
0.026685
0.026701
0.026717
0.026732
0.026748
0.026762
0.026778
0.026792
0.026807
0.026789
0.027006
0.027034
0.027050
0.027067
0.027084
0.027100
0.027115
0.027131
0.027147
0.027163
0.027058
0.027286
0.027306
0.027322
0.027338
0.027353
0.027369
0.027383
0.027396
0.027409
0.027422
0.026600
0.026834
0.026868
0.026893
0.026917
0.026942
0.026965
0.026990
0.027013
0.027037
0.027061
0.027006
0.027236
0.027264
0.027290
0.027313
0.027337
0.027362
0.027386
0.027409
0.027433
0.027457
0.055153
0.055380
0.055410
0.055434
0.055459
0.055483
0.055508
0.055532
0.055556
0.055580
0.055604
0.027315
0.027554
0.027584
0.027612
0.027637
0.027663
0.027687
0.027711
0.027735
0.027760
0.027785
0.029731
0.029972
0.030002
0.030029
0.030055
0.030082
0.030105
0.030130
0.030155
0.030178
0.030202
0.025992
0.026219
0.026237
0.026251
0.026264
0.026278
0.026291
0.026304
0.026318
0.026334
0.026351
0.028046
0.028282
0.028303
0.028320
0.028337
0.028353
0.028370
0.028386
0.028402
0.028418
0.028433
0.026898
0.027129
0.027150
0.027168
0.027183
0.027200
0.027215
0.027231
0.027246
0.027262
0.027278
0.027821
0.028048
0.028068
0.028085
0.028102
0.028118
0.028134
0.028150
0.028165
0.028180
0.028196
0.025437
0.025670
0.025690
0.025707
0.025724
0.025740
0.025757
0.025772
0.025788
0.025804
0.025820
0.025358
0.025579
0.025596
0.025610
0.025624
0.025637
0.025652
0.025671
0.025687
0.025702
0.025718
0.027161
0.027396
0.027418
0.027435
0.027452
0.027469
0.027485
0.027501
0.027517
0.027534
0.027550
0.053519
0.053773
0.053794
0.053811
0.053828
0.053843
0.053859
0.053874
0.053891
0.053906
0.053922
0.028305
0.028534
0.028552
0.028567
0.028583
0.028601
0.028617
0.028633
0.028649
0.028665
0.028680
0.027583
0.027815
0.027836
0.027853
0.027871
0.027884
0.027898
0.027911
0.027923
0.027936
0.027951
0.026691
0.026915
0.026933
0.026948
0.026962
0.026978
0.026997
0.027012
0.027029
0.027044
0.027060
0.027122
0.027352
0.027372
0.027388
0.027405
0.027421
0.027437
0.027453
0.027469
0.027484
0.027500
0.026902
0.027120
0.027139
0.027166
0.027183
0.027199
0.027215
0.027231
0.027246
0.027262
0.027277
0.026651
0.026882
0.026900
0.026915
0.026929
0.026942
0.026955
0.026968
0.026981
0.026994
0.027006
0.026370
0.026599
0.026617
0.026632
0.026646
0.026659
0.026673
0.026686
0.026700
0.026713
0.026728
0.026143
0.026376
0.026397
0.026415
0.026432
0.026448
0.026464
0.026479
0.026495
0.026510
0.026526
0.027899
0.028130
0.028152
0.028170
0.028188
0.028204
0.028220
0.028237
0.028253
0.028268
0.028284
0.052558
0.052787
0.052808
0.052825
0.052841
0.052857
0.052873
0.052889
0.052904
0.052920
0.052936
0.027958
0.028182
0.028203
0.028220
0.028238
0.028254
0.028271
0.028286
0.028301
0.028317
0.028333
0.027036
0.027256
0.027285
0.027302
0.027320
0.027334
0.027347
0.027360
0.027375
0.027389
0.027401
0.026531
0.026764
0.026784
0.026798
0.026812
0.026826
0.026839
0.026852
0.026865
0.026878
0.026894
0.026337
0.026568
0.026587
0.026604
0.026620
0.026636
0.026652
0.026669
0.026685
0.026701
0.026716
0.026494
0.026723
0.026742
0.026759
0.026775
0.026792
0.026814
0.026831
0.026846
0.026861
0.026876
0.026331
0.026551
0.026580
0.026597
0.026612
0.026629
0.026644
0.026660
0.026675
0.026691
0.026707
0.026453
0.026680
0.026700
0.026717
0.026734
0.026750
0.026766
0.026782
0.026797
0.026813
0.026829
0.025530
0.025758
0.025778
0.025795
0.025812
0.025827
0.025844
0.025859
0.025875
0.025890
0.025906
0.025740
0.025972
0.025992
0.026010
0.026026
0.026043
0.026059
0.026075
0.026091
0.026106
0.026122
0.054761
0.054989
0.055010
0.055027
0.055043
0.055059
0.055075
0.055091
0.055106
0.055122
0.055138
0.026206
0.026437
0.026457
0.026475
0.026492
0.026509
0.026525
0.026541
0.026556
0.026572
0.026587
0.024783
0.025014
0.025034
0.025052
0.025068
0.025084
0.025100
0.025116
0.025132
0.025148
0.025164
0.025136
0.025368
0.025388
0.025404
0.025421
0.025436
0.025453
0.025468
0.025484
0.025499
0.025515
0.026141
0.026373
0.026393
0.026410
0.026427
0.026443
0.026459
0.026474
0.026490
0.026505
0.026521
0.026275
0.026507
0.026527
0.026543
0.026560
0.026576
0.026592
0.026607
0.026623
0.026640
0.026653
0.026770
0.026983
0.027000
0.027014
0.027037
0.027051
0.027065
0.027078
0.027094
0.027111
0.027127
0.024591
0.024827
0.024844
0.024859
0.024873
0.024886
0.024899
0.024913
0.024926
0.024939
0.024952
0.024679
0.024905
0.024922
0.024936
0.024950
0.024969
0.024982
0.024995
0.025008
0.025021
0.025034
0.026480
0.026702
0.026720
0.026734
0.026748
0.026761
0.026775
0.026788
0.026801
0.026814
0.026827
0.051505
0.051730
0.051748
0.051762
0.051776
0.051790
0.051803
0.051816
0.051829
0.051842
0.051855
0.025468
0.025697
0.025715
0.025729
0.025743
0.025757
0.025770
0.025784
0.025797
0.025810
0.025823
0.025783
0.026010
0.026027
0.026042
0.026056
0.026069
0.026082
0.026095
0.026109
0.026121
0.026135
0.026216
0.026438
0.026456
0.026470
0.026484
0.026497
0.026510
0.026523
0.026536
0.026549
0.026562
0.025299
0.025524
0.025542
0.025556
0.025570
0.025583
0.025596
0.025609
0.025622
0.025635
0.025648
0.025048
0.025278
0.025299
0.025316
0.025334
0.025350
0.025366
0.025381
0.025397
0.025412
0.025427
0.025107
0.025334
0.025364
0.025381
0.025400
0.025418
0.025434
0.025454
0.025470
0.025485
0.025501
0.025092
0.025321
0.025341
0.025358
0.025374
0.025390
0.025405
0.025422
0.025437
0.025452
0.025468
0.025340
0.025570
0.025590
0.025607
0.025624
0.025639
0.025656
0.025671
0.025687
0.025702
0.025718
0.025223
0.025454
0.025475
0.025491
0.025508
0.025524
0.025540
0.025555
0.025571
0.025587
0.025603
0.051503
0.051725
0.051742
0.051756
0.051770
0.051783
0.051796
0.051809
0.051822
0.051835
0.051848
0.025445
0.025670
0.025688
0.025702
0.025716
0.025729
0.025742
0.025756
0.025769
0.025783
0.025795
0.026148
0.026377
0.026394
0.026409
0.026422
0.026435
0.026449
0.026462
0.026475
0.026488
0.026501
0.026318
0.026542
0.026559
0.026573
0.026587
0.026601
0.026614
0.026628
0.026641
0.026655
0.026668
0.025230
0.025458
0.025477
0.025491
0.025505
0.025518
0.025531
0.025544
0.025557
0.025570
0.025583
0.024247
0.024473
0.024490
0.024504
0.024518
0.024532
0.024545
0.024559
0.024572
0.024586
0.024599
0.024627
0.024853
0.024870
0.024885
0.024899
0.024912
0.024926
0.024939
0.024952
0.024966
0.024978
0.024607
0.024822
0.024848
0.024863
0.024877
0.024890
0.024904
0.024917
0.024931
0.024944
0.024957
0.024598
0.024824
0.024842
0.024856
0.024869
0.024882
0.024896
0.024909
0.024921
0.024934
0.024947
0.024654
0.024883
0.024902
0.024919
0.024935
0.024951
0.024967
0.024982
0.024998
0.025013
0.025029
0.050822
0.051047
0.051067
0.051085
0.051101
0.051117
0.051133
0.051148
0.051164
0.051179
0.051194
0.025309
0.025538
0.025559
0.025577
0.025594
0.025610
0.025626
0.025641
0.025658
0.025672
0.025688
0.025582
0.025797
0.025827
0.025844
0.025860
0.025881
0.025898
0.025912
0.025925
0.025938
0.025951
0.025645
0.025856
0.025883
0.025903
0.025918
0.025934
0.025952
0.025968
0.025983
0.025999
0.026014
0.025718
0.025934
0.025964
0.025981
0.025996
0.026012
0.026028
0.026044
0.026059
0.026075
0.026090
0.025611
0.025847
0.025868
0.025884
0.025901
0.025917
0.025933
0.025948
0.025964
0.025980
0.025995
0.025486
0.025719
0.025739
0.025756
0.025773
0.025789
0.025805
0.025822
0.025838
0.025851
0.025867
0.024997
0.025224
0.025242
0.025256
0.025270
0.025283
0.025300
0.025317
0.025334
0.025349
0.025365
0.024709
0.024938
0.024957
0.024974
0.024992
0.025009
0.025025
0.025040
0.025056
0.025071
0.025088
0.025405
0.025644
0.025665
0.025681
0.025698
0.025714
0.025730
0.025746
0.025762
0.025777
0.025793
0.050938
0.051164
0.051184
0.051202
0.051218
0.051234
0.051249
0.051265
0.051280
0.051296
0.051312
0.024728
0.024947
0.024976
0.024993
0.025012
0.025028
0.025044
0.025060
0.025076
0.025091
0.025107
0.025738
0.025969
0.025990
0.026008
0.026025
0.026041
0.026057
0.026073
0.026089
0.026105
0.026120
0.026530
0.026756
0.026777
0.026803
0.026820
0.026838
0.026856
0.026872
0.026888
0.026904
0.026920
0.025381
0.025614
0.025634
0.025651
0.025667
0.025682
0.025697
0.025713
0.025728
0.025744
0.025758
0.025121
0.025349
0.025368
0.025387
0.025403
0.025419
0.025436
0.025452
0.025468
0.025483
0.025499
0.025513
0.025744
0.025764
0.025781
0.025797
0.025813
0.025829
0.025846
0.025862
0.025878
0.025893
0.024632
0.024864
0.024885
0.024901
0.024919
0.024935
0.024951
0.024967
0.024983
0.024999
0.025015
0.024853
0.025084
0.025104
0.025120
0.025137
0.025154
0.025171
0.025187
0.025202
0.025218
0.025234
0.024931
0.025151
0.025181
0.025198
0.025216
0.025232
0.025248
0.025264
0.025279
0.025295
0.025311
0.051265
0.051502
0.051534
0.051555
0.051574
0.051588
0.051601
0.051614
0.051627
0.051640
0.051653
0.026983
0.027212
0.027231
0.027245
0.027259
0.027272
0.027285
0.027298
0.027312
0.027325
0.027338
0.026279
0.026507
0.026525
0.026540
0.026554
0.026567
0.026581
0.026594
0.026608
0.026621
0.026634
0.025211
0.025435
0.025453
0.025467
0.025481
0.025495
0.025508
0.025521
0.025535
0.025548
0.025561
0.025409
0.025632
0.025649
0.025663
0.025677
0.025690
0.025704
0.025717
0.025730
0.025743
0.025756
0.025432
0.025656
0.025674
0.025688
0.025702
0.025715
0.025728
0.025741
0.025754
0.025766
0.025779
0.026127
0.026339
0.026356
0.026369
0.026392
0.026406
0.026419
0.026432
0.026445
0.026458
0.026471
0.024782
0.024996
0.025022
0.025036
0.025050
0.025063
0.025076
0.025090
0.025103
0.025115
0.025129
0.025232
0.025446
0.025473
0.025487
0.025501
0.025515
0.025528
0.025541
0.025554
0.025567
0.025581
0.025187
0.025426
0.025455
0.025483
0.025508
0.025537
0.025561
0.025586
0.025610
0.025634
0.025658
0.050813
0.051038
0.051055
0.051069
0.051083
0.051096
0.051109
0.051122
0.051135
0.051148
0.051161
0.027095
0.027325
0.027343
0.027357
0.027371
0.027384
0.027397
0.027411
0.027424
0.027437
0.027451
0.026128
0.026346
0.026373
0.026387
0.026400
0.026413
0.026426
0.026440
0.026453
0.026466
0.026479
0.026256
0.026500
0.026517
0.026532
0.026545
0.026559
0.026572
0.026585
0.026599
0.026612
0.026625
0.025598
0.025823
0.025840
0.025854
0.025868
0.025881
0.025895
0.025908
0.025921
0.025934
0.025947
0.025607
0.025832
0.025850
0.025864
0.025878
0.025892
0.025905
0.025919
0.025932
0.025945
0.025958
0.025358
0.025571
0.025598
0.025612
0.025626
0.025639
0.025652
0.025666
0.025679
0.025692
0.025704
0.025606
0.025830
0.025847
0.025862
0.025876
0.025889
0.025903
0.025916
0.025929
0.025943
0.025955
0.025406
0.025628
0.025645
0.025659
0.025673
0.025686
0.025699
0.025712
0.025725
0.025738
0.025752
0.024747
0.024970
0.024987
0.025002
0.025016
0.025030
0.025043
0.025057
0.025070
0.025083
0.025096
0.050356
0.050581
0.050598
0.050612
0.050626
0.050640
0.050653
0.050666
0.050679
0.050692
0.050705
0.026237
0.026455
0.026482
0.026496
0.026510
0.026524
0.026538
0.026551
0.026565
0.026578
0.026591
0.025978
0.026200
0.026217
0.026232
0.026246
0.026259
0.026273
0.026286
0.026299
0.026312
0.026325
0.025421
0.025648
0.025668
0.025687
0.025704
0.025721
0.025737
0.025753
0.025768
0.025784
0.025800
0.024499
0.024719
0.024738
0.024764
0.024780
0.024796
0.024812
0.024828
0.024844
0.024859
0.024875
0.025820
0.026046
0.026066
0.026084
0.026101
0.026116
0.026133
0.026148
0.026163
0.026184
0.026200
0.025249
0.025478
0.025498
0.025515
0.025531
0.025548
0.025564
0.025579
0.025595
0.025610
0.025626
0.025358
0.025578
0.025609
0.025636
0.025650
0.025664
0.025677
0.025691
0.025704
0.025717
0.025730
0.025619
0.025839
0.025866
0.025880
0.025893
0.025906
0.025919
0.025932
0.025945
0.025958
0.025970
0.025661
0.025876
0.025892
0.025916
0.025930
0.025944
0.025957
0.025970
0.025983
0.025996
0.026010
0.051531
0.051745
0.051771
0.051786
0.051800
0.051813
0.051826
0.051840
0.051853
0.051866
0.051880
0.026054
0.026282
0.026299
0.026314
0.026328
0.026341
0.026355
0.026368
0.026382
0.026395
0.026408
0.025811
0.026034
0.026051
0.026065
0.026079
0.026092
0.026105
0.026119
0.026132
0.026145
0.026159
0.025393
0.025618
0.025635
0.025650
0.025664
0.025678
0.025691
0.025705
0.025718
0.025731
0.025744
0.025599
0.025822
0.025838
0.025852
0.025866
0.025879
0.025892
0.025905
0.025918
0.025932
0.025945
0.025807
0.026019
0.026046
0.026061
0.026075
0.026088
0.026101
0.026114
0.026128
0.026140
0.026154
0.025868
0.026091
0.026108
0.026122
0.026136
0.026149
0.026162
0.026175
0.026189
0.026202
0.026216
0.025684
0.025909
0.025927
0.025941
0.025954
0.025968
0.025981
0.025994
0.026007
0.026020
0.026033
0.025063
0.025289
0.025306
0.025321
0.025334
0.025348
0.025362
0.025375
0.025388
0.025401
0.025414
0.024567
0.024797
0.024815
0.024829
0.024843
0.024856
0.024869
0.024883
0.024896
0.024909
0.024924
0.050899
0.051121
0.051139
0.051153
0.051167
0.051180
0.051194
0.051207
0.051220
0.051233
0.051246
0.027028
0.027253
0.027271
0.027285
0.027299
0.027312
0.027326
0.027339
0.027353
0.027366
0.027379
0.026389
0.026614
0.026632
0.026646
0.026660
0.026674
0.026687
0.026700
0.026713
0.026726
0.026740
0.026784
0.026999
0.027025
0.027040
0.027054
0.027067
0.027081
0.027094
0.027107
0.027120
0.027133
0.025758
0.025987
0.026004
0.026019
0.026032
0.026045
0.026058
0.026072
0.026085
0.026098
0.026111
0.025326
0.025552
0.025570
0.025584
0.025597
0.025611
0.025624
0.025637
0.025651
0.025663
0.025676
0.024770
0.024981
0.025007
0.025022
0.025035
0.025048
0.025062
0.025074
0.025087
0.025100
0.025113
0.024537
0.024776
0.024806
0.024828
0.024850
0.024871
0.024892
0.024915
0.024936
0.024958
0.024979
0.024439
0.024673
0.024698
0.024727
0.024748
0.024768
0.024787
0.024806
0.024825
0.024844
0.024863
0.025277
0.025511
0.025539
0.025553
0.025567
0.025580
0.025593
0.025606
0.025619
0.025631
0.025644
0.053893
0.054120
0.054138
0.054152
0.054165
0.054179
0.054192
0.054205
0.054218
0.054231
0.054243
0.028118
0.028343
0.028360
0.028374
0.028387
0.028401
0.028414
0.028427
0.028440
0.028453
0.028466
0.026111
0.026340
0.026357
0.026371
0.026385
0.026399
0.026412
0.026425
0.026438
0.026451
0.026464
0.025452
0.025677
0.025694
0.025709
0.025722
0.025735
0.025748
0.025762
0.025775
0.025788
0.025801
0.026413
0.026641
0.026658
0.026673
0.026686
0.026699
0.026713
0.026726
0.026739
0.026752
0.026766
0.026453
0.026684
0.026701
0.026715
0.026728
0.026742
0.026755
0.026768
0.026781
0.026795
0.026808
0.025866
0.026093
0.026110
0.026125
0.026138
0.026152
0.026165
0.026178
0.026191
0.026204
0.026217
0.026970
0.027199
0.027217
0.027231
0.027244
0.027257
0.027271
0.027285
0.027298
0.027312
0.027325
0.027979
0.028204
0.028222
0.028236
0.028250
0.028263
0.028276
0.028290
0.028303
0.028316
0.028329
0.026644
0.026870
0.026887
0.026901
0.026914
0.026928
0.026941
0.026955
0.026968
0.026981
0.027011
0.062395
0.062636
0.062665
0.062691
0.062716
0.062742
0.062766
0.062791
0.062814
0.062837
0.062861
0.026386
0.026613
0.026631
0.026645
0.026659
0.026673
0.026686
0.026700
0.026713
0.026726
0.026739
0.026945
0.027170
0.027188
0.027203
0.027216
0.027230
0.027243
0.027256
0.027269
0.027282
0.027295
0.026237
0.026469
0.026488
0.026505
0.026521
0.026536
0.026551
0.026567
0.026582
0.026597
0.026612
0.026669
0.026894
0.026912
0.026926
0.026940
0.026953
0.026966
0.026979
0.026992
0.027005
0.027018
0.025942
0.026157
0.026184
0.026199
0.026213
0.026227
0.026240
0.026254
0.026267
0.026280
0.026293
0.025878
0.026106
0.026123
0.026143
0.026157
0.026170
0.026183
0.026196
0.026209
0.026222
0.026235
0.025617
0.025842
0.025859
0.025874
0.025887
0.025901
0.025914
0.025928
0.025941
0.025954
0.025967
0.025753
0.025976
0.025993
0.026007
0.026021
0.026035
0.026047
0.026061
0.026073
0.026086
0.026099
0.025086
0.025311
0.025328
0.025342
0.025356
0.025369
0.025382
0.025395
0.025408
0.025421
0.025434
0.051528
0.051751
0.051768
0.051782
0.051795
0.051809
0.051822
0.051836
0.051849
0.051862
0.051875
0.025506
0.025734
0.025751
0.025765
0.025780
0.025793
0.025807
0.025820
0.025833
0.025846
0.025859
0.025867
0.026093
0.026111
0.026125
0.026139
0.026152
0.026165
0.026178
0.026191
0.026204
0.026217
0.025721
0.025945
0.025963
0.025977
0.025990
0.026004
0.026017
0.026030
0.026043
0.026056
0.026074
0.025299
0.025525
0.025542
0.025556
0.025570
0.025583
0.025596
0.025610
0.025622
0.025636
0.025649
0.024602
0.024817
0.024843
0.024857
0.024870
0.024884
0.024897
0.024911
0.024924
0.024937
0.024950
0.024964
0.025185
0.025203
0.025217
0.025231
0.025244
0.025257
0.025270
0.025284
0.025297
0.025311
0.025883
0.026109
0.026127
0.026141
0.026154
0.026168
0.026181
0.026195
0.026208
0.026221
0.026234
0.024628
0.024852
0.024870
0.024884
0.024897
0.024910
0.024923
0.024937
0.024950
0.024963
0.024976
0.024792
0.025022
0.025040
0.025054
0.025068
0.025082
0.025095
0.025108
0.025121
0.025135
0.025148
0.049953
0.050174
0.050190
0.050205
0.050218
0.050231
0.050245
0.050258
0.050271
0.050284
0.050297
0.025338
0.025566
0.025584
0.025598
0.025613
0.025626
0.025639
0.025653
0.025666
0.025679
0.025692
0.025854
0.026078
0.026096
0.026110
0.026124
0.026138
0.026151
0.026165
0.026177
0.026191
0.026204
0.025690
0.025913
0.025930
0.025945
0.025959
0.025972
0.025985
0.025998
0.026011
0.026024
0.026037
0.025457
0.025679
0.025697
0.025711
0.025724
0.025737
0.025751
0.025764
0.025777
0.025789
0.025802
0.024976
0.025197
0.025215
0.025229
0.025246
0.025263
0.025280
0.025295
0.025311
0.025328
0.025344
0.024808
0.025023
0.025043
0.025069
0.025085
0.025101
0.025117
0.025133
0.025149
0.025164
0.025180
0.024983
0.025209
0.025229
0.025246
0.025263
0.025278
0.025294
0.025309
0.025325
0.025340
0.025356
0.025060
0.025291
0.025312
0.025329
0.025345
0.025361
0.025377
0.025392
0.025409
0.025424
0.025440
0.024888
0.025123
0.025143
0.025160
0.025177
0.025192
0.025209
0.025224
0.025240
0.025255
0.025271
0.050848
0.051077
0.051097
0.051114
0.051130
0.051146
0.051162
0.051178
0.051193
0.051208
0.051224
0.025649
0.025877
0.025894
0.025908
0.025922
0.025942
0.025956
0.025969
0.025982
0.025995
0.026008
0.027898
0.028128
0.028146
0.028160
0.028173
0.028187
0.028200
0.028214
0.028227
0.028240
0.028253
0.025334
0.025572
0.025591
0.025605
0.025619
0.025632
0.025646
0.025659
0.025672
0.025685
0.025699
0.025555
0.025787
0.025804
0.025818
0.025832
0.025846
0.025859
0.025872
0.025885
0.025898
0.025911
0.026235
0.026458
0.026476
0.026490
0.026507
0.026524
0.026541
0.026557
0.026573
0.026589
0.026604
0.025099
0.025326
0.025347
0.025365
0.025381
0.025397
0.025412
0.025428
0.025443
0.025459
0.025474
0.024535
0.024761
0.024781
0.024796
0.024813
0.024828
0.024844
0.024860
0.024876
0.024890
0.024906
0.024331
0.024558
0.024577
0.024594
0.024614
0.024632
0.024649
0.024666
0.024682
0.024698
0.024713
0.024476
0.024706
0.024724
0.024738
0.024751
0.024765
0.024779
0.024792
0.024805
0.024818
0.024832
0.050474
0.050699
0.050717
0.050731
0.050745
0.050758
0.050771
0.050784
0.050797
0.050810
0.050822
0.025335
0.025551
0.025577
0.025592
0.025606
0.025619
0.025633
0.025646
0.025659
0.025672
0.025685
0.025900
0.026123
0.026140
0.026155
0.026168
0.026181
0.026194
0.026207
0.026220
0.026233
0.026246
0.028842
0.029069
0.029087
0.029101
0.029115
0.029129
0.029142
0.029155
0.029168
0.029181
0.029194
0.024879
0.025104
0.025121
0.025136
0.025149
0.025162
0.025175
0.025188
0.025201
0.025214
0.025227
0.024167
0.024397
0.024415
0.024430
0.024444
0.024457
0.024470
0.024483
0.024497
0.024510
0.024523
0.025510
0.025740
0.025757
0.025772
0.025785
0.025799
0.025812
0.025825
0.025837
0.025850
0.025863
0.024728
0.024958
0.024976
0.024990
0.025004
0.025017
0.025030
0.025044
0.025057
0.025071
0.025084
0.025250
0.025477
0.025495
0.025509
0.025522
0.025536
0.025549
0.025562
0.025575
0.025588
0.025601
0.025630
0.025844
0.025871
0.025885
0.025899
0.025912
0.025926
0.025939
0.025952
0.025965
0.025978
0.052710
0.052935
0.052952
0.052966
0.052980
0.052993
0.053006
0.053019
0.053032
0.053046
0.053059
0.024884
0.025108
0.025126
0.025141
0.025154
0.025168
0.025181
0.025194
0.025207
0.025220
0.025234
0.024866
0.025082
0.025108
0.025123
0.025136
0.025149
0.025165
0.025177
0.025191
0.025204
0.025217
0.025429
0.025653
0.025670
0.025685
0.025698
0.025712
0.025726
0.025739
0.025752
0.025765
0.025778
0.025927
0.026154
0.026174
0.026192
0.026208
0.026224
0.026239
0.026254
0.026269
0.026284
0.026300
0.025593
0.025822
0.025842
0.025859
0.025876
0.025893
0.025909
0.025925
0.025941
0.025956
0.025972
0.025295
0.025525
0.025545
0.025563
0.025580
0.025595
0.025612
0.025627
0.025643
0.025658
0.025674
0.024806
0.025023
0.025053
0.025069
0.025085
0.025101
0.025117
0.025132
0.025147
0.025163
0.025178
0.025197
0.025423
0.025443
0.025460
0.025476
0.025493
0.025509
0.025524
0.025539
0.025555
0.025571
0.025007
0.025237
0.025257
0.025274
0.025291
0.025306
0.025322
0.025338
0.025354
0.025369
0.025384
0.051336
0.051554
0.051584
0.051602
0.051619
0.051636
0.051651
0.051668
0.051685
0.051701
0.051716
0.024908
0.025141
0.025160
0.025177
0.025193
0.025210
0.025225
0.025241
0.025256
0.025272
0.025287
0.024858
0.025086
0.025107
0.025124
0.025140
0.025155
0.025171
0.025187
0.025202
0.025218
0.025233
0.025085
0.025314
0.025334
0.025351
0.025367
0.025383
0.025398
0.025414
0.025431
0.025447
0.025463
0.025983
0.026213
0.026233
0.026251
0.026268
0.026284
0.026300
0.026315
0.026331
0.026346
0.026362
0.025528
0.025754
0.025774
0.025792
0.025808
0.025824
0.025839
0.025855
0.025870
0.025886
0.025901
0.024663
0.024912
0.024933
0.024951
0.024967
0.024984
0.025002
0.025018
0.025035
0.025050
0.025066
0.024514
0.024740
0.024758
0.024772
0.024786
0.024800
0.024813
0.024826
0.024839
0.024852
0.024865
0.024777
0.025000
0.025017
0.025031
0.025045
0.025059
0.025072
0.025085
0.025098
0.025111
0.025124
0.024591
0.024821
0.024838
0.024853
0.024867
0.024880
0.024894
0.024907
0.024921
0.024934
0.024947
0.057112
0.057340
0.057357
0.057372
0.057386
0.057399
0.057412
0.057425
0.057438
0.057451
0.057464
0.025029
0.025262
0.025280
0.025294
0.025308
0.025321
0.025335
0.025348
0.025361
0.025374
0.025388
0.024631
0.024849
0.024876
0.024890
0.024903
0.024917
0.024930
0.024943
0.024956
0.024969
0.024982
0.025064
0.025292
0.025310
0.025325
0.025338
0.025352
0.025365
0.025378
0.025391
0.025404
0.025417
0.025727
0.025951
0.025969
0.025983
0.025997
0.026011
0.026024
0.026037
0.026051
0.026064
0.026077
0.025368
0.025595
0.025612
0.025627
0.025641
0.025654
0.025672
0.025686
0.025698
0.025711
0.025725
0.025401
0.025626
0.025643
0.025657
0.025671
0.025684
0.025698
0.025711
0.025724
0.025737
0.025750
0.026247
0.026459
0.026486
0.026501
0.026515
0.026528
0.026541
0.026554
0.026567
0.026580
0.026594
0.025883
0.026103
0.026130
0.026144
0.026158
0.026171
0.026184
0.026197
0.026210
0.026223
0.026237
0.025197
0.025423
0.025441
0.025455
0.025469
0.025482
0.025495
0.025508
0.025522
0.025535
0.025548
0.051504
0.051731
0.051749
0.051763
0.051776
0.051790
0.051803
0.051816
0.051828
0.051841
0.051854
0.025500
0.025728
0.025746
0.025760
0.025773
0.025786
0.025800
0.025814
0.025827
0.025841
0.025854
0.026037
0.026264
0.026281
0.026296
0.026309
0.026322
0.026335
0.026349
0.026361
0.026375
0.026387
0.026201
0.026425
0.026442
0.026456
0.026470
0.026484
0.026497
0.026511
0.026524
0.026537
0.026551
0.025177
0.025403
0.025420
0.025434
0.025447
0.025461
0.025474
0.025487
0.025500
0.025513
0.025526
0.024832
0.025043
0.025069
0.025083
0.025097
0.025110
0.025124
0.025137
0.025150
0.025163
0.025176
0.024845
0.025072
0.025090
0.025105
0.025118
0.025131
0.025144
0.025157
0.025171
0.025183
0.025197
0.024783
0.025009
0.025027
0.025041
0.025055
0.025069
0.025083
0.025096
0.025109
0.025122
0.025135
0.024560
0.024786
0.024803
0.024817
0.024831
0.024844
0.024857
0.024870
0.024883
0.024896
0.024909
0.024951
0.025185
0.025220
0.025246
0.025266
0.025281
0.025295
0.025309
0.025322
0.025336
0.025349
0.051095
0.051320
0.051338
0.051352
0.051365
0.051378
0.051391
0.051404
0.051417
0.051430
0.051442
0.025593
0.025831
0.025865
0.025889
0.025915
0.025939
0.025964
0.025987
0.026012
0.026036
0.026060
0.026209
0.026432
0.026449
0.026464
0.026478
0.026491
0.026504
0.026517
0.026530
0.026543
0.026556
0.026122
0.026348
0.026366
0.026380
0.026394
0.026408
0.026421
0.026434
0.026448
0.026460
0.026474
0.025394
0.025620
0.025637
0.025652
0.025666
0.025679
0.025692
0.025705
0.025718
0.025731
0.025744
0.025362
0.025605
0.025623
0.025637
0.025651
0.025665
0.025678
0.025691
0.025704
0.025726
0.025739
0.025606
0.025830
0.025847
0.025862
0.025876
0.025889
0.025903
0.025916
0.025929
0.025942
0.025955
0.024600
0.024827
0.024845
0.024859
0.024873
0.024886
0.024900
0.024914
0.024927
0.024940
0.024953
0.024795
0.025019
0.025037
0.025051
0.025065
0.025078
0.025091
0.025104
0.025117
0.025130
0.025144
0.025080
0.025306
0.025324
0.025338
0.025351
0.025365
0.025378
0.025391
0.025404
0.025417
0.025429
0.051047
0.051273
0.051291
0.051305
0.051321
0.051339
0.051355
0.051370
0.051386
0.051402
0.051418
0.025313
0.025545
0.025566
0.025583
0.025599
0.025615
0.025631
0.025646
0.025662
0.025677
0.025693
0.025309
0.025529
0.025559
0.025577
0.025593
0.025609
0.025625
0.025640
0.025657
0.025674
0.025690
0.025870
0.026099
0.026119
0.026136
0.026151
0.026167
0.026181
0.026197
0.026212
0.026227
0.026242
0.025415
0.025642
0.025662
0.025678
0.025694
0.025709
0.025724
0.025740
0.025755
0.025770
0.025785
0.025091
0.025318
0.025342
0.025361
0.025375
0.025388
0.025401
0.025415
0.025428
0.025452
0.025477
0.025031
0.025257
0.025275
0.025290
0.025303
0.025317
0.025331
0.025344
0.025357
0.025370
0.025383
0.025073
0.025293
0.025326
0.025350
0.025375
0.025400
0.025424
0.025449
0.025473
0.025497
0.025522
0.024813
0.025045
0.025073
0.025100
0.025124
0.025149
0.025173
0.025198
0.025221
0.025244
0.025267
0.024685
0.024899
0.024926
0.024940
0.024955
0.024967
0.024981
0.024994
0.025007
0.025020
0.025033
0.050524
0.050747
0.050765
0.050780
0.050793
0.050807
0.050820
0.050833
0.050846
0.050859
0.050872
0.025024
0.025249
0.025267
0.025287
0.025301
0.025315
0.025328
0.025341
0.025354
0.025367
0.025380
0.026096
0.026309
0.026335
0.026350
0.026364
0.026377
0.026391
0.026404
0.026417
0.026430
0.026443
0.024718
0.024945
0.024963
0.024977
0.024991
0.025004
0.025017
0.025030
0.025043
0.025056
0.025069
0.024855
0.025081
0.025099
0.025113
0.025127
0.025140
0.025154
0.025167
0.025179
0.025192
0.025205
0.024996
0.025212
0.025229
0.025242
0.025255
0.025278
0.025292
0.025306
0.025319
0.025332
0.025346
0.024663
0.024898
0.024919
0.024936
0.024952
0.024968
0.024985
0.025002
0.025017
0.025032
0.025048
0.024644
0.024862
0.024891
0.024908
0.024924
0.024940
0.024955
0.024971
0.024986
0.025001
0.025017
0.026193
0.026425
0.026445
0.026463
0.026478
0.026494
0.026509
0.026525
0.026540
0.026555
0.026570
0.025647
0.025883
0.025904
0.025922
0.025939
0.025953
0.025967
0.025982
0.025998
0.026012
0.026027
0.051722
