1.795135
0.034255
0.034540
0.034559
0.034575
0.034590
0.034605
0.034625
0.034656
0.034680
0.034703
0.034726
0.026607
0.026861
0.026889
0.026904
0.026918
0.026932
0.026947
0.026960
0.026974
0.026988
0.027002
0.027014
0.027309
0.027344
0.027366
0.027382
0.027396
0.027415
0.027435
0.027457
0.027473
0.027487
0.024134
0.024368
0.024385
0.024400
0.024414
0.024427
0.024441
0.024455
0.024467
0.024481
0.024494
0.024126
0.024357
0.024375
0.024395
0.024409
0.024422
0.024435
0.024448
0.024462
0.024475
0.024488
0.024584
0.024809
0.024826
0.024842
0.024855
0.024868
0.024881
0.024894
0.024908
0.024922
0.024935
0.024445
0.024674
0.024692
0.024706
0.024720
0.024733
0.024749
0.024762
0.024775
0.024788
0.024801
0.023842
0.024067
0.024084
0.024099
0.024112
0.024126
0.024140
0.024153
0.024167
0.024180
0.024193
0.023914
0.024141
0.024159
0.024173
0.024187
0.024200
0.024213
0.024226
0.024240
0.024252
0.024266
0.048216
0.048439
0.048455
0.048470
0.048483
0.048497
0.048510
0.048526
0.048539
0.048552
0.048565
0.024581
0.024808
0.024824
0.024838
0.024852
0.024865
0.024879
0.024891
0.024904
0.024917
0.024930
0.025793
0.026021
0.026038
0.026053
0.026067
0.026083
0.026096
0.026109
0.026122
0.026135
0.026148
0.025527
0.025755
0.025773
0.025787
0.025801
0.025814
0.025827
0.025841
0.025854
0.025867
0.025880
0.025615
0.025847
0.025864
0.025877
0.025891
0.025907
0.025920
0.025934
0.025947
0.025960
0.025973
0.025334
0.025563
0.025579
0.025594
0.025607
0.025620
0.025634
0.025647
0.025661
0.025674
0.025687
0.028719
0.028951
0.028968
0.028982
0.028996
0.029009
0.029022
0.029036
0.029051
0.029064
0.029077
0.024894
0.025118
0.025136
0.025150
0.025163
0.025177
0.025190
0.025203
0.025217
0.025230
0.025244
0.025915
0.026143
0.026160
0.026174
0.026188
0.026201
0.026215
0.026227
0.026240
0.026253
0.026266
0.024962
0.025192
0.025210
0.025229
0.025243
0.025256
0.025270
0.025283
0.025296
0.025309
0.025322
0.049440
0.049656
0.049673
0.049696
0.049710
0.049722
0.049736
0.049749
0.049762
0.049774
0.049788
0.025380
0.025598
0.025625
0.025640
0.025653
0.025666
0.025680
0.025692
0.025706
0.025719
0.025732
0.025740
0.025967
0.025986
0.026000
0.026014
0.026027
0.026040
0.026053
0.026067
0.026079
0.026093
0.025350
0.025580
0.025599
0.025613
0.025626
0.025639
0.025652
0.025666
0.025679
0.025692
0.025705
0.025166
0.025397
0.025414
0.025429
0.025443
0.025456
0.025470
0.025484
0.025496
0.025510
0.025523
0.025058
0.025288
0.025306
0.025320
0.025334
0.025350
0.025363
0.025376
0.025389
0.025402
0.025415
0.024585
0.024816
0.024833
0.024847
0.024860
0.024873
0.024886
0.024899
0.024913
0.024926
0.024938
0.024770
0.024999
0.025016
0.025030
0.025044
0.025057
0.025070
0.025083
0.025096
0.025110
0.025122
0.025753
0.025982
0.026000
0.026014
0.026028
0.026042
0.026055
0.026068
0.026086
0.026099
0.026111
0.025516
0.025747
0.025765
0.025779
0.025794
0.025807
0.025821
0.025834
0.025847
0.025860
0.025873
0.052020
0.052247
0.052264
0.052279
0.052293
0.052306
0.052319
0.052332
0.052345
0.052357
0.052370
0.025635
0.025869
0.025887
0.025902
0.025915
0.025928
0.025942
0.025955
0.025968
0.025981
0.025995
0.026192
0.026419
0.026437
0.026451
0.026465
0.026478
0.026491
0.026504
0.026517
0.026530
0.026543
0.027499
0.027728
0.027748
0.027763
0.027776
0.027789
0.027802
0.027815
0.027828
0.027842
0.027855
0.026216
0.026436
0.026453
0.026467
0.026480
0.026494
0.026507
0.026520
0.026533
0.026546
0.026559
0.027710
0.027939
0.027956
0.027971
0.027985
0.027998
0.028011
0.028025
0.028038
0.028051
0.028065
0.026912
0.027140
0.027156
0.027170
0.027184
0.027197
0.027210
0.027224
0.027236
0.027250
0.027263
0.028028
0.028260
0.028278
0.028292
0.028306
0.028319
0.028332
0.028347
0.028360
0.028376
0.028389
0.026147
0.026379
0.026396
0.026410
0.026423
0.026436
0.026449
0.026462
0.026475
0.026488
0.026501
0.026626
0.026859
0.026876
0.026891
0.026905
0.026919
0.026932
0.026946
0.026959
0.026972
0.026985
0.053768
0.053983
0.054009
0.054025
0.054039
0.054052
0.054065
0.054078
0.054092
0.054105
0.054118
0.027690
0.027907
0.027933
0.027947
0.027961
0.027975
0.027988
0.028001
0.028014
0.028027
0.028040
0.026865
0.027082
0.027108
0.027123
0.027137
0.027150
0.027163
0.027176
0.027189
0.027203
0.027215
0.026109
0.026341
0.026358
0.026372
0.026386
0.026400
0.026413
0.026427
0.026440
0.026453
0.026466
0.026460
0.026690
0.026707
0.026722
0.026736
0.026749
0.026762
0.026775
0.026788
0.026802
0.026815
0.025788
0.026016
0.026034
0.026048
0.026062
0.026076
0.026089
0.026102
0.026115
0.026129
0.026142
0.025924
0.026146
0.026172
0.026187
0.026200
0.026214
0.026227
0.026240
0.026253
0.026266
0.026278
0.025672
0.025908
0.025928
0.025943
0.025956
0.025970
0.025983
0.025997
0.026010
0.026023
0.026036
0.026306
0.026540
0.026565
0.026588
0.026614
0.026636
0.026662
0.026686
0.026710
0.026737
0.026761
0.027153
0.027396
0.027428
0.027464
0.027490
0.027514
0.027539
0.027562
0.027587
0.027611
0.027634
0.053769
0.054009
0.054042
0.054068
0.054094
0.054119
0.054143
0.054167
0.054191
0.054215
0.054240
0.027103
0.027333
0.027362
0.027386
0.027412
0.027436
0.027460
0.027484
0.027507
0.027531
0.027555
0.027062
0.027290
0.027315
0.027341
0.027367
0.027390
0.027415
0.027438
0.027462
0.027486
0.027510
0.026338
0.026567
0.026594
0.026629
0.026656
0.026681
0.026705
0.026730
0.026754
0.026778
0.026802
0.026478
0.026707
0.026724
0.026739
0.026752
0.026766
0.026779
0.026792
0.026805
0.026819
0.026832
0.025898
0.026131
0.026149
0.026164
0.026179
0.026193
0.026206
0.026219
0.026232
0.026245
0.026258
0.027913
0.028139
0.028155
0.028170
0.028184
0.028197
0.028210
0.028224
0.028237
0.028250
0.028263
0.027255
0.027481
0.027498
0.027512
0.027526
0.027539
0.027553
0.027566
0.027579
0.027592
0.027605
0.026854
0.027071
0.027097
0.027111
0.027125
0.027138
0.027151
0.027164
0.027177
0.027190
0.027203
0.026616
0.026836
0.026862
0.026877
0.026890
0.026903
0.026917
0.026930
0.026943
0.026956
0.026969
0.052746
0.052967
0.052984
0.052999
0.053012
0.053026
0.053040
0.053053
0.053066
0.053079
0.053092
0.027486
0.027711
0.027728
0.027743
0.027756
0.027770
0.027783
0.027797
0.027809
0.027822
0.027836
0.026686
0.026918
0.026935
0.026950
0.026964
0.026977
0.026990
0.027004
0.027020
0.027033
0.027046
0.026350
0.026577
0.026594
0.026608
0.026622
0.026635
0.026648
0.026661
0.026674
0.026687
0.026700
0.026609
0.026837
0.026855
0.026870
0.026883
0.026896
0.026910
0.026923
0.026936
0.026949
0.026962
0.026059
0.026285
0.026302
0.026317
0.026331
0.026344
0.026357
0.026370
0.026383
0.026396
0.026409
0.026629
0.026857
0.026875
0.026890
0.026903
0.026917
0.026930
0.026943
0.026956
0.026969
0.026982
0.025585
0.025820
0.025838
0.025852
0.025866
0.025879
0.025893
0.025906
0.025919
0.025932
0.025944
0.026017
0.026249
0.026267
0.026281
0.026294
0.026308
0.026321
0.026334
0.026348
0.026360
0.026378
0.026618
0.026846
0.026865
0.026879
0.026893
0.026906
0.026919
0.026932
0.026944
0.026958
0.026971
0.052034
0.052263
0.052283
0.052300
0.052316
0.052332
0.052349
0.052363
0.052376
0.052390
0.052403
0.026583
0.026815
0.026833
0.026848
0.026864
0.026882
0.026897
0.026913
0.026929
0.026945
0.026962
0.026699
0.026927
0.026948
0.026966
0.026982
0.026998
0.027014
0.027030
0.027045
0.027061
0.027076
0.025440
0.025674
0.025694
0.025712
0.025728
0.025744
0.025760
0.025776
0.025793
0.025809
0.025825
0.024855
0.025090
0.025110
0.025126
0.025142
0.025157
0.025174
0.025189
0.025205
0.025220
0.025236
0.025665
0.025897
0.025918
0.025934
0.025950
0.025966
0.025982
0.025997
0.026014
0.026029
0.026045
0.025185
0.025419
0.025439
0.025455
0.025473
0.025489
0.025505
0.025521
0.025536
0.025551
0.025567
0.026046
0.026275
0.026295
0.026312
0.026329
0.026346
0.026361
0.026378
0.026395
0.026412
0.026428
0.025013
0.025246
0.025272
0.025289
0.025306
0.025322
0.025337
0.025353
0.025369
0.025384
0.025399
0.024379
0.024613
0.024633
0.024650
0.024667
0.024684
0.024699
0.024715
0.024730
0.024745
0.024760
0.052377
0.052599
0.052627
0.052644
0.052660
0.052679
0.052695
0.052710
0.052726
0.052741
0.052756
0.025094
0.025325
0.025346
0.025363
0.025380
0.025395
0.025409
0.025424
0.025437
0.025450
0.025466
0.025176
0.025403
0.025420
0.025434
0.025448
0.025461
0.025474
0.025487
0.025500
0.025513
0.025526
0.025719
0.025936
0.025962
0.025977
0.025991
0.026005
0.026018
0.026031
0.026047
0.026064
0.026080
0.025652
0.025879
0.025900
0.025918
0.025935
0.025951
0.025967
0.025982
0.025998
0.026014
0.026029
0.024811
0.025038
0.025059
0.025076
0.025093
0.025109
0.025125
0.025140
0.025156
0.025172
0.025187
0.025130
0.025350
0.025376
0.025390
0.025404
0.025417
0.025431
0.025444
0.025457
0.025470
0.025483
0.025220
0.025447
0.025466
0.025481
0.025494
0.025507
0.025521
0.025534
0.025548
0.025560
0.025573
0.025264
0.025487
0.025513
0.025527
0.025541
0.025554
0.025567
0.025581
0.025594
0.025607
0.025620
0.025976
0.026201
0.026218
0.026233
0.026247
0.026260
0.026273
0.026287
0.026300
0.026313
0.026326
0.050690
0.050914
0.050931
0.050945
0.050959
0.050972
0.050985
0.050998
0.051012
0.051025
0.051038
0.025685
0.025902
0.025928
0.025943
0.025956
0.025970
0.025983
0.025996
0.026009
0.026022
0.026035
0.026324
0.026551
0.026568
0.026582
0.026595
0.026608
0.026621
0.026634
0.026647
0.026659
0.026672
0.025571
0.025806
0.025824
0.025838
0.025852
0.025865
0.025878
0.025892
0.025905
0.025918
0.025930
0.025491
0.025705
0.025731
0.025745
0.025759
0.025772
0.025785
0.025798
0.025810
0.025823
0.025836
0.025110
0.025329
0.025356
0.025370
0.025383
0.025397
0.025410
0.025423
0.025436
0.025449
0.025462
0.025190
0.025408
0.025434
0.025448
0.025462
0.025475
0.025488
0.025501
0.025515
0.025528
0.025542
0.025899
0.026129
0.026147
0.026161
0.026176
0.026189
0.026203
0.026216
0.026229
0.026242
0.026256
0.026243
0.026469
0.026486
0.026500
0.026513
0.026526
0.026539
0.026552
0.026565
0.026578
0.026591
0.025440
0.025667
0.025685
0.025699
0.025713
0.025727
0.025740
0.025756
0.025774
0.025790
0.025805
0.051852
0.052097
0.052119
0.052137
0.052154
0.052170
0.052185
0.052202
0.052219
0.052235
0.052248
0.025980
0.026209
0.026230
0.026247
0.026263
0.026278
0.026294
0.026310
0.026325
0.026340
0.026356
0.026299
0.026531
0.026551
0.026569
0.026587
0.026603
0.026620
0.026636
0.026652
0.026670
0.026687
0.025964
0.026186
0.026215
0.026232
0.026248
0.026264
0.026279
0.026296
0.026311
0.026327
0.026342
0.025447
0.025677
0.025697
0.025714
0.025731
0.025747
0.025764
0.025779
0.025795
0.025810
0.025826
0.025417
0.025651
0.025671
0.025688
0.025706
0.025723
0.025739
0.025756
0.025772
0.025788
0.025803
0.026030
0.026258
0.026275
0.026290
0.026304
0.026318
0.026331
0.026344
0.026357
0.026370
0.026383
0.025259
0.025579
0.025613
0.025642
0.025671
0.025709
0.025738
0.025766
0.025792
0.025819
0.025846
0.025959
0.026188
0.026205
0.026220
0.026234
0.026248
0.026260
0.026274
0.026287
0.026300
0.026313
0.026654
0.026879
0.026896
0.026911
0.026924
0.026938
0.026951
0.026965
0.026978
0.026991
0.027004
0.052121
0.052385
0.052409
0.052438
0.052452
0.052471
0.052492
0.052514
0.052529
0.052542
0.052555
0.025728
0.025993
0.026026
0.026053
0.026074
0.026094
0.026109
0.026123
0.026136
0.026149
0.026162
0.026201
0.026430
0.026447
0.026462
0.026475
0.026489
0.026502
0.026515
0.026528
0.026541
0.026554
0.025511
0.025737
0.025754
0.025768
0.025781
0.025794
0.025808
0.025821
0.025834
0.025847
0.025860
0.025897
0.026115
0.026142
0.026156
0.026170
0.026183
0.026196
0.026209
0.026222
0.026236
0.026248
0.024683
0.024909
0.024927
0.024941
0.024955
0.024968
0.024982
0.024995
0.025008
0.025021
0.025035
0.025262
0.025485
0.025506
0.025520
0.025534
0.025548
0.025560
0.025574
0.025587
0.025600
0.025613
0.025729
0.025956
0.025973
0.025988
0.026001
0.026014
0.026027
0.026041
0.026054
0.026067
0.026081
0.025180
0.025409
0.025426
0.025441
0.025454
0.025468
0.025481
0.025494
0.025507
0.025520
0.025532
0.024987
0.025204
0.025230
0.025244
0.025258
0.025271
0.025284
0.025297
0.025311
0.025325
0.025338
0.051070
0.051293
0.051310
0.051324
0.051338
0.051351
0.051364
0.051377
0.051390
0.051403
0.051415
0.026029
0.026254
0.026271
0.026285
0.026299
0.026312
0.026326
0.026340
0.026354
0.026368
0.026381
0.025700
0.025927
0.025944
0.025958
0.025971
0.025985
0.025998
0.026011
0.026024
0.026037
0.026050
0.025257
0.025505
0.025542
0.025569
0.025593
0.025618
0.025644
0.025668
0.025692
0.025717
0.025741
0.025454
0.025692
0.025720
0.025752
0.025777
0.025803
0.025827
0.025851
0.025875
0.025898
0.025923
0.025528
0.025742
0.025759
0.025772
0.025795
0.025809
0.025823
0.025836
0.025850
0.025863
0.025876
0.024863
0.025099
0.025128
0.025156
0.025181
0.025207
0.025231
0.025254
0.025278
0.025301
0.025325
0.025116
0.025342
0.025366
0.025400
0.025425
0.025451
0.025475
0.025499
0.025524
0.025547
0.025572
0.025023
0.025257
0.025287
0.025312
0.025337
0.025361
0.025385
0.025409
0.025432
0.025456
0.025480
0.025586
0.025805
0.025838
0.025865
0.025889
0.025914
0.025939
0.025962
0.025986
0.026011
0.026034
0.052104
0.052342
0.052375
0.052399
0.052425
0.052449
0.052474
0.052498
0.052522
0.052545
0.052569
0.025516
0.025758
0.025795
0.025822
0.025849
0.025873
0.025897
0.025921
0.025945
0.025969
0.025993
0.026784
0.027024
0.027056
0.027080
0.027106
0.027131
0.027155
0.027178
0.027201
0.027225
0.027249
0.026465
0.026707
0.026737
0.026765
0.026790
0.026817
0.026840
0.026865
0.026888
0.026913
0.026936
0.033205
0.033447
0.033476
0.033504
0.033528
0.033553
0.033577
0.033601
0.033625
0.033649
0.033673
0.027679
0.027909
0.027953
0.027977
0.028002
0.028026
0.028050
0.028074
0.028098
0.028121
0.028145
0.026668
0.026899
0.026926
0.026952
0.026977
0.027001
0.027025
0.027049
0.027073
0.027097
0.027121
0.027994
0.028215
0.028253
0.028277
0.028302
0.028326
0.028350
0.028374
0.028398
0.028421
0.028445
0.026727
0.026980
0.027009
0.027036
0.027061
0.027086
