414	343	100	106
426	342	98	103
430	345	98	103
434	348	99	105
438	352	100	106
442	355	101	107
446	358	102	108
451	362	103	109
455	365	104	110
459	369	105	111
463	372	106	112
468	375	107	113
421	327	94	99
420	325	93	98
420	324	93	98
419	322	92	97
419	321	92	97
418	320	92	97
418	318	91	96
417	317	91	96
417	316	91	96
417	314	90	95
416	313	90	95
504	355	96	101
504	354	95	100
509	355	95	100
514	356	95	100
519	357	95	100
523	359	95	100
528	360	95	100
533	361	95	100
538	362	95	100
543	363	95	100
547	365	95	100
461	393	94	99
465	394	93	98
465	396	93	98
465	399	93	98
464	402	93	98
464	405	93	98
464	407	93	98
463	410	93	98
463	413	93	98
463	415	93	98
462	418	93	98
453	345	90	96
452	347	89	95
451	346	89	95
450	344	89	95
450	343	89	95
449	341	88	95
448	340	88	94
447	338	88	94
446	336	88	94
445	335	87	94
445	333	87	94
406	320	90	96
405	318	89	95
402	316	89	95
399	314	89	95
396	311	89	95
393	309	89	95
390	307	89	95
387	305	89	95
384	302	88	95
381	300	88	95
378	298	88	94
280	365	94	99
277	362	93	98
268	364	94	99
260	365	94	99
252	367	94	99
244	369	94	99
235	370	94	99
227	372	95	99
219	373	95	99
210	375	95	100
202	377	95	100
331	299	94	99
322	300	94	99
321	297	94	99
321	294	94	99
320	292	94	99
319	289	94	99
319	286	94	99
318	283	94	99
317	280	94	99
317	278	94	99
316	275	94	99
363	283	90	96
362	280	90	96
364	277	89	95
366	275	89	95
368	273	89	95
370	271	89	95
371	268	89	95
373	266	88	95
375	264	88	95
377	262	88	94
379	260	88	94
427	264	87	92
428	261	86	91
433	259	86	91
437	257	86	91
442	256	86	90
446	254	85	90
451	252	85	90
455	250	85	90
460	248	85	89
464	246	84	89
468	244	84	89
425	183	83	88
429	181	82	87
431	175	82	87
433	170	82	87
434	165	81	86
436	160	81	86
438	155	81	85
440	149	80	85
441	144	80	85
443	139	80	84
445	134	79	84
495	206	82	86
496	200	81	85
501	199	81	85
505	198	81	85
510	197	81	84
514	196	80	84
518	196	80	84
523	195	80	84
527	194	80	83
532	193	80	83
536	192	79	83
417	169	83	88
421	168	82	87
419	165	82	87
416	163	82	87
414	161	82	87
411	159	82	87
409	157	82	87
406	154	82	87
404	152	82	87
401	150	82	87
399	148	82	87
411	203	82	86
408	200	81	86
406	201	81	85
405	202	81	85
403	203	81	85
401	204	81	85
400	205	81	85
398	206	81	85
396	207	81	85
395	208	81	85
393	209	81	85
363	255	85	90
361	255	84	89
358	259	85	90
354	262	85	90
351	266	85	90
348	269	85	90
344	273	85	90
341	276	85	90
338	280	85	91
335	283	86	91
331	286	86	91
363	342	85	90
359	345	85	90
358	351	85	90
356	358	85	90
355	364	85	90
354	370	85	90
352	376	85	90
351	383	85	90
350	389	85	90
348	395	85	90
347	402	85	90
269	343	88	94
267	349	88	94
262	352	88	94
256	354	88	94
250	357	88	94
245	360	88	95
239	362	89	95
233	365	89	95
228	368	89	95
222	370	89	96
216	373	89	96
323	305	92	97
317	307	92	97
317	306	92	97
318	305	92	97
318	303	93	98
319	302	93	98
320	301	93	98
320	300	94	98
321	298	94	99
321	297	94	99
322	296	94	99
207	326	96	101
207	324	96	101
201	325	96	101
195	325	96	101
190	326	97	102
184	326	97	102
178	326	98	102
172	327	98	103
166	327	98	103
160	328	99	103
154	328	99	104
166	255	99	105
160	255	99	105
155	251	99	105
150	248	99	106
145	244	100	106
140	240	100	106
135	237	100	107
130	233	101	107
125	229	101	107
120	226	101	108
115	222	102	108
195	280	96	101
190	276	96	101
189	276	96	101
189	275	96	101
189	275	96	101
189	275	96	101
188	274	96	100
188	274	96	100
188	274	95	100
187	274	95	100
187	273	95	100
312	315	99	105
311	314	98	104
318	316	99	105
324	318	99	105
331	320	99	105
338	322	99	105
344	324	99	105
351	326	99	105
358	328	99	106
364	330	99	106
371	332	100	106
435	434	104	110
441	435	104	110
451	443	104	110
461	451	104	110
471	458	105	111
480	466	105	111
490	473	105	111
500	481	106	112
510	488	106	112
520	496	106	113
529	503	107	113
443	453	99	105
452	460	99	105
457	464	99	105
461	469	99	105
466	473	98	104
470	477	98	104
475	482	98	104
479	486	98	104
483	490	98	104
488	494	98	104
492	499	98	104
526	451	104	110
530	455	103	109
536	456	104	110
542	458	104	110
548	459	104	110
554	460	104	110
560	462	104	110
566	463	105	111
572	464	105	111
578	466	105	111
584	467	105	111
570	507	101	108
576	508	101	108
580	511	101	108
585	515	101	108
590	518	100	108
595	522	100	108
600	525	100	108
605	529	100	108
610	532	100	108
615	536	100	108
619	539	100	108
548	560	98	103
552	563	97	102
553	567	97	102
554	572	97	102
554	576	97	102
555	581	97	101
556	585	96	101
556	589	96	101
557	594	96	100
557	598	96	100
558	603	96	100
522	560	94	99
522	564	93	98
521	566	93	98
519	567	93	97
518	569	92	97
516	571	92	97
515	573	92	96
513	575	91	96
512	576	91	96
511	578	91	95
509	580	90	95
569	579	96	101
567	580	95	100
569	582	95	100
571	583	95	100
573	585	95	100
575	587	95	100
577	588	95	100
579	590	95	100
581	591	95	100
582	593	95	100
584	595	95	100
622	629	94	99
623	630	93	98
627	633	93	98
631	637	93	98
635	640	93	98
639	644	93	98
643	647	93	98
647	650	93	98
651	654	93	98
654	657	93	98
658	661	93	98
626	611	92	97
629	614	91	96
631	614	91	96
633	615	91	96
635	615	91	96
637	616	91	96
639	616	91	96
640	616	90	95
642	617	90	95
644	617	90	95
646	618	90	95
608	621	88	94
609	621	87	93
609	621	87	93
609	622	87	93
608	623	86	93
608	623	86	92
607	624	86	92
607	624	86	92
607	625	85	92
606	625	85	92
606	626	85	91
588	573	90	96
587	573	89	95
586	571	89	95
584	568	89	95
583	566	89	95
582	563	89	95
580	561	89	95
579	558	89	95
577	556	89	95
576	554	89	95
575	551	89	95
599	581	87	92
597	578	86	92
597	577	86	91
597	577	86	91
597	576	86	91
597	575	86	91
597	575	86	91
597	574	86	90
597	573	85	90
597	573	85	90
597	572	85	90
566	616	87	92
566	615	86	91
564	617	86	91
562	618	86	91
560	620	86	91
559	622	86	91
557	624	86	91
555	625	86	91
553	627	86	91
552	629	86	91
550	631	86	90
633	646	83	88
631	647	82	87
634	650	82	87
637	652	82	87
640	655	82	87
642	657	81	86
645	660	81	86
648	662	81	86
651	665	81	86
654	667	80	85
657	670	80	85
651	702	87	92
653	704	86	91
656	708	86	91
658	712	86	91
661	716	87	92
663	720	87	92
665	725	87	92
668	729	87	92
670	733	87	92
673	737	87	92
675	741	87	92
648	702	85	90
650	706	85	90
651	707	85	90
651	709	85	90
652	711	84	89
653	712	84	89
654	714	84	89
654	716	84	89
655	718	84	89
656	719	84	89
657	721	84	89
662	702	83	88
662	703	82	87
663	704	82	87
664	704	82	87
665	705	82	87
666	705	82	87
667	706	82	87
668	706	82	87
669	707	81	86
670	707	81	86
671	708	81	86
642	703	80	85
642	703	79	84
642	703	79	84
641	703	79	84
640	704	79	84
640	704	78	83
639	704	78	83
638	704	78	83
637	704	78	83
637	705	78	83
636	705	77	82
592	702	83	88
591	702	82	87
588	702	82	87
585	702	82	87
581	702	82	87
578	702	83	88
575	702	83	88
572	702	83	88
569	702	83	88
566	702	83	88
562	702	83	88
521	651	87	92
517	651	87	92
512	648	87	92
507	645	87	92
501	642	87	92
496	639	88	93
491	636	88	93
486	633	88	93
480	631	88	93
475	628	89	94
470	625	89	94
464	632	83	88
458	629	83	88
453	626	83	88
447	624	83	88
442	622	82	87
437	619	82	87
431	617	82	87
426	615	82	87
421	612	82	87
415	610	82	87
410	608	82	87
490	615	80	85
484	612	79	84
483	610	79	84
483	609	79	84
482	607	79	84
482	605	78	83
481	603	78	83
480	601	78	83
480	599	78	83
479	598	78	83
478	596	77	82
493	624	77	81
492	622	76	80
492	621	76	80
492	621	76	80
492	621	75	79
493	621	75	79
493	621	75	79
493	621	75	78
493	620	74	78
493	620	74	78
493	620	74	77
461	636	75	80
461	635	74	79
459	636	74	79
457	637	74	79
456	637	74	79
454	638	73	78
452	639	73	78
451	639	73	78
449	640	73	78
447	641	73	78
446	641	72	78
508	627	78	83
506	627	77	82
508	627	77	82
510	627	77	83
511	627	78	83
513	626	78	83
515	626	78	83
517	626	78	83
519	626	78	83
521	626	78	83
523	626	78	83
526	612	75	80
527	611	75	80
529	610	74	79
531	609	74	79
533	608	74	79
535	608	74	79
537	607	74	79
539	606	74	79
541	605	74	79
543	604	74	79
545	603	74	79
518	617	75	80
519	616	74	79
520	615	74	79
520	615	74	79
520	615	74	79
521	615	74	79
521	615	74	79
521	615	74	79
522	615	74	79
522	614	74	79
522	614	74	79
522	596	78	83
522	595	77	82
522	594	78	83
522	593	78	83
523	592	78	83
523	591	78	83
523	590	78	83
523	588	78	83
524	587	78	83
524	586	79	84
524	585	79	84
539	613	82	86
539	611	82	86
540	612	82	86
541	612	82	86
542	613	83	86
543	613	83	87
544	613	83	87
545	614	83	87
546	614	84	87
547	615	84	88
548	615	84	88
473	627	80	85
474	627	80	85
470	628	80	85
467	629	80	85
464	630	80	85
461	631	80	85
458	632	80	85
454	633	80	85
451	634	80	85
448	635	80	85
445	636	80	85
495	633	78	83
491	634	78	83
491	634	77	82
491	635	77	82
490	636	77	82
490	637	77	82
490	637	77	82
490	638	77	82
489	639	77	82
489	640	77	82
489	640	76	82
496	649	75	80
495	649	74	79
495	650	74	79
495	652	74	79
496	653	74	79
496	654	73	79
496	655	73	78
496	656	73	78
496	657	73	78
496	659	73	78
496	660	72	77
492	645	72	77
492	646	71	76
491	646	71	76
491	646	71	76
491	646	71	76
491	647	70	75
491	647	70	75
491	647	70	75
491	647	69	74
490	648	69	74
490	648	69	74
517	631	74	78
516	631	73	77
518	630	73	77
519	629	73	77
520	629	73	77
522	628	73	77
523	627	73	77
524	626	73	77
526	626	73	77
527	625	73	77
528	624	73	77
528	635	74	78
529	634	74	77
530	634	74	77
531	634	74	77
532	633	74	77
534	633	74	77
535	633	74	77
536	633	74	77
537	633	74	77
538	633	74	77
540	633	74	77
556	628	71	75
557	627	71	74
559	627	70	74
561	627	70	74
563	626	70	74
565	626	70	74
567	625	70	74
569	625	70	73
571	625	69	73
573	624	69	73
575	624	69	73
535	644	70	74
537	643	69	73
536	644	69	73
536	645	69	73
536	645	69	73
535	646	69	73
535	647	69	73
535	647	69	73
534	648	68	72
534	649	68	72
534	650	68	72
575	622	71	75
574	622	70	74
576	621	70	74
578	620	70	74
580	620	70	74
582	619	70	74
584	618	70	74
586	617	70	74
588	616	70	74
590	615	70	74
592	614	70	74
548	632	72	77
549	631	72	77
549	631	72	77
548	631	72	77
548	631	72	77
547	631	72	77
546	631	72	77
546	631	72	77
545	631	72	77
545	632	72	77
544	632	72	78
564	636	72	77
563	636	72	77
563	636	72	77
564	636	72	77
564	637	72	77
565	637	72	77
565	637	72	77
566	638	72	77
566	638	72	77
567	638	72	77
567	639	72	77
566	650	70	74
566	650	70	74
566	651	69	73
567	652	69	73
567	653	69	73
567	653	69	73
568	654	69	73
568	655	69	73
569	656	69	73
569	657	69	72
569	658	69	72
530	637	68	72
530	637	67	71
528	637	67	71
526	637	67	71
524	636	67	71
522	636	67	71
521	636	67	70
519	635	66	70
517	635	66	70
515	635	66	70
513	634	66	70
520	630	67	71
518	629	66	70
516	629	66	70
515	628	66	70
513	627	66	70
512	627	66	70
511	626	66	70
509	626	66	70
508	625	66	69
506	624	65	69
505	624	65	69
522	637	64	68
520	636	63	67
520	636	63	67
519	636	63	67
519	636	63	67
518	636	63	67
518	637	62	66
518	637	62	66
517	637	62	66
517	637	62	66
516	637	61	65
470	636	62	65
469	636	61	64
466	636	61	64
463	636	61	64
460	636	61	64
457	636	60	63
454	636	60	63
451	636	60	63
448	636	60	63
445	636	60	62
442	636	60	62
480	659	60	64
476	659	59	63
476	660	59	63
475	661	59	63
474	662	59	63
473	664	59	63
473	665	58	62
472	666	58	62
471	668	58	62
470	669	58	62
470	670	58	62
505	651	58	62
504	652	57	61
505	652	57	61
506	652	57	61
507	652	57	61
509	652	57	61
510	652	56	61
511	653	56	60
512	653	56	60
513	653	56	60
515	653	56	60
505	647	59	63
506	647	58	62
506	646	58	62
507	646	58	62
507	646	58	62
508	646	58	62
509	645	58	62
509	645	58	62
510	645	58	62
510	645	58	62
511	644	58	62
481	665	57	60
481	664	56	59
480	665	56	59
479	666	56	59
478	667	56	59
477	668	56	59
475	669	56	59
474	670	56	59
473	670	56	58
472	671	56	58
471	672	56	58
441	643	59	63
439	643	58	62
437	643	58	62
434	642	59	63
431	641	59	63
428	640	59	63
426	639	59	63
423	639	59	63
420	638	59	63
417	637	59	63
415	636	59	63
428	641	62	65
425	640	62	65
423	639	62	65
421	639	62	65
419	638	62	65
417	638	62	65
415	637	63	65
413	637	63	66
412	636	63	66
410	636	63	66
408	635	63	66
442	634	64	68
440	633	64	68
440	632	64	68
440	632	64	68
440	631	64	68
440	631	64	69
440	630	65	69
440	630	65	69
440	629	65	69
440	628	65	70
440	628	65	70
453	640	63	67
453	639	63	67
453	639	63	67
454	639	63	67
455	639	63	67
456	639	63	67
456	639	63	67
457	640	63	67
458	640	63	67
459	640	63	67
459	640	63	67
474	634	65	69
474	634	65	69
476	633	65	69
477	633	65	69
479	633	65	69
480	633	65	69
482	632	65	69
483	632	65	69
485	632	65	69
486	632	65	69
488	631	66	70
458	640	63	67
459	639	63	67
459	639	63	67
458	640	62	66
458	640	62	66
458	640	62	66
458	640	62	66
457	641	62	66
457	641	62	66
457	641	62	66
457	641	62	66
452	645	60	64
451	645	59	63
451	645	59	63
450	645	59	63
450	646	59	63
449	646	59	63
449	647	58	62
448	647	58	62
448	647	58	62
447	648	58	62
446	648	58	62
457	662	58	62
456	662	57	61
456	663	57	61
456	664	57	61
456	665	57	61
456	666	57	61
456	667	56	60
456	669	56	60
456	670	56	60
456	671	56	60
456	672	56	60
456	648	56	59
456	649	55	58
456	648	55	58
456	648	55	58
456	648	55	58
456	647	55	57
456	647	54	57
456	647	54	57
456	646	54	57
456	646	54	56
456	646	54	56
445	655	58	62
445	654	57	61
444	654	57	61
443	655	57	61
443	655	57	61
442	655	57	62
441	655	58	62
441	655	58	62
440	656	58	62
440	656	58	62
439	656	58	62
468	647	59	63
467	647	59	63
468	646	59	63
469	646	59	63
470	646	59	63
471	645	59	63
472	645	59	63
473	645	59	63
474	644	59	63
475	644	59	63
476	644	59	63
504	654	60	64
504	653	60	64
507	653	60	64
509	654	60	64
512	654	60	64
514	654	60	64
517	654	60	64
519	655	60	64
522	655	60	64
524	655	60	64
527	655	60	64
498	616	63	67
500	616	63	67
501	614	63	67
501	612	63	67
502	610	63	67
503	608	63	67
504	606	64	68
504	604	64	68
505	602	64	68
506	600	64	68
506	598	64	68
548	638	64	68
548	635	64	68
551	636	64	68
554	636	64	68
557	636	64	68
560	637	64	68
563	637	64	68
566	637	65	69
569	638	65	69
572	638	65	69
575	638	65	69
544	631	65	69
546	631	65	69
548	631	65	69
549	631	65	69
550	630	65	69
551	630	65	69
552	630	65	69
553	630	65	69
554	630	65	69
555	630	65	69
556	630	66	70
549	654	63	67
550	653	63	67
550	655	63	67
551	656	62	66
551	657	62	66
552	658	62	66
552	659	62	66
553	661	62	66
554	662	62	66
554	663	62	66
555	664	62	66
547	655	60	64
547	656	59	63
547	656	59	63
547	657	59	63
547	657	59	63
547	658	59	63
548	659	58	62
548	659	58	62
548	660	58	62
548	660	58	62
548	661	58	62
583	618	63	67
583	618	62	66
585	616	62	66
587	614	62	66
589	613	63	67
591	611	63	67
593	609	63	67
595	607	63	67
597	605	63	67
599	603	63	67
601	601	63	67
581	628	62	65
583	626	62	65
583	625	62	65
584	625	62	64
585	625	62	64
586	624	62	64
586	624	62	64
587	624	62	64
588	623	62	64
589	623	62	64
590	623	62	64
596	624	64	68
596	623	63	67
597	623	64	68
598	623	64	68
599	622	64	68
601	622	64	68
602	622	64	68
603	622	64	68
604	621	64	68
605	621	64	69
606	621	64	69
577	631	67	71
578	630	67	71
577	631	67	71
576	631	67	71
576	631	67	71
575	631	67	72
574	632	68	72
574	632	68	72
573	632	68	72
573	633	68	72
572	633	69	73
541	620	70	74
540	620	70	74
538	619	70	74
535	619	70	74
533	618	70	75
531	618	71	75
528	617	71	75
526	617	71	75
524	617	72	76
521	616	72	76
519	616	72	76
547	634	70	74
544	633	70	74
543	634	70	74
543	634	70	74
542	635	70	74
541	635	70	74
541	636	70	74
540	636	70	74
539	637	70	74
539	637	71	75
538	638	71	75
536	651	68	72
535	651	68	72
534	652	68	72
533	653	67	71
532	655	67	71
532	656	67	71
531	657	67	71
530	658	67	71
529	660	67	71
529	661	67	71
528	662	67	71
536	646	65	69
535	647	64	68
534	647	64	68
534	647	64	68
534	647	64	68
533	648	64	68
533	648	63	67
533	648	63	67
533	648	63	67
532	649	63	67
532	649	63	67
531	646	64	68
530	646	63	67
530	646	63	67
529	646	63	67
529	646	63	67
529	646	63	67
528	646	63	67
528	646	62	66
528	646	62	66
527	646	62	66
527	646	62	66
498	643	63	67
497	643	62	66
495	642	62	66
493	642	62	66
491	642	62	66
489	642	62	66
487	642	62	66
485	642	62	66
483	641	62	66
481	641	61	65
479	641	61	65
529	635	64	68
526	634	63	67
527	634	63	67
528	633	63	67
529	633	63	67
530	632	63	67
531	632	63	67
532	631	63	67
533	631	63	67
533	630	64	68
534	630	64	68
539	643	67	71
539	642	67	71
540	642	67	71
541	642	67	71
543	643	67	71
544	643	67	71
545	643	67	71
546	643	68	72
547	644	68	72
548	644	68	72
549	644	68	72
510	648	64	68
511	648	64	68
509	648	64	68
508	649	64	68
507	649	63	67
506	649	63	67
505	650	63	67
503	650	63	67
502	651	63	67
501	651	63	67
500	651	63	67
457	648	64	68
455	648	63	67
452	648	63	67
448	648	63	67
445	648	63	67
441	649	63	67
438	649	63	67
434	649	63	67
431	649	63	67
427	649	63	67
424	649	63	67
445	637	64	68
441	637	63	67
439	636	63	67
437	636	63	67
434	635	63	67
432	634	63	67
430	634	63	67
428	633	63	67
426	633	63	67
424	632	63	67
421	632	63	67
463	638	67	71
460	637	66	70
461	637	67	71
461	637	67	71
461	636	67	71
461	636	67	71
461	636	67	71
462	636	67	71
462	636	68	72
462	635	68	72
462	635	68	72
474	637	68	72
474	636	68	72
475	636	68	72
475	636	68	72
476	636	68	72
477	636	68	72
478	636	68	72
479	636	68	72
480	635	69	73
480	635	69	73
481	635	69	73
434	627	71	75
434	626	71	75
432	626	71	75
431	625	71	75
429	625	71	75
427	624	71	75
425	623	72	76
423	623	72	76
421	622	72	76
419	622	72	76
418	621	73	77
500	650	70	74
