1.561926
0.032777
0.033064
0.033098
0.033124
0.033151
0.033178
0.033204
0.033230
0.033258
0.033279
0.033304
0.029099
0.029354
0.029372
0.029387
0.029401
0.029415
0.029429
0.029442
0.029456
0.029470
0.029483
0.028467
0.028689
0.028716
0.028731
0.028745
0.028759
0.028772
0.028785
0.028798
0.028812
0.028825
0.028625
0.028855
0.028872
0.028885
0.028897
0.028912
0.028926
0.028939
0.028952
0.028966
0.028979
0.028371
0.028610
0.028627
0.028642
0.028656
0.028669
0.028683
0.028697
0.028725
0.028747
0.028761
0.026481
0.026714
0.026731
0.026746
0.026760
0.026773
0.026786
0.026799
0.026812
0.026827
0.026840
0.026216
0.026443
0.026461
0.026475
0.026488
0.026502
0.026518
0.026531
0.026544
0.026557
0.026570
0.027626
0.027871
0.027905
0.027930
0.027957
0.027981
0.028006
0.028030
0.028055
0.028079
0.028103
0.027527
0.027766
0.027796
0.027823
0.027850
0.027876
0.027901
0.027924
0.027949
0.027972
0.027996
0.051513
0.051743
0.051782
0.051809
0.051834
0.051860
0.051885
0.051911
0.051935
0.051959
0.051982
0.027320
0.027548
0.027565
0.027580
0.027593
0.027606
0.027620
0.027633
0.027646
0.027659
0.027672
0.034608
0.034868
0.034888
0.034916
0.034934
0.034955
0.034973
0.034990
0.035008
0.035025
0.035043
0.029231
0.029459
0.029486
0.029504
0.029519
0.029532
0.029545
0.029558
0.029571
0.029584
0.029597
0.027534
0.027765
0.027782
0.027796
0.027809
0.027825
0.027838
0.027851
0.027864
0.027876
0.027889
0.026437
0.026659
0.026685
0.026699
0.026712
0.026725
0.026738
0.026752
0.026765
0.026778
0.026791
0.026692
0.026921
0.026938
0.026953
0.026966
0.026979
0.026993
0.027006
0.027020
0.027033
0.027046
0.026817
0.027043
0.027061
0.027075
0.027088
0.027102
0.027116
0.027129
0.027143
0.027156
0.027169
0.027628
0.027878
0.027895
0.027910
0.027923
0.027936
0.027950
0.027963
0.027976
0.027989
0.028002
0.027943
0.028169
0.028186
0.028203
0.028217
0.028230
0.028244
0.028257
0.028270
0.028283
0.028296
0.052664
0.052892
0.052909
0.052923
0.052937
0.052949
0.052962
0.052975
0.052989
0.053001
0.053014
0.029452
0.029752
0.029782
0.029818
0.029844
0.029868
0.029894
0.029918
0.029945
0.029970
0.029995
0.028057
0.028289
0.028309
0.028323
0.028337
0.028350
0.028363
0.028376
0.028389
0.028402
0.028414
0.028400
0.028635
0.028653
0.028667
0.028680
0.028694
0.028707
0.028721
0.028734
0.028747
0.028760
0.028330
0.028562
0.028579
0.028594
0.028607
0.028621
0.028635
0.028649
0.028662
0.028675
0.028688
0.030204
0.030445
0.030476
0.030504
0.030529
0.030558
0.030587
0.030613
0.030638
0.030661
0.030685
0.031900
0.032140
0.032171
0.032198
0.032226
0.032251
0.032276
0.032300
0.032325
0.032348
0.032372
0.031208
0.031440
0.031477
0.031502
0.031527
0.031552
0.031576
0.031600
0.031625
0.031649
0.031673
0.032851
0.033093
0.033123
0.033150
0.033177
0.033204
0.033228
0.033252
0.033277
0.033300
0.033324
0.031131
0.031376
0.031406
0.031433
0.031460
0.031486
0.031511
0.031535
0.031560
0.031584
0.031608
0.056716
0.056957
0.056989
0.057016
0.057042
0.057066
0.057090
0.057115
0.057139
0.057163
0.057186
0.031249
0.031477
0.031517
0.031542
0.031567
0.031592
0.031616
0.031640
0.031665
0.031689
0.031713
0.029865
0.030094
0.030122
0.030155
0.030180
0.030204
0.030229
0.030253
0.030276
0.030300
0.030324
0.031270
0.031491
0.031521
0.031535
0.031549
0.031562
0.031575
0.031588
0.031601
0.031615
0.031628
0.030363
0.030591
0.030608
0.030622
0.030635
0.030649
0.030662
0.030675
0.030689
0.030702
0.030714
0.031056
0.031288
0.031305
0.031320
0.031333
0.031346
0.031360
0.031373
0.031387
0.031400
0.031413
0.032231
0.032460
0.032478
0.032492
0.032506
0.032519
0.032532
0.032546
0.032558
0.032571
0.032584
0.031349
0.031569
0.031596
0.031610
0.031625
0.031638
0.031651
0.031665
0.031678
0.031695
0.031708
0.032052
0.032284
0.032301
0.032316
0.032329
0.032342
0.032356
0.032369
0.032382
0.032395
0.032408
0.032163
0.032381
0.032407
0.032421
0.032435
0.032448
0.032462
0.032475
0.032489
0.032501
0.032515
0.057961
0.058187
0.058206
0.058220
0.058233
0.058246
0.058259
0.058273
0.058285
0.058299
0.058312
0.032686
0.032914
0.032932
0.032946
0.032960
0.032974
0.032987
0.033000
0.033013
0.033026
0.033039
0.031406
0.031629
0.031656
0.031670
0.031684
0.031697
0.031710
0.031723
0.031736
0.031749
0.031762
0.030747
0.030974
0.030991
0.031006
0.031019
0.031032
0.031045
0.031059
0.031072
0.031085
0.031098
0.031137
0.031362
0.031379
0.031394
0.031407
0.031420
0.031433
0.031446
0.031460
0.031472
0.031486
0.029891
0.030110
0.030136
0.030151
0.030165
0.030178
0.030192
0.030205
0.030218
0.030231
0.030244
0.029761
0.029995
0.030013
0.030027
0.030041
0.030054
0.030067
0.030080
0.030093
0.030106
0.030119
0.031313
0.031543
0.031560
0.031575
0.031589
0.031602
0.031615
0.031628
0.031641
0.031654
0.031667
0.031546
0.031783
0.031800
0.031815
0.031828
0.031842
0.031855
0.031868
0.031881
0.031898
0.031911
0.031013
0.031241
0.031258
0.031273
0.031286
0.031300
0.031313
0.031327
0.031340
0.031353
0.031371
0.058271
0.058487
0.058513
0.058527
0.058541
0.058554
0.058567
0.058580
0.058594
0.058606
0.058620
0.031956
0.032182
0.032199
0.032213
0.032227
0.032241
0.032254
0.032267
0.032280
0.032294
0.032307
0.031321
0.031554
0.031571
0.031586
0.031599
0.031613
0.031626
0.031639
0.031652
0.031665
0.031678
0.031080
0.031308
0.031325
0.031339
0.031353
0.031366
0.031380
0.031393
0.031405
0.031419
0.031431
0.031621
0.031850
0.031867
0.031882
0.031896
0.031909
0.031923
0.031936
0.031949
0.031963
0.031976
0.030624
0.030843
0.030869
0.030884
0.030900
0.030913
0.030926
0.030940
0.030953
0.030965
0.030978
0.030585
0.030825
0.030843
0.030858
0.030872
0.030885
0.030899
0.030912
0.030926
0.030939
0.030952
0.031593
0.031821
0.031838
0.031853
0.031867
0.031880
0.031893
0.031906
0.031920
0.031933
0.031946
0.030385
0.030616
0.030634
0.030648
0.030662
0.030675
0.030689
0.030703
0.030716
0.030729
0.030742
0.031553
0.031790
0.031815
0.031839
0.031864
0.031889
0.031912
0.031937
0.031961
0.031985
0.032009
0.055785
0.056023
0.056054
0.056082
0.056108
0.056134
0.056159
0.056183
0.056207
0.056230
0.056254
0.030554
0.030786
0.030811
0.030837
0.030860
0.030885
0.030909
0.030932
0.030956
0.030979
0.031003
0.029842
0.030081
0.030110
0.030137
0.030162
0.030187
0.030212
0.030236
0.030264
0.030288
0.030313
0.029894
0.030127
0.030154
0.030180
0.030205
0.030231
0.030254
0.030278
0.030302
0.030326
0.030349
0.030918
0.031147
0.031164
0.031180
0.031193
0.031207
0.031220
0.031233
0.031246
0.031259
0.031272
0.030062
0.030293
0.030310
0.030324
0.030338
0.030352
0.030365
0.030379
0.030392
0.030405
0.030419
0.029622
0.029840
0.029866
0.029881
0.029894
0.029907
0.029921
0.029933
0.029946
0.029959
0.029972
0.031386
0.031613
0.031631
0.031645
0.031659
0.031672
0.031685
0.031698
0.031711
0.031724
0.031737
0.030175
0.030402
0.030419
0.030433
0.030447
0.030460
0.030474
0.030487
0.030500
0.030512
0.030525
0.029765
0.030018
0.030035
0.030050
0.030063
0.030077
0.030091
0.030105
0.030118
0.030131
0.030144
0.059197
0.059425
0.059442
0.059456
0.059475
0.059492
0.059507
0.059523
0.059539
0.059554
0.059570
0.034542
0.034777
0.034798
0.034815
0.034831
0.034848
0.034864
0.034879
0.034897
0.034913
0.034929
0.034209
0.034451
0.034471
0.034489
0.034505
0.034521
0.034536
0.034552
0.034568
0.034584
0.034599
0.031343
0.031577
0.031597
0.031614
0.031631
0.031647
0.031663
0.031679
0.031695
0.031711
0.031727
0.029804
0.030037
0.030057
0.030074
0.030091
0.030107
0.030123
0.030138
0.030154
0.030169
0.030185
0.029461
0.029685
0.029715
0.029732
0.029750
0.029766
0.029782
0.029798
0.029814
0.029830
0.029847
0.030573
0.030806
0.030827
0.030844
0.030861
0.030878
0.030894
0.030909
0.030925
0.030940
0.030956
0.029675
0.029910
0.029929
0.029946
0.029962
0.029978
0.029993
0.030010
0.030026
0.030042
0.030057
0.029786
0.030018
0.030035
0.030050
0.030064
0.030077
0.030090
0.030103
0.030116
0.030129
0.030142
0.030644
0.030873
0.030890
0.030905
0.030918
0.030932
0.030946
0.030959
0.030972
0.030985
0.030998
0.058392
0.058626
0.058643
0.058657
0.058670
0.058688
0.058702
0.058715
0.058728
0.058741
0.058754
0.030667
0.030895
0.030912
0.030927
0.030940
0.030954
0.030967
0.030980
0.030993
0.031007
0.031020
0.029589
0.029822
0.029839
0.029854
0.029867
0.029881
0.029894
0.029907
0.029920
0.029932
0.029946
0.029110
0.029334
0.029361
0.029376
0.029390
0.029404
0.029417
0.029430
0.029443
0.029456
0.029470
0.030417
0.030669
0.030696
0.030710
0.030724
0.030737
0.030751
0.030764
0.030777
0.030790
0.030803
0.029698
0.029914
0.029941
0.029955
0.029969
0.029982
0.029995
0.030008
0.030021
0.030034
0.030047
0.029072
0.029290
0.029317
0.029331
0.029345
0.029358
0.029371
0.029384
0.029397
0.029410
0.029423
0.028977
0.029197
0.029225
0.029240
0.029253
0.029266
0.029280
0.029293
0.029306
0.029320
0.029332
0.030181
0.030417
0.030435
0.030449
0.030463
0.030476
0.030489
0.030502
0.030515
0.030529
0.030542
0.030096
0.030329
0.030346
0.030361
0.030375
0.030393
0.030413
0.030440
0.030462
0.030485
0.030502
0.055440
0.055694
0.055712
0.055727
0.055741
0.055754
0.055768
0.055781
0.055794
0.055807
0.055820
0.030873
0.031102
0.031119
0.031133
0.031147
0.031161
0.031174
0.031187
0.031201
0.031214
0.031227
0.030382
0.030614
0.030631
0.030646
0.030659
0.030673
0.030686
0.030699
0.030713
0.030726
0.030739
0.030084
0.030313
0.030330
0.030345
0.030358
0.030372
0.030385
0.030398
0.030411
0.030424
0.030437
0.031198
0.031427
0.031445
0.031459
0.031472
0.031486
0.031498
0.031512
0.031524
0.031538
0.031551
0.031279
0.031501
0.031527
0.031542
0.031555
0.031569
0.031587
0.031602
0.031615
0.031628
0.031641
0.029917
0.030143
0.030184
0.030208
0.030233
0.030258
0.030282
0.030306
0.030330
0.030355
0.030379
0.029386
0.029627
0.029653
0.029677
0.029702
0.029727
0.029752
0.029776
0.029800
0.029824
0.029848
0.030840
0.031075
0.031104
0.031128
0.031154
0.031178
0.031202
0.031226
0.031250
0.031274
0.031298
0.029433
0.029673
0.029703
0.029730
0.029755
0.029780
0.029804
0.029828
0.029852
0.029876
0.029900
0.055332
0.055566
0.055589
0.055614
0.055638
0.055663
0.055688
0.055712
0.055736
0.055760
0.055784
0.031473
0.031721
0.031754
0.031780
0.031806
0.031830
0.031854
0.031879
0.031903
0.031927
0.031951
0.030160
0.030410
0.030439
0.030467
0.030492
0.030518
0.030543
0.030567
0.030591
0.030618
0.030643
0.030753
0.030985
0.031010
0.031034
0.031059
0.031084
0.031108
0.031132
0.031155
0.031179
0.031203
0.031924
0.032151
0.032169
0.032184
0.032198
0.032212
0.032225
0.032238
0.032252
0.032265
0.032279
0.035933
0.036167
0.036185
0.036199
0.036213
0.036226
0.036239
0.036253
0.036266
0.036279
0.036292
0.031805
0.032024
0.032051
0.032066
0.032079
0.032093
0.032106
0.032119
0.032132
0.032145
0.032158
0.030402
0.030630
0.030648
0.030662
0.030675
0.030689
0.030702
0.030715
0.030728
0.030741
0.030754
0.031215
0.031451
0.031475
0.031489
0.031503
0.031517
0.031530
0.031543
0.031556
0.031569
0.031581
0.030496
0.030730
0.030747
0.030761
0.030775
0.030789
0.030802
0.030815
0.030828
0.030841
0.030854
0.056098
0.056329
0.056347
0.056361
0.056374
0.056387
0.056401
0.056414
0.056427
0.056440
0.056453
0.031468
0.031699
0.031716
0.031730
0.031744
0.031757
0.031771
0.031784
0.031797
0.031810
0.031823
0.030243
0.030462
0.030489
0.030503
0.030517
0.030530
0.030543
0.030557
0.030570
0.030583
0.030596
0.029755
0.029984
0.030001
0.030015
0.030029
0.030042
0.030055
0.030068
0.030081
0.030094
0.030108
0.031035
0.031264
0.031281
0.031296
0.031310
0.031324
0.031338
0.031351
0.031372
0.031385
0.031399
0.029864
0.030095
0.030113
0.030127
0.030141
0.030154
0.030167
0.030180
0.030193
0.030206
0.030220
0.029440
0.029671
0.029690
0.029705
0.029718
0.029732
0.029745
0.029758
0.029771
0.029784
0.029797
0.029230
0.029458
0.029475
0.029490
0.029503
0.029516
0.029530
0.029543
0.029557
0.029571
0.029584
0.030974
0.031201
0.031220
0.031235
0.031248
0.031262
0.031275
0.031288
0.031301
0.031314
0.031327
0.030270
0.030502
0.030518
0.030532
0.030545
0.030559
0.030572
0.030586
0.030600
0.030613
0.030626
0.056777
0.057003
0.057019
0.057034
0.057048
0.057064
0.057082
0.057098
0.057115
0.057130
0.057146
0.030483
0.030721
0.030741
0.030759
0.030775
0.030792
0.030809
0.030826
0.030842
0.030859
0.030878
0.029261
0.029488
0.029517
0.029535
0.029549
0.029563
0.029578
0.029592
0.029605
0.029620
0.029634
0.029530
0.029770
0.029799
0.029827
0.029852
0.029878
0.029903
0.029927
0.029950
0.029975
0.029999
0.029107
0.029355
0.029387
0.029415
0.029441
0.029466
0.029490
0.029514
