1.922428
0.032907
0.033193
0.033211
0.033224
0.033241
0.033256
0.033270
0.033284
0.033298
0.033312
0.033326
0.026208
0.026458
0.026474
0.026486
0.026499
0.026516
0.026530
0.026544
0.026558
0.026572
0.026586
0.028191
0.028432
0.028455
0.028473
0.028489
0.028506
0.028522
0.028538
0.028555
0.028571
0.028587
0.026215
0.026453
0.026473
0.026490
0.026506
0.026521
0.026537
0.026552
0.026567
0.026585
0.026600
0.025527
0.025763
0.025784
0.025802
0.025818
0.025836
0.025850
0.025864
0.025877
0.025890
0.025904
0.024703
0.024932
0.024950
0.024965
0.024979
0.024996
0.025013
0.025029
0.025046
0.025061
0.025077
0.024078
0.024315
0.024336
0.024354
0.024371
0.024386
0.024405
0.024425
0.024441
0.024457
0.024473
0.023515
0.023732
0.023758
0.023772
0.023790
0.023807
0.023823
0.023840
0.023855
0.023871
0.023887
0.023988
0.024221
0.024241
0.024257
0.024274
0.024291
0.024307
0.024322
0.024338
0.024354
0.024369
0.050933
0.051166
0.051186
0.051203
0.051219
0.051235
0.051250
0.051268
0.051283
0.051299
0.051314
0.024119
0.024365
0.024386
0.024405
0.024421
0.024438
0.024454
0.024470
0.024487
0.024502
0.024518
0.024044
0.024283
0.024303
0.024321
0.024337
0.024355
0.024371
0.024386
0.024401
0.024417
0.024432
0.024352
0.024580
0.024600
0.024616
0.024633
0.024650
0.024667
0.024683
0.024699
0.024715
0.024730
0.024334
0.024569
0.024591
0.024608
0.024624
0.024643
0.024659
0.024674
0.024690
0.024706
0.024721
0.024875
0.025107
0.025129
0.025145
0.025162
0.025178
0.025194
0.025210
0.025225
0.025241
0.025256
0.024382
0.024609
0.024626
0.024639
0.024662
0.024676
0.024689
0.024702
0.024716
0.024729
0.024742
0.023872
0.024110
0.024127
0.024142
0.024155
0.024168
0.024182
0.024195
0.024208
0.024221
0.024234
0.024122
0.024342
0.024368
0.024382
0.024395
0.024409
0.024422
0.024435
0.024448
0.024462
0.024475
0.023861
0.024092
0.024109
0.024127
0.024140
0.024153
0.024167
0.024179
0.024192
0.024206
0.024219
0.051180
0.051409
0.051427
0.051441
0.051454
0.051467
0.051481
0.051494
0.051507
0.051520
0.051533
0.023840
0.024070
0.024087
0.024101
0.024115
0.024129
0.024142
0.024155
0.024168
0.024181
0.024194
0.023773
0.023998
0.024018
0.024033
0.024046
0.024060
0.024074
0.024087
0.024100
0.024113
0.024127
0.024060
0.024287
0.024304
0.024318
0.024332
0.024345
0.024358
0.024372
0.024385
0.024399
0.024412
0.024511
0.024731
0.024748
0.024762
0.024775
0.024799
0.024812
0.024825
0.024838
0.024851
0.024864
0.024391
0.024623
0.024642
0.024656
0.024670
0.024686
0.024699
0.024713
0.024726
0.024740
0.024753
0.023667
0.023911
0.023929
0.023943
0.023958
0.023971
0.023984
0.023998
0.024011
0.024024
0.024036
0.023990
0.024222
0.024240
0.024254
0.024268
0.024281
0.024294
0.024308
0.024321
0.024334
0.024347
0.024143
0.024371
0.024388
0.024402
0.024416
0.024430
0.024442
0.024456
0.024469
0.024482
0.024495
0.025540
0.025784
0.025802
0.025816
0.025830
0.025843
0.025856
0.025869
0.025882
0.025896
0.025908
0.051298
0.051518
0.051544
0.051558
0.051572
0.051585
0.051598
0.051611
0.051625
0.051637
0.051650
0.024033
0.024263
0.024280
0.024294
0.024308
0.024322
0.024335
0.024349
0.024362
0.024376
0.024389
0.023856
0.024087
0.024105
0.024119
0.024133
0.024147
0.024160
0.024173
0.024186
0.024199
0.024213
0.024233
0.024461
0.024481
0.024496
0.024509
0.024522
0.024535
0.024549
0.024562
0.024575
0.024588
0.024273
0.024502
0.024519
0.024533
0.024546
0.024559
0.024572
0.024585
0.024597
0.024610
0.024623
0.024248
0.024477
0.024495
0.024509
0.024522
0.024536
0.024549
0.024562
0.024576
0.024589
0.024602
0.024346
0.024574
0.024591
0.024606
0.024619
0.024633
0.024646
0.024659
0.024672
0.024685
0.024698
0.024177
0.024403
0.024420
0.024435
0.024448
0.024461
0.024475
0.024488
0.024502
0.024518
0.024531
0.023731
0.023945
0.023971
0.023984
0.023998
0.024011
0.024024
0.024037
0.024050
0.024062
0.024075
0.023485
0.023714
0.023731
0.023746
0.023759
0.023773
0.023787
0.023800
0.023813
0.023827
0.023840
0.050793
0.051021
0.051038
0.051052
0.051065
0.051079
0.051092
0.051105
0.051118
0.051131
0.051144
0.023584
0.023815
0.023832
0.023847
0.023861
0.023875
0.023888
0.023902
0.023915
0.023928
0.023942
0.023725
0.023943
0.023969
0.023984
0.023998
0.024011
0.024024
0.024038
0.024051
0.024064
0.024077
0.024497
0.024743
0.024761
0.024776
0.024790
0.024803
0.024816
0.024830
0.024843
0.024856
0.024868
0.024995
0.025210
0.025236
0.025251
0.025265
0.025278
0.025291
0.025305
0.025318
0.025335
0.025348
0.024140
0.024367
0.024385
0.024400
0.024414
0.024427
0.024440
0.024454
0.024467
0.024480
0.024493
0.023648
0.023880
0.023897
0.023911
0.023925
0.023938
0.023952
0.023965
0.023978
0.023991
0.024004
0.023562
0.023794
0.023812
0.023826
0.023840
0.023853
0.023866
0.023880
0.023893
0.023906
0.023919
0.023511
0.023745
0.023762
0.023776
0.023789
0.023803
0.023817
0.023852
0.023880
0.023912
0.023938
0.023964
0.024194
0.024211
0.024226
0.024240
0.024253
0.024266
0.024280
0.024293
0.024306
0.024319
0.053721
0.053944
0.053962
0.053977
0.053990
0.054004
0.054017
0.054030
0.054043
0.054056
0.054070
0.024995
0.025229
0.025247
0.025261
0.025275
0.025288
0.025301
0.025314
0.025326
0.025339
0.025352
0.025754
0.025979
0.025996
0.026011
0.026024
0.026037
0.026050
0.026063
0.026076
0.026090
0.026103
0.025789
0.026016
0.026033
0.026047
0.026061
0.026074
0.026087
0.026101
0.026114
0.026127
0.026140
0.025307
0.025528
0.025554
0.025568
0.025582
0.025596
0.025609
0.025622
0.025636
0.025649
0.025662
0.024922
0.025151
0.025169
0.025183
0.025199
0.025213
0.025226
0.025239
0.025252
0.025265
0.025279
0.024680
0.024909
0.024926
0.024941
0.024955
0.024968
0.024981
0.024994
0.025008
0.025021
0.025034
0.024856
0.025086
0.025104
0.025118
0.025132
0.025146
0.025159
0.025172
0.025185
0.025198
0.025211
0.024993
0.025224
0.025247
0.025269
0.025293
0.025317
0.025343
0.025367
0.025391
0.025415
0.025440
0.024614
0.024859
0.024889
0.024915
0.024941
0.024966
0.024991
0.025016
0.025039
0.025063
0.025087
0.053826
0.054047
0.054066
0.054081
0.054107
0.054125
0.054141
0.054157
0.054173
0.054188
0.054204
0.025557
0.025793
0.025813
0.025831
0.025847
0.025863
0.025878
0.025894
0.025910
0.025925
0.025941
0.025653
0.025882
0.025900
0.025914
0.025928
0.025941
0.025955
0.025968
0.025985
0.025998
0.026011
0.025470
0.025702
0.025719
0.025734
0.025748
0.025761
0.025774
0.025787
0.025800
0.025813
0.025826
0.025138
0.025356
0.025381
0.025396
0.025410
0.025423
0.025436
0.025450
0.025463
0.025476
0.025489
0.024992
0.025219
0.025237
0.025251
0.025265
0.025278
0.025291
0.025305
0.025318
0.025331
0.025343
0.025189
0.025421
0.025439
0.025453
0.025466
0.025479
0.025493
0.025512
0.025525
0.025538
0.025551
0.025165
0.025395
0.025413
0.025427
0.025440
0.025454
0.025467
0.025480
0.025493
0.025506
0.025518
0.025033
0.025263
0.025280
0.025294
0.025307
0.025320
0.025333
0.025346
0.025359
0.025373
0.025385
0.025032
0.025244
0.025270
0.025284
0.025298
0.025311
0.025325
0.025338
0.025351
0.025364
0.025377
0.053911
0.054135
0.054152
0.054167
0.054180
0.054193
0.054207
0.054219
0.054233
0.054246
0.054259
0.030077
0.030312
0.030329
0.030344
0.030358
0.030371
0.030385
0.030398
0.030411
0.030424
0.030437
0.024603
0.024833
0.024850
0.024864
0.024878
0.024891
0.024904
0.024917
0.024930
0.024943
0.024956
0.024622
0.024856
0.024873
0.024888
0.024902
0.024915
0.024928
0.024941
0.024954
0.024968
0.024981
0.025260
0.025492
0.025510
0.025524
0.025537
0.025550
0.025564
0.025577
0.025589
0.025602
0.025615
0.024577
0.024810
0.024828
0.024842
0.024856
0.024869
0.024883
0.024896
0.024910
0.024924
0.024937
0.024604
0.024826
0.024852
0.024866
0.024880
0.024893
0.024906
0.024920
0.024933
0.024946
0.024959
0.024928
0.025163
0.025183
0.025200
0.025217
0.025233
0.025249
0.025265
0.025281
0.025296
0.025312
0.024218
0.024439
0.024468
0.024486
0.024503
0.024520
0.024536
0.024552
0.024568
0.024583
0.024599
0.024972
0.025211
0.025232
0.025249
0.025267
0.025284
0.025298
0.025314
0.025328
0.025341
0.025354
0.055422
0.055651
0.055671
0.055688
0.055706
0.055725
0.055738
0.055751
0.055766
0.055779
0.055792
0.025541
0.025777
0.025795
0.025813
0.025830
0.025846
0.025863
0.025878
0.025894
0.025909
0.025925
0.025382
0.025615
0.025636
0.025654
0.025671
0.025688
0.025704
0.025720
0.025735
0.025752
0.025767
0.025621
0.025843
0.025874
0.025891
0.025908
0.025925
0.025941
0.025957
0.025973
0.025988
0.026004
0.025822
0.026058
0.026079
0.026096
0.026111
0.026127
0.026142
0.026158
0.026173
0.026189
0.026204
0.025429
0.025655
0.025672
0.025686
0.025700
0.025713
0.025727
0.025740
0.025753
0.025766
0.025779
0.025866
0.026091
0.026110
0.026124
0.026138
0.026151
0.026165
0.026178
0.026191
0.026204
0.026217
0.025050
0.025278
0.025295
0.025310
0.025324
0.025337
0.025350
0.025364
0.025377
0.025390
0.025403
0.024999
0.025219
0.025245
0.025260
0.025274
0.025287
0.025301
0.025314
0.025327
0.025340
0.025353
0.025022
0.025241
0.025267
0.025282
0.025295
0.025309
0.025322
0.025336
0.025349
0.025362
0.025375
0.054025
0.054251
0.054269
0.054284
0.054297
0.054311
0.054324
0.054337
0.054351
0.054364
0.054377
0.024666
0.024902
0.024920
0.024934
0.024948
0.024961
0.024975
0.024988
0.025001
0.025014
0.025027
0.024675
0.024906
0.024923
0.024937
0.024951
0.024964
0.024977
0.024990
0.025003
0.025016
0.025029
0.025474
0.025703
0.025720
0.025734
0.025748
0.025762
0.025775
0.025788
0.025801
0.025814
0.025827
0.025566
0.025781
0.025807
0.025821
0.025835
0.025848
0.025862
0.025875
0.025888
0.025902
0.025915
0.024963
0.025182
0.025208
0.025223
0.025236
0.025250
0.025263
0.025276
0.025290
0.025303
0.025316
0.024663
0.024893
0.024911
0.024935
0.024949
0.024962
0.024976
0.024989
0.025003
0.025016
0.025029
0.024669
0.024900
0.024917
0.024932
0.024945
0.024959
0.024972
0.024985
0.024998
0.025011
0.025023
0.024976
0.025202
0.025228
0.025242
0.025256
0.025269
0.025282
0.025295
0.025308
0.025322
0.025335
0.024482
0.024726
0.024744
0.024759
0.024773
0.024787
0.024801
0.024814
0.024827
0.024840
0.024853
0.053967
0.054194
0.054211
0.054225
0.054239
0.054253
0.054266
0.054280
0.054294
0.054307
0.054320
0.025082
0.025316
0.025334
0.025348
0.025362
0.025375
0.025388
0.025401
0.025414
0.025427
0.025440
0.024796
0.025012
0.025038
0.025053
0.025067
0.025081
0.025095
0.025108
0.025121
0.025137
0.025150
0.025568
0.025785
0.025812
0.025826
0.025840
0.025853
0.025867
0.025880
0.025893
0.025906
0.025919
0.025561
0.025777
0.025804
0.025818
0.025832
0.025846
0.025859
0.025872
0.025886
0.025898
0.025911
0.025334
0.025557
0.025575
0.025589
0.025603
0.025616
0.025630
0.025643
0.025656
0.025669
0.025682
0.024859
0.025074
0.025100
0.025115
0.025129
0.025142
0.025156
0.025169
0.025182
0.025195
0.025208
0.024894
0.025113
0.025139
0.025154
0.025167
0.025180
0.025194
0.025207
0.025220
0.025233
0.025246
0.024768
0.024983
0.025010
0.025024
0.025038
0.025051
0.025065
0.025078
0.025090
0.025104
0.025116
0.024670
0.024898
0.024915
0.024929
0.024943
0.024957
0.024970
0.024983
0.024996
0.025009
0.025023
0.054434
0.054675
0.054707
0.054735
0.054762
0.054787
0.054811
0.054836
0.054859
0.054884
0.054907
0.025175
0.025422
0.025456
0.025481
0.025507
0.025532
0.025555
0.025579
0.025608
0.025632
0.025656
0.025036
0.025276
0.025307
0.025340
0.025366
0.025390
0.025415
0.025439
0.025463
0.025487
0.025511
0.025258
0.025495
0.025528
0.025556
0.025583
0.025607
0.025632
0.025656
0.025680
0.025703
0.025728
0.025815
0.026055
0.026087
0.026115
0.026140
0.026165
0.026189
0.026213
0.026237
0.026261
0.026285
0.025281
0.025508
0.025528
0.025546
0.025563
0.025580
0.025596
0.025613
0.025628
0.025644
0.025659
0.024746
0.024980
0.025004
0.025021
0.025038
0.025054
0.025070
0.025085
0.025101
0.025116
0.025132
0.024648
0.024873
0.024891
0.024905
0.024919
0.024932
0.024945
0.024958
0.024972
0.024985
0.024998
0.024797
0.025030
0.025048
0.025062
0.025076
0.025090
0.025103
0.025120
0.025134
0.025146
0.025160
0.024497
0.024730
0.024748
0.024762
0.024776
0.024790
0.024803
0.024817
0.024831
0.024844
0.024857
0.054261
0.054491
0.054509
0.054523
0.054536
0.054549
0.054563
0.054576
0.054589
0.054602
0.054616
0.024891
0.025130
0.025148
0.025162
0.025176
0.025190
0.025203
0.025217
0.025231
0.025244
0.025258
0.025594
0.025822
0.025840
0.025854
0.025868
0.025881
0.025894
0.025907
0.025920
0.025933
0.025946
0.025582
0.025814
0.025831
0.025846
0.025859
0.025872
0.025886
0.025900
0.025917
0.025931
0.025944
0.024841
0.025075
0.025093
0.025107
0.025121
0.025135
0.025148
0.025161
0.025174
0.025187
0.025200
0.024965
0.025191
0.025208
0.025223
0.025237
0.025251
0.025265
0.025278
0.025291
0.025305
0.025318
0.025086
0.025318
0.025336
0.025350
0.025363
0.025377
0.025391
0.025403
0.025416
0.025429
0.025443
0.024568
0.024805
0.024822
0.024837
0.024851
0.024864
0.024878
0.024891
0.024904
0.024918
0.024931
0.025431
0.025668
0.025685
0.025699
0.025712
0.025725
0.025738
0.025752
0.025765
0.025778
0.025791
0.024838
0.025073
0.025091
0.025105
0.025119
0.025133
0.025146
0.025159
0.025172
0.025185
0.025198
0.054244
0.054471
0.054498
0.054512
0.054526
0.054539
0.054553
0.054566
0.054578
0.054591
0.054605
0.025225
0.025459
0.025481
0.025496
0.025509
0.025522
0.025536
0.025549
0.025562
0.025575
0.025588
0.025977
0.026196
0.026222
0.026236
0.026250
0.026263
0.026276
0.026290
0.026303
0.026315
0.026328
0.024441
0.024670
0.024688
0.024702
0.024715
0.024729
0.024742
0.024755
0.024768
0.024781
0.024794
0.024915
0.025151
0.025169
0.025184
0.025198
0.025211
0.025224
0.025238
0.025251
0.025264
0.025277
0.025146
0.025368
0.025394
0.025409
0.025422
0.025436
0.025449
0.025463
0.025476
0.025489
0.025502
0.025866
0.026095
0.026112
0.026126
0.026139
0.026153
0.026166
0.026179
0.026192
0.026205
0.026219
0.024378
0.024606
0.024624
0.024638
0.024652
0.024665
0.024679
0.024693
0.024706
0.024719
0.024732
0.024301
0.024531
0.024548
0.024562
0.024575
0.024588
0.024601
0.024614
0.024627
0.024641
0.024654
0.026125
0.026348
0.026376
0.026390
0.026404
0.026417
0.026431
0.026444
0.026458
0.026471
0.026484
0.056592
0.056820
0.056837
0.056852
0.056865
0.056879
0.056892
0.056905
0.056918
0.056931
0.056944
0.026508
0.026744
0.026762
0.026776
0.026789
0.026803
0.026816
0.026829
0.026843
0.026856
0.026869
0.025767
0.025998
0.026016
0.026031
0.026045
0.026059
0.026072
0.026086
0.026099
0.026113
0.026125
0.025162
0.025391
0.025409
0.025424
0.025437
0.025450
0.025464
0.025477
0.025490
0.025503
0.025516
0.025032
0.025260
0.025278
0.025293
0.025307
0.025320
0.025333
0.025347
0.025360
0.025387
0.025416
0.025234
0.025450
0.025477
0.025491
0.025505
0.025518
0.025532
0.025545
0.025558
0.025571
0.025584
0.025666
0.025900
0.025918
0.025932
0.025946
0.025960
0.025974
0.025987
0.026000
0.026013
0.026026
0.024352
0.024581
0.024599
0.024613
0.024626
0.024639
0.024653
0.024667
0.024679
0.024692
0.024705
0.025060
0.025286
0.025303
0.025317
0.025332
0.025345
0.025358
0.025371
0.025384
0.025397
0.025410
0.024452
0.024678
0.024694
0.024709
0.024722
0.024735
0.024748
0.024762
0.024774
0.024788
0.024801
0.053957
0.054181
0.054199
0.054213
0.054226
0.054240
0.054252
0.054266
0.054279
0.054292
0.054305
0.024913
0.025147
0.025165
0.025179
0.025193
0.025206
0.025219
0.025232
0.025245
0.025258
0.025271
0.025946
0.026164
0.026191
0.026206
0.026219
0.026232
0.026246
0.026259
0.026272
0.026285
0.026298
0.030397
0.030694
0.030724
0.030751
0.030787
0.030813
0.030840
0.030867
0.030894
0.030921
0.030947
0.024533
0.024763
0.024780
0.024795
0.024809
0.024823
0.024836
0.024849
0.024862
0.024875
0.024888
0.024696
0.024925
0.024943
0.024957
0.024971
0.024985
0.024998
0.025011
0.025024
0.025038
0.025050
0.024556
0.024786
0.024804
0.024819
0.024832
0.024846
0.024859
0.024872
0.024885
0.024899
0.024912
0.024699
0.024928
0.024945
0.024960
0.024973
0.024987
0.025000
0.025013
0.025027
0.025039
0.025053
0.024873
0.025090
0.025116
0.025130
0.025144
0.025157
0.025170
0.025183
0.025196
0.025208
0.025221
0.025195
0.025426
0.025443
0.025458
0.025471
0.025485
0.025498
0.025511
0.025524
0.025537
0.025551
0.054191
0.054423
0.054440
0.054455
0.054468
0.054481
0.054494
0.054508
0.054521
0.054534
0.054547
0.034127
0.034375
0.034405
0.034424
0.034443
0.034461
0.034478
0.034496
0.034513
0.034532
0.034549
0.029451
0.029670
0.029696
0.029710
0.029724
0.029737
0.029750
0.029763
0.029776
0.029789
0.029802
0.025216
0.025442
0.025460
0.025474
0.025488
0.025501
0.025514
0.025527
0.025541
0.025554
0.025567
0.025396
0.025624
0.025641
0.025655
0.025669
0.025682
0.025695
0.025708
0.025722
0.025735
0.025748
0.025624
0.025854
0.025872
0.025886
0.025900
0.025913
0.025927
0.025940
0.025953
0.025966
0.025980
0.025840
0.026060
0.026086
0.026100
0.026114
0.026127
0.026140
0.026153
0.026166
0.026179
0.026191
0.024705
0.024942
0.024959
0.024973
0.024987
0.025001
0.025015
0.025028
0.025041
0.025054
0.025067
0.024760
0.024992
0.025010
0.025024
0.025038
0.025051
0.025064
0.025078
0.025091
0.025104
0.025116
0.025044
0.025272
0.025290
0.025304
0.025318
0.025332
0.025345
0.025358
0.025372
0.025385
0.025398
0.054294
0.054510
0.054548
0.054584
0.054611
0.054639
0.054665
0.054683
0.054697
0.054710
0.054724
0.025099
0.025328
0.025346
0.025361
0.025375
0.025388
0.025401
0.025415
0.025428
0.025441
0.025454
0.025500
0.025724
0.025741
0.025755
0.025769
0.025782
0.025795
0.025808
0.025821
0.025834
0.025847
0.027353
0.027581
0.027599
0.027613
0.027627
0.027640
0.027654
0.027667
0.027680
0.027693
0.027706
0.024898
0.025118
0.025145
0.025159
0.025172
0.025186
0.025199
0.025212
0.025225
0.025238
0.025251
0.024905
0.025125
0.025151
0.025165
0.025179
0.025193
0.025206
0.025219
0.025232
0.025245
0.025258
0.025783
0.026009
0.026026
0.026041
0.026054
0.026068
0.026085
0.026099
0.026112
0.026125
0.026138
0.025013
0.025243
0.025261
0.025275
0.025289
0.025303
0.025316
0.025329
0.025342
0.025355
0.025368
0.025427
0.025654
0.025671
0.025686
0.025699
0.025713
0.025726
0.025740
0.025753
0.025766
0.025780
0.025573
0.025793
0.025820
0.025834
0.025848
0.025861
0.025874
0.025887
0.025900
0.025913
0.025925
0.055420
0.055651
0.055669
0.055683
0.055696
0.055710
0.055723
0.055736
0.055749
0.055762
0.055775
0.025231
0.025465
0.025483
0.025498
0.025511
0.025524
0.025538
0.025551
0.025564
0.025577
0.025590
0.025535
0.025752
0.025778
0.025792
0.025806
0.025819
0.025832
0.025845
0.025859
0.025872
0.025885
0.025557
0.025786
0.025805
0.025819
0.025833
0.025846
0.025859
0.025872
0.025885
0.025898
0.025912
0.024905
0.025130
0.025148
0.025162
0.025175
0.025189
0.025202
0.025214
0.025228
0.025240
0.025253
0.024816
0.025041
0.025059
0.025073
0.025087
0.025100
0.025113
0.025126
0.025138
0.025151
0.025164
0.025354
0.025573
0.025599
0.025613
0.025627
0.025640
0.025653
0.025667
0.025680
0.025692
0.025706
0.032996
0.033246
0.033278
0.033296
0.033315
0.033332
0.033350
0.033368
0.033385
0.033403
0.033420
0.030174
0.030394
0.030421
0.030434
0.030448
0.030469
0.030483
0.030496
0.030509
0.030522
0.030535
0.024720
0.024940
0.024966
0.024981
0.024994
0.025007
0.025021
0.025034
0.025047
0.025060
0.025073
0.055176
0.055405
0.055422
0.055436
0.055450
0.055464
0.055477
0.055491
0.055504
0.055517
0.055531
0.025160
0.025397
0.025415
0.025429
0.025442
0.025456
0.025469
0.025482
0.025496
0.025509
0.025522
0.025406
0.025625
0.025652
0.025667
0.025681
0.025693
0.025707
0.025720
0.025732
0.025745
0.025758
0.026311
0.026542
0.026559
0.026573
0.026587
0.026601
0.026614
0.026627
0.026640
0.026654
0.026666
0.024827
0.025056
0.025073
0.025088
0.025101
0.025114
0.025128
0.025141
0.025154
0.025167
0.025180
0.024779
0.024997
0.025023
0.025038
0.025052
0.025065
0.025079
0.025092
0.025105
0.025119
0.025131
0.024875
0.025103
0.025120
0.025135
0.025148
0.025162
0.025175
0.025188
0.025201
0.025213
0.025226
0.024827
0.025054
0.025072
0.025086
0.025100
0.025113
0.025126
0.025139
0.025152
0.025166
0.025179
0.024930
0.025160
0.025177
0.025191
0.025204
0.025217
0.025230
0.025243
0.025256
0.025269
0.025281
0.024971
0.025207
0.025226
0.025240
0.025254
0.025267
0.025280
0.025293
0.025306
0.025319
0.025332
0.054962
0.055194
0.055211
0.055225
0.055239
0.055252
0.055265
0.055278
0.055291
0.055304
0.055317
0.026671
0.026902
0.026920
0.026934
0.026948
0.026961
0.026974
0.026988
0.027001
0.027014
0.027028
0.025851
0.026078
0.026096
0.026110
0.026124
0.026137
0.026150
0.026163
0.026176
0.026189
0.026202
0.025429
0.025655
0.025672
0.025687
0.025700
0.025713
0.025727
0.025740
0.025753
0.025766
0.025779
0.024875
0.025094
0.025120
0.025135
0.025148
0.025162
0.025174
0.025188
0.025201
0.025214
0.025227
0.025281
0.025506
0.025523
0.025537
0.025551
0.025564
0.025577
0.025591
0.025604
0.025617
0.025630
0.025216
0.025437
0.025464
0.025478
0.025491
0.025504
0.025517
0.025531
0.025544
0.025557
0.025573
0.025051
0.025271
0.025290
0.025316
0.025333
0.025349
0.025365
0.025381
0.025397
0.025412
0.025428
0.030142
0.030376
0.030396
0.030414
0.030430
0.030446
0.030462
0.030477
0.030493
0.030508
0.030524
0.025068
0.025301
0.025322
0.025340
0.025357
0.025374
0.025391
0.025407
0.025422
0.025438
0.025454
0.055373
0.055595
0.055625
0.055642
0.055659
0.055674
0.055690
0.055705
0.055721
0.055736
0.055752
0.026040
0.026275
0.026292
0.026306
0.026320
0.026334
0.026347
0.026360
0.026373
0.026387
0.026400
0.025690
0.025914
0.025940
0.025954
0.025968
0.025983
0.025996
0.026009
0.026022
0.026035
0.026048
0.024203
0.024433
0.024451
0.024466
0.024480
0.024493
0.024506
0.024519
0.024532
0.024546
0.024558
0.025806
0.026044
0.026061
0.026075
0.026089
0.026102
0.026115
0.026128
0.026141
0.026154
0.026167
0.024967
0.025198
0.025216
0.025231
0.025244
0.025258
0.025271
0.025284
0.025297
0.025310
0.025323
0.025483
0.025702
0.025728
0.025742
0.025756
0.025769
0.025782
0.025795
0.025808
0.025821
0.025834
0.025577
0.025806
0.025823
0.025838
0.025851
0.025865
0.025878
0.025891
0.025904
0.025917
0.025930
0.024929
0.025157
0.025174
0.025188
0.025202
0.025215
0.025228
0.025241
0.025254
0.025267
0.025280
0.024757
0.024990
0.025007
0.025022
0.025035
0.025049
0.025062
0.025075
0.025088
0.025101
0.025114
0.054588
0.054815
0.054832
0.054846
0.054859
0.054873
0.054886
0.054899
0.054912
0.054925
0.054938
0.026533
0.026752
0.026778
0.026793
0.026807
0.026820
0.026834
0.026847
0.026860
0.026874
0.026887
0.024290
0.024525
0.024542
0.024557
0.024570
0.024584
0.024596
0.024610
0.024623
0.024636
0.024649
0.024338
0.024574
0.024599
0.024619
0.024647
0.024667
0.024686
0.024705
0.024724
0.024743
0.024762
0.024563
0.024821
0.024847
0.024861
0.024875
0.024888
0.024901
0.024915
0.024928
0.024941
0.024955
0.024746
0.024976
0.024994
0.025009
0.025025
0.025043
0.025059
0.025074
0.025090
0.025105
0.025121
0.025390
0.025625
0.025642
0.025657
0.025670
0.025684
0.025697
0.025711
0.025724
0.025737
0.025750
0.033458
0.033710
0.033731
0.033761
0.033779
0.033797
0.033815
0.033833
0.033850
0.033868
0.033885
0.028635
0.028864
0.028881
0.028895
0.028909
0.028924
0.028937
0.028950
0.028963
0.028976
0.028989
0.025275
0.025496
0.025523
0.025537
0.025551
0.025564
0.025577
0.025591
0.025604
0.025618
0.025630
0.054956
0.055175
0.055201
0.055215
0.055229
0.055243
0.055256
0.055269
0.055282
0.055295
0.055309
0.025634
0.025866
0.025883
0.025898
0.025911
0.025924
0.025938
0.025951
0.025964
0.025976
0.025990
0.025698
0.025923
0.025941
0.025955
0.025969
0.025982
0.025995
0.026008
0.026021
0.026034
0.026047
0.025135
0.025365
0.025383
0.025397
0.025410
0.025424
0.025437
0.025450
0.025462
0.025476
0.025489
0.025208
0.025436
0.025454
0.025468
0.025482
0.025495
0.025508
0.025522
0.025535
0.025548
0.025561
0.024841
0.025069
0.025086
0.025101
0.025114
0.025127
0.025140
0.025153
0.025166
0.025180
0.025192
0.031762
0.032026
0.032046
0.032065
0.032092
0.032110
0.032128
0.032146
0.032164
0.032181
0.032199
0.027228
0.027464
0.027486
0.027503
0.027520
0.027536
0.027552
0.027568
0.027583
0.027599
0.027614
0.024774
0.025001
0.025030
0.025047
0.025063
0.025079
0.025095
0.025111
0.025126
0.025141
0.025158
0.025405
0.025637
0.025655
0.025669
0.025682
0.025701
0.025715
0.025728
0.025740
0.025753
0.025766
0.055489
0.055718
0.055735
0.055750
0.055763
0.055777
0.055790
0.055802
0.055815
0.055828
0.055840
0.026021
0.026242
0.026269
0.026284
0.026297
0.026311
0.026324
0.026337
0.026350
0.026363
0.026376
0.025890
0.026166
0.026206
0.026233
0.026261
0.026291
0.026308
0.026321
0.026335
