1.585779
0.038533
0.038800
0.038819
0.038834
0.038849
0.038863
0.038878
0.038892
0.038907
0.038921
0.038935
0.037276
0.037549
0.037580
0.037599
0.037618
0.037637
0.037656
0.037674
0.037693
0.037711
0.037730
0.030477
0.030709
0.030727
0.030742
0.030757
0.030771
0.030784
0.030798
0.030812
0.030825
0.030840
0.034531
0.034791
0.034811
0.034837
0.034856
0.034875
0.034893
0.034911
0.034929
0.034947
0.034965
0.034076
0.034326
0.034345
0.034373
0.034391
0.034409
0.034427
0.034445
0.034463
0.034482
0.034501
0.030707
0.030933
0.030950
0.030966
0.030980
0.030993
0.031007
0.031021
0.031034
0.031048
0.031061
0.026026
0.026250
0.026267
0.026281
0.026294
0.026308
0.026324
0.026337
0.026350
0.026363
0.026376
0.025970
0.026196
0.026212
0.026226
0.026240
0.026253
0.026266
0.026279
0.026292
0.026305
0.026318
0.025882
0.026114
0.026131
0.026145
0.026159
0.026172
0.026185
0.026198
0.026212
0.026225
0.026238
0.049501
0.049724
0.049742
0.049755
0.049769
0.049782
0.049795
0.049812
0.049825
0.049838
0.049851
0.026355
0.026572
0.026599
0.026613
0.026627
0.026640
0.026654
0.026667
0.026685
0.026702
0.026717
0.026929
0.027161
0.027181
0.027198
0.027214
0.027232
0.027247
0.027263
0.027278
0.027294
0.027309
0.026726
0.026954
0.026975
0.026991
0.027007
0.027023
0.027038
0.027053
0.027069
0.027084
0.027099
0.026639
0.026874
0.026894
0.026910
0.026926
0.026945
0.026960
0.026977
0.026992
0.027008
0.027023
0.026533
0.026756
0.026773
0.026787
0.026800
0.026814
0.026828
0.026841
0.026854
0.026867
0.026880
0.026698
0.026922
0.026939
0.026953
0.026967
0.026980
0.026993
0.027006
0.027022
0.027034
0.027047
0.026850
0.027094
0.027112
0.027126
0.027140
0.027154
0.027167
0.027180
0.027193
0.027206
0.027219
0.027190
0.027419
0.027436
0.027450
0.027463
0.027477
0.027490
0.027502
0.027515
0.027528
0.027541
0.027576
0.027795
0.027814
0.027843
0.027860
0.027876
0.027892
0.027908
0.027924
0.027939
0.027955
0.051568
0.051792
0.051810
0.051826
0.051841
0.051857
0.051872
0.051886
0.051902
0.051918
0.051933
0.028035
0.028262
0.028282
0.028300
0.028316
0.028332
0.028348
0.028364
0.028379
0.028395
0.028411
0.028465
0.028693
0.028715
0.028732
0.028748
0.028764
0.028779
0.028795
0.028810
0.028826
0.028841
0.028208
0.028441
0.028461
0.028477
0.028495
0.028512
0.028527
0.028543
0.028558
0.028574
0.028590
0.028917
0.029136
0.029165
0.029181
0.029198
0.029214
0.029231
0.029247
0.029263
0.029279
0.029295
0.030699
0.030927
0.030947
0.030964
0.030981
0.031000
0.031015
0.031031
0.031046
0.031062
0.031078
0.029507
0.029725
0.029743
0.029771
0.029788
0.029804
0.029820
0.029835
0.029851
0.029866
0.029882
0.031590
0.031809
0.031837
0.031853
0.031869
0.031885
0.031899
0.031915
0.031929
0.031945
0.031959
0.031960
0.032186
0.032206
0.032222
0.032238
0.032255
0.032271
0.032287
0.032304
0.032320
0.032336
0.031376
0.031595
0.031621
0.031635
0.031649
0.031662
0.031676
0.031689
0.031702
0.031715
0.031729
0.056485
0.056713
0.056730
0.056744
0.056758
0.056771
0.056784
0.056798
0.056810
0.056823
0.056836
0.031606
0.031835
0.031852
0.031867
0.031880
0.031893
0.031907
0.031920
0.031933
0.031947
0.031960
0.028930
0.029163
0.029180
0.029194
0.029207
0.029220
0.029233
0.029247
0.029260
0.029273
0.029286
0.025065
0.025296
0.025317
0.025331
0.025345
0.025358
0.025371
0.025384
0.025397
0.025411
0.025423
0.025396
0.025624
0.025641
0.025656
0.025669
0.025683
0.025696
0.025709
0.025722
0.025735
0.025748
0.025277
0.025504
0.025521
0.025536
0.025563
0.025595
0.025619
0.025635
0.025650
0.025663
0.025677
0.025561
0.025783
0.025800
0.025815
0.025828
0.025842
0.025855
0.025868
0.025881
0.025894
0.025907
0.026439
0.026663
0.026681
0.026695
0.026709
0.026722
0.026736
0.026749
0.026763
0.026780
0.026793
0.026480
0.026692
0.026709
0.026722
0.026746
0.026759
0.026772
0.026786
0.026798
0.026812
0.026825
0.026963
0.027189
0.027207
0.027221
0.027235
0.027249
0.027262
0.027276
0.027289
0.027302
0.027315
0.051385
0.051615
0.051633
0.051647
0.051661
0.051675
0.051688
0.051701
0.051714
0.051727
0.051740
0.026603
0.026835
0.026852
0.026867
0.026881
0.026895
0.026909
0.026922
0.026935
0.026949
0.026962
0.025926
0.026151
0.026167
0.026182
0.026195
0.026208
0.026221
0.026234
0.026247
0.026260
0.026273
0.026495
0.026720
0.026738
0.026753
0.026767
0.026780
0.026793
0.026806
0.026819
0.026833
0.026845
0.026399
0.026630
0.026647
0.026661
0.026675
0.026688
0.026700
0.026714
0.026726
0.026740
0.026752
0.025847
0.026070
0.026088
0.026102
0.026116
0.026129
0.026142
0.026155
0.026168
0.026181
0.026194
0.025924
0.026153
0.026170
0.026185
0.026198
0.026211
0.026224
0.026237
0.026250
0.026263
0.026276
0.025258
0.025483
0.025500
0.025514
0.025528
0.025542
0.025555
0.025568
0.025582
0.025595
0.025608
0.025321
0.025548
0.025565
0.025579
0.025593
0.025606
0.025619
0.025633
0.025645
0.025663
0.025676
0.025416
0.025632
0.025659
0.025673
0.025687
0.025700
0.025713
0.025727
0.025740
0.025753
0.025766
0.050404
0.050628
0.050646
0.050660
0.050674
0.050687
0.050700
0.050714
0.050727
0.050740
0.050753
0.026500
0.026724
0.026742
0.026757
0.026770
0.026783
0.026797
0.026810
0.026823
0.026836
0.026850
0.026639
0.026861
0.026878
0.026893
0.026906
0.026920
0.026933
0.026946
0.026959
0.026973
0.026987
0.026414
0.026630
0.026657
0.026671
0.026685
0.026698
0.026711
0.026725
0.026738
0.026751
0.026764
0.026042
0.026253
0.026279
0.026294
0.026307
0.026321
0.026334
0.026347
0.026361
0.026374
0.026387
0.026536
0.026757
0.026784
0.026799
0.026816
0.026830
0.026843
0.026856
0.026870
0.026882
0.026895
0.025477
0.025698
0.025721
0.025736
0.025750
0.025764
0.025777
0.025790
0.025804
0.025818
0.025831
0.025778
0.026004
0.026021
0.026035
0.026048
0.026062
0.026075
0.026088
0.026102
0.026115
0.026128
0.025502
0.025730
0.025750
0.025766
0.025782
0.025799
0.025815
0.025832
0.025847
0.025863
0.025879
0.025505
0.025731
0.025751
0.025768
0.025785
0.025801
0.025817
0.025835
0.025851
0.025867
0.025882
0.051021
0.051259
0.051289
0.051317
0.051344
0.051370
0.051395
0.051419
0.051443
0.051467
0.051491
0.026925
0.027155
0.027184
0.027209
0.027234
0.027258
0.027282
0.027306
0.027329
0.027353
0.027376
0.026575
0.026798
0.026816
0.026831
0.026845
0.026859
0.026871
0.026885
0.026901
0.026914
0.026927
0.026298
0.026521
0.026549
0.026564
0.026578
0.026592
0.026605
0.026618
0.026631
0.026644
0.026658
0.025593
0.025819
0.025836
0.025852
0.025866
0.025879
0.025893
0.025906
0.025919
0.025933
0.025946
0.025378
0.025590
0.025616
0.025630
0.025644
0.025658
0.025671
0.025684
0.025697
0.025710
0.025723
0.026026
0.026250
0.026268
0.026283
0.026296
0.026309
0.026323
0.026335
0.026349
0.026361
0.026374
0.026137
0.026362
0.026380
0.026394
0.026407
0.026421
0.026434
0.026447
0.026460
0.026474
0.026488
0.026561
0.026786
0.026803
0.026817
0.026831
0.026844
0.026858
0.026872
0.026885
0.026898
0.026911
0.026723
0.026950
0.026967
0.026981
0.026995
0.027009
0.027022
0.027035
0.027049
0.027061
0.027074
0.051609
0.051832
0.051849
0.051863
0.051876
0.051890
0.051903
0.051916
0.051929
0.051942
0.051955
0.026625
0.026852
0.026869
0.026883
0.026896
0.026910
0.026923
0.026936
0.026949
0.026962
0.026975
0.027272
0.027500
0.027517
0.027532
0.027545
0.027558
0.027571
0.027585
0.027597
0.027610
0.027623
0.026748
0.026974
0.026991
0.027006
0.027019
0.027032
0.027046
0.027059
0.027072
0.027085
0.027098
0.026810
0.027057
0.027086
0.027101
0.027114
0.027128
0.027141
0.027154
0.027167
0.027180
0.027194
0.026719
0.026943
0.026961
0.026975
0.026989
0.027003
0.027016
0.027030
0.027043
0.027057
0.027070
0.026817
0.027045
0.027062
0.027076
0.027098
0.027112
0.027125
0.027139
0.027152
0.027165
0.027178
0.026488
0.026720
0.026738
0.026752
0.026766
0.026779
0.026792
0.026806
0.026819
0.026832
0.026845
0.025563
0.025788
0.025806
0.025820
0.025834
0.025847
0.025860
0.025873
0.025886
0.025899
0.025912
0.026102
0.026315
0.026341
0.026355
0.026369
0.026382
0.026395
0.026409
0.026423
0.026436
0.026450
0.057965
0.058205
0.058232
0.058247
0.058261
0.058276
0.058289
0.058302
0.058315
0.058328
0.058342
0.027252
0.027471
0.027497
0.027512
0.027526
0.027539
0.027553
0.027566
0.027580
0.027593
0.027606
0.026178
0.026399
0.026426
0.026440
0.026453
0.026467
0.026480
0.026493
0.026505
0.026519
0.026531
0.027051
0.027281
0.027300
0.027314
0.027328
0.027342
0.027355
0.027369
0.027382
0.027395
0.027408
0.026287
0.026510
0.026525
0.026539
0.026562
0.026575
0.026588
0.026601
0.026614
0.026627
0.026640
0.026344
0.026566
0.026584
0.026599
0.026613
0.026626
0.026639
0.026652
0.026666
0.026679
0.026692
0.026432
0.026651
0.026668
0.026691
0.026705
0.026718
0.026731
0.026744
0.026757
0.026770
0.026783
0.026568
0.026795
0.026814
0.026829
0.026842
0.026855
0.026869
0.026882
0.026903
0.026926
0.026952
0.025958
0.026183
0.026201
0.026215
0.026229
0.026242
0.026256
0.026269
0.026282
0.026294
0.026308
0.025745
0.025970
0.025987
0.026001
0.026015
0.026029
0.026042
0.026056
0.026069
0.026082
0.026095
0.051166
0.051390
0.051408
0.051422
0.051436
0.051449
0.051462
0.051475
0.051489
0.051501
0.051514
0.028119
0.028340
0.028368
0.028382
0.028396
0.028409
0.028423
0.028436
0.028450
0.028463
0.028476
0.027685
0.027905
0.027923
0.027937
0.027951
0.027965
0.027978
0.027991
0.028004
0.028017
0.028031
0.026942
0.027169
0.027186
0.027200
0.027214
0.027227
0.027240
0.027253
0.027266
0.027279
0.027292
0.026879
0.027115
0.027132
0.027146
0.027160
0.027173
0.027186
0.027199
0.027212
0.027225
0.027238
0.027085
0.027314
0.027331
0.027345
0.027359
0.027373
0.027386
0.027400
0.027413
0.027426
0.027440
0.026825
0.027052
0.027070
0.027084
0.027097
0.027111
0.027124
0.027138
0.027151
0.027164
0.027178
0.026202
0.026423
0.026449
0.026463
0.026490
0.026508
0.026523
0.026537
0.026550
0.026564
0.026577
0.025109
0.025337
0.025372
0.025401
0.025426
0.025451
0.025476
0.025501
0.025525
0.025549
0.025573
0.024829
0.025069
0.025100
0.025128
0.025156
0.025181
0.025206
0.025230
0.025254
0.025278
0.025302
0.050364
0.050606
0.050636
0.050664
0.050687
0.050714
0.050738
0.050763
0.050787
0.050811
0.050835
0.025069
0.025302
0.025337
0.025364
0.025390
0.025415
0.025439
0.025464
0.025487
0.025511
0.025535
0.027794
0.028019
0.028056
0.028077
0.028096
0.028116
0.028135
0.028157
0.028178
0.028203
0.028222
0.024534
0.024784
0.024803
0.024818
0.024832
0.024845
0.024858
0.024871
0.024884
0.024897
0.024911
0.024694
0.024918
0.024936
0.024950
0.024964
0.024978
0.024991
0.025004
0.025017
0.025030
0.025043
0.024421
0.024674
0.024707
0.024728
0.024748
0.024768
0.024787
0.024806
0.024826
0.024845
0.024865
0.024796
0.025069
0.025106
0.025130
0.025152
0.025173
0.025192
0.025212
0.025230
0.025249
0.025269
0.025606
0.025838
0.025856
0.025870
0.025884
0.025898
0.025911
0.025924
0.025937
0.025950
0.025963
0.025067
0.025282
0.025309
0.025324
0.025339
0.025352
0.025366
0.025379
0.025392
0.025405
0.025418
0.025660
0.025887
0.025905
0.025919
0.025933
0.025946
0.025959
0.025972
0.025985
0.025998
0.026011
0.053742
0.053977
0.053995
0.054009
0.054023
0.054036
0.054049
0.054062
0.054075
0.054089
0.054101
0.027187
0.027420
0.027437
0.027452
0.027466
0.027479
0.027493
0.027506
0.027519
0.027532
0.027545
0.026459
0.026677
0.026703
0.026718
0.026731
0.026745
0.026758
0.026771
0.026784
0.026797
0.026810
0.026458
0.026687
0.026704
0.026718
0.026731
0.026745
0.026757
0.026771
0.026783
0.026797
0.026810
0.026508
0.026737
0.026755
0.026769
0.026783
0.026796
0.026809
0.026822
0.026835
0.026848
0.026861
0.025968
0.026196
0.026214
0.026229
0.026242
0.026256
0.026269
0.026283
0.026296
0.026310
0.026323
0.025221
0.025442
0.025464
0.025478
0.025491
0.025505
0.025518
0.025531
0.025544
0.025558
0.025570
0.025454
0.025677
0.025695
0.025709
0.025723
0.025736
0.025749
0.025762
0.025776
0.025789
0.025802
0.025407
0.025622
0.025660
0.025676
0.025691
0.025704
0.025717
0.025731
0.025744
0.025757
0.025770
0.025378
0.025603
0.025620
0.025634
0.025647
0.025661
0.025674
0.025687
0.025701
0.025714
0.025726
0.050967
0.051197
0.051215
0.051229
0.051243
0.051256
0.051269
0.051282
0.051295
0.051307
0.051320
0.026384
0.026614
0.026632
0.026646
0.026660
0.026674
0.026687
0.026701
0.026714
0.026727
0.026741
0.025327
0.025567
0.025584
0.025599
0.025612
0.025625
0.025639
0.025652
0.025665
0.025678
0.025691
0.025775
0.025992
0.026018
0.026032
0.026046
0.026060
0.026074
0.026087
0.026100
0.026114
0.026127
0.025945
0.026174
0.026191
0.026206
0.026219
0.026233
0.026246
0.026259
0.026272
0.026285
0.026298
0.025737
0.025962
0.025980
0.025995
0.026009
0.026023
0.026036
0.026049
0.026062
0.026075
0.026088
0.025736
0.025960
0.025977
0.025992
0.026005
0.026018
0.026031
0.026044
0.026058
0.026071
0.026084
0.025411
0.025625
0.025651
0.025666
0.025680
0.025693
0.025706
0.025719
0.025732
0.025745
0.025758
0.025603
0.025832
0.025849
0.025864
0.025877
0.025891
0.025904
0.025917
0.025930
0.025943
0.025956
0.025792
0.026021
0.026040
0.026054
0.026068
0.026081
0.026095
0.026109
0.026122
0.026135
0.026148
0.050984
0.051206
0.051224
0.051238
0.051251
0.051265
0.051278
0.051291
0.051304
0.051317
0.051330
0.026033
0.026265
0.026286
0.026301
0.026314
0.026328
0.026341
0.026354
0.026367
0.026380
0.026393
0.025312
0.025541
0.025558
0.025573
0.025586
0.025599
0.025612
0.025625
0.025638
0.025651
0.025664
0.025400
0.025629
0.025646
0.025661
0.025674
0.025688
0.025701
0.025714
0.025727
0.025741
0.025753
0.025743
0.025967
0.025985
0.025999
0.026013
0.026026
0.026039
0.026052
0.026065
0.026078
0.026092
0.025688
0.025918
0.025936
0.025951
0.025964
0.025977
0.025990
0.026003
0.026016
0.026029
0.026042
0.025963
0.026184
0.026202
0.026217
0.026230
0.026243
0.026257
0.026270
0.026283
0.026297
0.026310
0.025975
0.026186
0.026213
0.026227
0.026241
0.026254
0.026267
0.026280
0.026294
0.026307
0.026320
0.025860
0.026091
0.026108
0.026122
0.026135
0.026149
0.026162
0.026175
0.026188
0.026201
0.026215
0.026878
0.027104
0.027122
0.027136
0.027150
0.027163
0.027176
0.027189
0.027202
0.027215
0.027228
0.051194
0.051421
0.051438
0.051453
0.051466
0.051480
0.051493
0.051507
0.051520
0.051533
0.051546
0.026018
0.026251
0.026268
0.026283
0.026297
0.026310
0.026324
0.026337
0.026350
0.026363
0.026376
0.025286
0.025507
0.025534
0.025548
0.025562
0.025575
0.025589
0.025603
0.025615
0.025629
0.025642
0.025261
0.025491
0.025509
0.025524
0.025538
0.025552
0.025565
0.025578
0.025592
0.025605
0.025618
0.025159
0.025385
0.025402
0.025416
0.025430
0.025444
0.025458
0.025471
0.025484
0.025497
0.025511
0.025345
0.025574
0.025592
0.025606
0.025620
0.025633
0.025646
0.025659
0.025673
0.025685
0.025698
0.026509
0.026731
0.026749
0.026763
0.026778
0.026791
0.026804
0.026817
0.026830
0.026844
0.026856
0.027368
0.027601
0.027619
0.027633
0.027647
0.027660
0.027674
0.027687
0.027700
0.027713
0.027726
0.027221
0.027450
0.027467
0.027482
0.027496
0.027509
0.027523
0.027536
0.027550
0.027562
0.027575
0.026828
0.027056
0.027073
0.027088
0.027102
0.027115
0.027128
0.027142
0.027155
0.027168
0.027181
0.052066
0.052284
0.052311
0.052326
0.052340
0.052353
0.052367
0.052380
0.052393
0.052406
0.052419
0.027706
0.027935
0.027952
0.027966
0.027989
0.028003
0.028016
0.028029
0.028043
0.028056
0.028069
0.026969
0.027217
0.027246
0.027271
0.027285
0.027298
0.027312
0.027325
0.027338
0.027350
0.027364
0.027487
0.027717
0.027735
0.027749
0.027762
0.027776
0.027789
0.027802
0.027815
0.027829
0.027842
0.026669
0.026895
0.026912
0.026926
0.026940
0.026953
0.026966
0.026980
0.026993
0.027006
0.027019
0.026458
0.026688
0.026706
0.026720
0.026734
0.026747
0.026760
0.026774
0.026786
0.026800
0.026813
0.026701
0.026927
0.026945
0.026959
0.026973
0.026986
0.026999
0.027012
0.027025
0.027038
0.027051
0.026807
0.027034
0.027051
0.027065
0.027079
0.027092
0.027105
0.027119
0.027132
0.027146
0.027159
0.026736
0.026967
0.026986
0.027002
0.027019
0.027034
0.027050
0.027066
0.027081
0.027096
0.027112
0.027068
0.027299
0.027319
0.027335
0.027352
0.027368
0.027384
0.027399
0.027416
0.027433
0.027449
0.051609
0.051837
0.051857
0.051874
0.051890
0.051906
0.051921
0.051937
0.051952
0.051967
0.051983
0.027016
0.027236
0.027262
0.027277
0.027291
0.027304
0.027318
0.027331
0.027344
0.027358
0.027370
0.026727
0.026952
0.026970
0.026984
0.026998
0.027012
0.027025
0.027038
0.027051
0.027064
0.027076
0.027006
0.027230
0.027248
0.027263
0.027277
0.027290
0.027303
0.027317
0.027330
0.027344
0.027357
0.027134
0.027355
0.027382
0.027396
0.027410
0.027423
0.027436
0.027449
0.027462
0.027475
0.027488
0.026389
0.026607
0.026634
0.026648
0.026662
0.026675
0.026689
0.026703
0.026716
0.026729
0.026742
0.026850
0.027083
0.027101
0.027115
0.027129
0.027142
0.027155
0.027169
0.027181
0.027195
0.027208
0.026798
0.027035
0.027051
0.027066
0.027079
0.027093
0.027106
0.027120
0.027133
0.027145
0.027158
0.026611
0.026835
0.026864
0.026899
0.026924
0.026950
0.026973
0.026997
0.027021
0.027045
0.027069
0.030384
0.030627
0.030657
0.030685
0.030708
0.030734
0.030757
0.030782
0.030806
0.030830
0.030854
0.052055
0.052282
0.052302
0.052320
0.052336
0.052356
0.052372
0.052387
0.052402
0.052418
0.052433
0.025033
0.025260
0.025280
0.025297
0.025313
0.025328
0.025343
0.025358
0.025373
0.025388
0.025404
0.025923
0.026140
0.026169
0.026192
0.026208
0.026223
0.026238
0.026253
0.026268
0.026283
0.026298
0.026155
0.026390
0.026423
0.026447
0.026474
0.026497
0.026522
0.026546
0.026569
0.026593
0.026617
0.027804
0.028042
0.028075
0.028100
0.028125
0.028149
0.028174
0.028197
0.028221
0.028245
0.028269
0.026146
0.026387
0.026420
0.026445
0.026471
0.026495
0.026520
0.026543
0.026567
0.026591
0.026614
0.025322
0.025547
0.025577
0.025613
0.025639
0.025663
0.025687
0.025711
0.025734
0.025758
0.025783
0.025378
0.025609
0.025648
0.025675
0.025701
0.025724
0.025749
0.025774
0.025798
0.025821
0.025845
0.025992
0.026224
0.026249
0.026271
0.026295
0.026320
0.026345
0.026369
0.026392
0.026417
0.026442
0.025692
0.025916
0.025955
0.025980
0.026006
0.026030
0.026054
0.026078
0.026102
0.026126
0.026150
0.049707
0.049944
0.049976
0.050004
0.050029
0.050054
0.050078
0.050102
0.050127
0.050152
0.050175
0.025197
0.025417
0.025444
0.025478
0.025503
0.025527
0.025552
0.025576
0.025601
0.025625
0.025649
0.025166
0.025401
0.025429
0.025454
0.025479
0.025503
0.025527
0.025552
0.025576
0.025600
0.025623
0.025468
0.025705
0.025738
0.025763
0.025789
0.025814
0.025838
0.025862
0.025887
0.025911
0.025934
0.025783
0.025999
0.026034
0.026061
0.026084
0.026109
0.026132
0.026157
0.026181
0.026205
0.026228
0.025914
0.026155
0.026188
0.026215
0.026242
0.026266
0.026291
0.026315
0.026340
0.026364
0.026388
0.025474
0.025699
0.025728
0.025764
0.025790
0.025815
0.025839
0.025863
0.025887
0.025911
0.025935
0.024917
0.025153
0.025184
0.025213
0.025239
0.025265
0.025289
0.025314
0.025337
0.025362
0.025385
0.024812
0.025047
0.025076
0.025104
0.025130
0.025160
0.025185
0.025209
0.025233
0.025257
0.025281
0.025828
0.026044
0.026072
0.026086
0.026099
0.026113
0.026126
0.026139
0.026152
0.026165
0.026178
0.049850
0.050071
0.050088
0.050103
0.050117
0.050130
0.050143
0.050157
0.050170
0.050183
0.050196
0.024920
0.025145
0.025162
0.025177
0.025191
0.025204
0.025218
0.025231
0.025244
0.025257
0.025270
0.024869
0.025090
0.025119
0.025136
0.025152
0.025167
0.025183
0.025199
0.025214
0.025230
0.025245
0.025297
0.025515
0.025545
0.025562
0.025579
0.025595
0.025611
0.025627
0.025643
0.025660
0.025675
0.025360
0.025588
0.025609
0.025626
0.025641
0.025658
0.025675
0.025691
0.025707
0.025722
0.025737
0.026086
0.026308
0.026338
0.026355
0.026371
0.026392
0.026407
0.026423
0.026437
0.026452
0.026467
0.025379
0.025606
0.025623
0.025637
0.025651
0.025665
0.025678
0.025691
0.025704
0.025717
0.025730
0.024578
0.024810
0.024849
0.024867
0.024883
0.024896
0.024909
0.024923
0.024936
0.024949
0.024963
0.024617
0.024833
0.024858
0.024873
0.024887
0.024900
0.024913
0.024926
0.024939
0.024952
0.024965
0.024879
0.025101
0.025119
0.025133
0.025147
0.025161
0.025174
0.025188
0.025201
0.025214
0.025228
0.050530
0.050756
0.050774
0.050788
0.050802
0.050816
0.050828
0.050841
0.050854
0.050867
0.050880
0.025788
0.026012
0.026030
0.026044
0.026058
0.026071
0.026085
0.026098
0.026111
0.026124
0.026138
0.026486
0.026722
0.026740
0.026754
0.026767
0.026781
0.026794
0.026807
0.026824
0.026838
0.026851
0.026514
0.026739
0.026757
0.026772
0.026786
0.026799
0.026812
0.026825
0.026839
0.026851
0.026865
0.025920
0.026146
0.026164
0.026178
0.026191
0.026205
0.026218
0.026231
0.026244
0.026257
0.026270
0.025266
0.025490
0.025507
0.025521
0.025535
0.025548
0.025562
0.025575
0.025588
0.025601
0.025614
0.024975
0.025201
0.025218
0.025232
0.025246
0.025259
0.025272
0.025286
0.025299
0.025312
0.025325
0.024736
0.024972
0.024990
0.025004
0.025018
0.025032
0.025046
0.025059
0.025072
0.025085
0.025098
0.024391
0.024616
0.024633
0.024647
0.024660
0.024674
0.024687
0.024700
0.024713
0.024726
0.024739
0.024620
0.024833
0.024860
0.024874
0.024888
0.024902
0.024915
0.024928
0.024941
0.024954
0.024967
0.050378
0.050596
0.050622
0.050637
0.050649
0.050663
0.050676
0.050689
0.050702
0.050715
0.050728
0.025184
0.025412
0.025429
0.025444
0.025458
0.025471
0.025485
0.025498
0.025511
0.025524
0.025537
0.025258
0.025482
0.025500
0.025514
0.025528
0.025544
0.025557
0.025570
0.025583
0.025596
0.025609
0.024551
0.024776
0.024794
0.024809
0.024823
0.024837
0.024850
0.024863
0.024876
0.024889
0.024902
0.024624
0.024834
0.024860
0.024874
0.024888
0.024901
0.024915
0.024929
0.024942
0.024956
0.024969
0.025553
0.025772
0.025798
0.025813
0.025826
0.025840
0.025853
0.025866
0.025879
0.025892
0.025905
0.025393
0.025609
0.025635
0.025650
0.025663
0.025677
0.025690
0.025703
0.025716
0.025729
0.025742
0.025780
0.026007
0.026025
0.026040
0.026053
0.026067
0.026080
0.026093
0.026106
0.026119
0.026132
0.025468
0.025693
0.025711
0.025725
0.025738
0.025752
0.025765
0.025778
0.025792
0.025805
0.025818
0.024697
0.024919
0.024937
0.024951
0.024965
0.024978
0.024991
0.025004
0.025017
0.025030
0.025043
0.050055
0.050271
0.050297
0.050312
0.050325
0.050339
0.050352
0.050365
0.050378
0.050391
0.050405
0.024677
0.024905
0.024923
0.024937
0.024950
0.024964
0.024977
0.024989
0.025002
0.025015
0.025028
0.027783
0.027998
0.028025
0.028039
0.028052
0.028065
0.028078
0.028091
0.028105
0.028118
0.028131
0.025742
0.025974
0.025994
0.026011
0.026027
0.026043
0.026058
0.026074
0.026089
0.026105
0.026120
0.026213
0.026442
0.026462
0.026480
0.026497
0.026513
0.026529
0.026544
0.026561
0.026575
0.026591
0.026597
0.026820
0.026850
0.026867
0.026883
0.026899
0.026915
0.026930
0.026946
0.026961
0.026976
0.026047
0.026265
0.026294
0.026312
0.026328
0.026344
0.026359
0.026376
0.026393
0.026408
0.026424
0.025087
0.025303
0.025330
0.025344
0.025358
0.025371
0.025384
0.025397
0.025410
0.025424
0.025437
0.025214
0.025437
0.025454
0.025469
0.025482
0.025495
0.025509
0.025522
0.025535
0.025548
0.025561
0.024686
0.024902
0.024918
0.024932
0.024955
0.024968
0.024982
0.024995
0.025008
0.025022
0.025034
0.050388
0.050618
0.050636
0.050650
0.050664
0.050678
0.050691
0.050704
0.050717
0.050730
0.050744
0.024688
0.024902
0.024929
0.024947
0.024961
0.024975
0.024988
0.025001
0.025014
0.025027
0.025040
0.024994
0.025222
0.025240
0.025254
0.025268
0.025281
0.025295
0.025308
0.025321
0.025334
0.025347
0.025623
0.025850
0.025867
0.025882
0.025895
0.025908
0.025922
0.025935
0.025948
0.025961
0.025974
0.025737
0.025947
0.025965
0.025978
0.026002
0.026016
0.026029
0.026042
0.026056
0.026068
0.026082
0.025887
0.026113
0.026130
0.026145
0.026158
0.026171
0.026184
0.026198
0.026211
0.026223
0.026236
0.025712
0.025942
0.025960
0.025974
0.025988
0.026001
0.026014
0.026027
0.026040
0.026053
0.026067
0.025369
0.025595
0.025613
0.025627
0.025641
0.025654
0.025668
0.025681
0.025694
0.025707
0.025720
0.025064
0.025289
0.025306
0.025320
0.025333
0.025347
0.025360
0.025373
0.025387
0.025399
0.025412
0.026140
0.026365
0.026383
0.026397
0.026411
0.026430
0.026443
0.026457
0.026470
0.026483
0.026497
0.051142
0.051367
0.051384
0.051398
0.051412
0.051425
0.051438
0.051451
0.051464
0.051477
0.051490
0.025153
0.025382
0.025400
0.025414
0.025428
0.025441
0.025455
0.025468
0.025481
0.025495
0.025508
0.025301
0.025527
0.025544
0.025558
0.025572
0.025585
0.025599
0.025612
0.025625
0.025638
0.025651
0.025694
0.025921
0.025938
0.025953
0.025966
0.025980
0.025992
0.026006
0.026019
0.026033
0.026046
0.026125
0.026337
0.026364
0.026378
0.026391
0.026405
0.026418
0.026431
0.026444
0.026457
0.026470
0.025595
0.025824
0.025840
0.025855
0.025868
0.025881
0.025895
0.025908
0.025921
0.025934
0.025947
0.025478
0.025705
0.025723
0.025737
0.025751
0.025764
0.025776
0.025789
0.025802
0.025815
0.025828
0.025202
0.025429
0.025446
0.025460
0.025474
0.025488
0.025502
0.025515
0.025529
0.025542
0.025555
0.025619
0.025844
0.025861
0.025876
0.025889
0.025902
0.025915
0.025928
0.025941
0.025954
0.025966
0.025282
0.025505
0.025523
0.025537
0.025551
0.025564
0.025578
0.025591
0.025604
0.025617
0.025630
0.054505
0.054730
0.054748
0.054762
0.054776
0.054789
0.054803
0.054816
0.054829
0.054842
0.054854
0.025194
0.025409
0.025435
0.025450
0.025464
0.025477
0.025491
0.025504
0.025517
0.025530
0.025544
0.024919
0.025150
0.025168
0.025182
0.025196
0.025209
0.025222
0.025235
0.025248
0.025261
0.025274
0.024745
0.024960
0.024987
0.025002
0.025016
0.025029
0.025043
0.025056
0.025069
0.025082
0.025095
0.024555
0.024779
0.024796
0.024811
0.024825
0.024839
0.024852
0.024865
0.024879
0.024892
0.024905
0.024647
0.024874
0.024892
0.024907
0.024921
0.024935
0.024949
0.024962
0.024975
0.024988
0.025002
0.024808
0.025028
0.025054
0.025069
0.025082
0.025096
0.025109
0.025122
0.025135
0.025148
0.025161
0.024917
0.025134
0.025161
0.025176
0.025190
0.025203
0.025216
0.025229
0.025242
0.025255
0.025268
0.025205
0.025431
0.025448
0.025471
0.025485
0.025498
0.025511
0.025524
0.025537
0.025549
0.025562
0.025239
0.025462
0.025491
0.025524
0.025542
0.025562
0.025576
0.025589
0.025602
0.025616
0.025629
0.049947
0.050169
0.050187
0.050202
0.050215
0.050228
0.050241
0.050255
0.050267
0.050280
0.050293
0.024774
0.024991
0.025017
0.025031
0.025045
0.025059
0.025072
0.025085
0.025098
0.025111
0.025124
0.024845
0.025059
0.025085
0.025099
0.025113
0.025126
0.025139
0.025152
0.025165
0.025179
0.025192
0.025426
0.025652
0.025670
0.025684
0.025698
0.025711
0.025725
0.025738
0.025751
0.025764
0.025777
0.025475
0.025703
0.025720
0.025735
0.025748
0.025762
0.025775
0.025788
0.025801
0.025815
0.025828
0.026113
0.026328
0.026354
0.026368
0.026382
0.026395
0.026409
0.026422
0.026435
0.026448
0.026461
0.025972
0.026187
0.026213
0.026227
0.026241
0.026254
0.026268
0.026281
0.026294
0.026308
0.026321
0.025100
0.025326
0.025343
0.025357
0.025370
0.025383
0.025396
0.025409
0.025423
0.025435
0.025448
0.025255
0.025475
0.025492
0.025506
0.025521
0.025534
0.025548
0.025561
0.025574
0.025587
0.025600
0.025064
0.025286
0.025303
0.025318
0.025331
0.025345
0.025358
0.025371
0.025384
0.025398
0.025414
0.050285
0.050509
0.050526
0.050540
0.050554
0.050567
0.050580
0.050593
0.050606
0.050619
0.050632
0.025053
0.025279
0.025296
0.025311
0.025325
0.025338
0.025352
0.025365
0.025378
0.025391
0.025404
0.024389
0.024614
0.024631
0.024646
0.024662
0.024678
0.024694
0.024710
0.024726
0.024741
0.024757
0.025572
0.025801
0.025821
0.025838
0.025854
0.025870
0.025885
0.025901
0.025917
0.025932
0.025947
0.027093
0.027313
0.027342
0.027360
0.027376
0.027392
0.027407
0.027423
0.027438
0.027454
0.027469
0.026735
0.026964
0.026985
0.027002
0.027018
0.027034
0.027049
0.027065
0.027080
0.027096
0.027111
0.025877
0.026107
0.026127
0.026145
0.026161
0.026177
0.026193
0.026208
0.026224
0.026239
0.026255
0.025120
0.025351
0.025371
0.025388
0.025405
0.025421
0.025436
0.025451
0.025468
0.025484
0.025499
0.025055
0.025280
0.025297
0.025311
0.025325
0.025338
0.025351
0.025364
0.025377
0.025391
0.025403
0.026403
0.026635
0.026653
0.026667
0.026681
0.026695
0.026708
0.026721
0.026734
0.026747
0.026760
0.050867
0.051090
0.051108
0.051122
0.051136
0.051149
0.051162
0.051175
0.051188
0.051201
0.051214
0.024446
0.024671
0.024688
0.024702
0.024716
0.024729
0.024742
0.024756
0.024769
0.024782
0.024796
0.024945
0.025171
0.025189
0.025203
0.025217
0.025230
0.025244
0.025257
0.025270
0.025284
0.025297
0.027062
0.027289
0.027307
0.027321
0.027335
0.027348
0.027361
0.027375
0.027388
0.027402
0.027415
0.026705
0.026932
0.026950
0.026964
0.026978
0.026991
0.027004
0.027018
0.027031
0.027043
0.027057
0.025634
0.025860
0.025876
0.025891
0.025905
0.025918
0.025931
0.025944
0.025958
0.025971
0.025985
0.025170
0.025384
0.025411
0.025426
0.025440
0.025453
0.025466
0.025479
0.025492
0.025505
0.025518
0.024847
0.025078
0.025095
0.025109
0.025123
0.025136
0.025150
0.025164
0.025177
0.025190
0.025203
0.024909
0.025139
0.025156
0.025170
0.025184
0.025197
0.025210
0.025223
0.025236
0.025249
0.025263
0.025736
0.025964
0.025981
0.025995
0.026009
0.026023
0.026036
0.026049
0.026062
0.026076
0.026089
0.050225
0.050450
0.050468
0.050482
0.050496
0.050509
0.050522
0.050535
0.050548
0.050561
0.050574
0.024750
0.024976
0.024993
0.025008
0.025022
0.025036
0.025049
0.025063
0.025075
0.025089
0.025102
0.025171
0.025385
0.025402
0.025426
0.025439
0.025453
0.025466
