1.771984
0.031080
0.031327
0.031351
0.031366
0.031381
0.031395
0.031409
0.031423
0.031437
0.031450
0.031464
0.032336
0.032593
0.032611
0.032640
0.032658
0.032677
0.032695
0.032713
0.032731
0.032749
0.032767
0.026960
0.027188
0.027205
0.027220
0.027235
0.027248
0.027262
0.027275
0.027288
0.027302
0.027315
0.024928
0.025144
0.025170
0.025185
0.025198
0.025212
0.025225
0.025239
0.025252
0.025265
0.025278
0.025628
0.025858
0.025876
0.025890
0.025904
0.025917
0.025930
0.025944
0.025957
0.025970
0.025983
0.024790
0.025019
0.025036
0.025052
0.025081
0.025110
0.025128
0.025142
0.025156
0.025170
0.025183
0.024554
0.024775
0.024792
0.024806
0.024820
0.024833
0.024849
0.024862
0.024876
0.024889
0.024903
0.025112
0.025327
0.025353
0.025367
0.025381
0.025394
0.025407
0.025420
0.025433
0.025447
0.025460
0.024406
0.024630
0.024647
0.024661
0.024674
0.024688
0.024701
0.024714
0.024728
0.024741
0.024754
0.048338
0.048549
0.048580
0.048594
0.048608
0.048621
0.048634
0.048650
0.048663
0.048675
0.048688
0.024109
0.024326
0.024353
0.024368
0.024382
0.024396
0.024409
0.024422
0.024436
0.024449
0.024462
0.024118
0.024333
0.024360
0.024374
0.024387
0.024403
0.024416
0.024429
0.024441
0.024454
0.024467
0.024035
0.024266
0.024285
0.024299
0.024313
0.024326
0.024339
0.024353
0.024366
0.024379
0.024392
0.023816
0.024040
0.024058
0.024072
0.024085
0.024101
0.024114
0.024127
0.024140
0.024153
0.024167
0.024145
0.024361
0.024388
0.024402
0.024415
0.024428
0.024442
0.024455
0.024468
0.024481
0.024494
0.024075
0.024301
0.024318
0.024333
0.024346
0.024359
0.024373
0.024386
0.024402
0.024415
0.024428
0.024569
0.024790
0.024807
0.024821
0.024835
0.024848
0.024861
0.024874
0.024887
0.024900
0.024913
0.026716
0.026933
0.026959
0.026973
0.026987
0.027000
0.027014
0.027028
0.027040
0.027053
0.027066
0.024785
0.025018
0.025049
0.025080
0.025106
0.025130
0.025154
0.025179
0.025203
0.025227
0.025251
0.048798
0.049035
0.049067
0.049094
0.049120
0.049146
0.049170
0.049194
0.049218
0.049242
0.049265
0.024384
0.024612
0.024641
0.024665
0.024690
0.024714
0.024738
0.024761
0.024786
0.024809
0.024833
0.024299
0.024519
0.024559
0.024583
0.024608
0.024632
0.024656
0.024680
0.024704
0.024728
0.024750
0.023712
0.023939
0.023966
0.023992
0.024016
0.024041
0.024064
0.024089
0.024112
0.024137
0.024161
0.023950
0.024182
0.024211
0.024235
0.024261
0.024286
0.024310
0.024335
0.024359
0.024383
0.024406
0.024093
0.024325
0.024354
0.024379
0.024404
0.024431
0.024456
0.024480
0.024504
0.024528
0.024552
0.024095
0.024321
0.024358
0.024383
0.024408
0.024433
0.024457
0.024481
0.024505
0.024528
0.024552
0.024933
0.025152
0.025190
0.025214
0.025239
0.025264
0.025288
0.025312
0.025336
0.025360
0.025384
0.024075
0.024301
0.024329
0.024354
0.024379
0.024402
0.024426
0.024450
0.024474
0.024498
0.024522
0.025031
0.025261
0.025279
0.025293
0.025307
0.025320
0.025333
0.025347
0.025360
0.025373
0.025386
0.049939
0.050161
0.050178
0.050193
0.050206
0.050220
0.050237
0.050251
0.050263
0.050276
0.050289
0.024904
0.025132
0.025150
0.025165
0.025179
0.025192
0.025206
0.025219
0.025232
0.025245
0.025259
0.024707
0.024924
0.024940
0.024965
0.024978
0.024991
0.025004
0.025017
0.025031
0.025043
0.025056
0.025271
0.025485
0.025516
0.025531
0.025545
0.025561
0.025578
0.025594
0.025610
0.025626
0.025643
0.033312
0.033572
0.033593
0.033612
0.033630
0.033648
0.033666
0.033683
0.033700
0.033718
0.033735
0.025922
0.026149
0.026166
0.026181
0.026195
0.026208
0.026222
0.026236
0.026249
0.026263
0.026276
0.023677
0.023891
0.023917
0.023931
0.023944
0.023957
0.023970
0.023983
0.023996
0.024009
0.024022
0.025788
0.026026
0.026055
0.026073
0.026091
0.026108
0.026126
0.026144
0.026161
0.026182
0.026199
0.023904
0.024128
0.024146
0.024160
0.024177
0.024194
0.024210
0.024227
0.024242
0.024258
0.024273
0.024275
0.024504
0.024525
0.024542
0.024560
0.024577
0.024593
0.024610
0.024626
0.024642
0.024658
0.049303
0.049525
0.049555
0.049572
0.049589
0.049605
0.049620
0.049636
0.049652
0.049667
0.049682
0.023847
0.024084
0.024105
0.024123
0.024139
0.024156
0.024171
0.024187
0.024203
0.024218
0.024234
0.023683
0.023916
0.023938
0.023956
0.023974
0.023990
0.024006
0.024022
0.024038
0.024053
0.024070
0.024136
0.024367
0.024389
0.024406
0.024424
0.024441
0.024457
0.024473
0.024490
0.024506
0.024522
0.024576
0.024801
0.024817
0.024832
0.024845
0.024859
0.024872
0.024885
0.024898
0.024911
0.024924
0.024780
0.024998
0.025025
0.025040
0.025054
0.025067
0.025080
0.025093
0.025106
0.025119
0.025132
0.024430
0.024649
0.024676
0.024690
0.024704
0.024717
0.024730
0.024743
0.024756
0.024769
0.024782
0.024268
0.024493
0.024510
0.024524
0.024537
0.024551
0.024564
0.024577
0.024590
0.024603
0.024616
0.023602
0.023830
0.023848
0.023862
0.023875
0.023889
0.023902
0.023915
0.023927
0.023943
0.023956
0.023313
0.023540
0.023557
0.023571
0.023585
0.023598
0.023612
0.023625
0.023638
0.023651
0.023664
0.048519
0.048743
0.048764
0.048781
0.048797
0.048813
0.048829
0.048845
0.048861
0.048876
0.048892
0.023715
0.023933
0.023963
0.023980
0.023997
0.024014
0.024030
0.024046
0.024062
0.024078
0.024093
0.026373
0.026612
0.026633
0.026650
0.026667
0.026684
0.026700
0.026715
0.026731
0.026746
0.026763
0.026188
0.026412
0.026433
0.026450
0.026466
0.026482
0.026498
0.026514
0.026529
0.026544
0.026559
0.025044
0.025272
0.025292
0.025309
0.025326
0.025341
0.025357
0.025373
0.025389
0.025404
0.025420
0.024921
0.025151
0.025171
0.025188
0.025209
0.025225
0.025240
0.025256
0.025272
0.025287
0.025303
0.024852
0.025078
0.025098
0.025116
0.025133
0.025150
0.025171
0.025187
0.025203
0.025218
0.025234
0.025044
0.025272
0.025292
0.025309
0.025325
0.025340
0.025356
0.025373
0.025388
0.025403
0.025419
0.024694
0.024925
0.024945
0.024962
0.024979
0.024995
0.025011
0.025027
0.025042
0.025058
0.025073
0.024822
0.025040
0.025059
0.025084
0.025101
0.025117
0.025134
0.025149
0.025164
0.025180
0.025195
0.050718
0.050951
0.050972
0.050989
0.051005
0.051021
0.051037
0.051053
0.051069
0.051084
0.051099
0.025203
0.025431
0.025448
0.025462
0.025476
0.025489
0.025502
0.025515
0.025528
0.025541
0.025553
0.025051
0.025263
0.025289
0.025303
0.025317
0.025331
0.025349
0.025364
0.025381
0.025394
0.025407
0.025886
0.026112
0.026130
0.026144
0.026158
0.026172
0.026185
0.026198
0.026212
0.026225
0.026238
0.025000
0.025224
0.025241
0.025256
0.025270
0.025283
0.025296
0.025309
0.025322
0.025335
0.025348
0.025442
0.025668
0.025685
0.025699
0.025713
0.025727
0.025740
0.025753
0.025766
0.025779
0.025792
0.023743
0.023968
0.023985
0.024000
0.024013
0.024027
0.024040
0.024053
0.024066
0.024079
0.024092
0.024261
0.024475
0.024501
0.024515
0.024529
0.024542
0.024555
0.024569
0.024582
0.024595
0.024608
0.024470
0.024682
0.024709
0.024723
0.024736
0.024749
0.024762
0.024776
0.024789
0.024802
0.024815
0.024931
0.025158
0.025176
0.025190
0.025204
0.025218
0.025231
0.025244
0.025257
0.025270
0.025283
0.050389
0.050613
0.050631
0.050645
0.050658
0.050671
0.050684
0.050697
0.050710
0.050723
0.050736
0.025760
0.025986
0.026003
0.026018
0.026031
0.026045
0.026058
0.026072
0.026085
0.026098
0.026111
0.024802
0.025016
0.025042
0.025056
0.025070
0.025083
0.025096
0.025109
0.025122
0.025135
0.025148
0.024605
0.024829
0.024847
0.024862
0.024875
0.024889
0.024902
0.024915
0.024928
0.024941
0.024954
0.024534
0.024762
0.024779
0.024793
0.024807
0.024821
0.024833
0.024847
0.024860
0.024873
0.024885
0.024260
0.024485
0.024503
0.024517
0.024531
0.024544
0.024558
0.024571
0.024584
0.024598
0.024611
0.025317
0.025546
0.025567
0.025584
0.025601
0.025618
0.025635
0.025650
0.025665
0.025681
0.025696
0.025734
0.025963
0.025984
0.026001
0.026018
0.026034
0.026050
0.026065
0.026081
0.026097
0.026113
0.025272
0.025521
0.025542
0.025558
0.025573
0.025590
0.025605
0.025621
0.025637
0.025652
0.025667
0.024868
0.025099
0.025120
0.025136
0.025153
0.025169
0.025186
0.025202
0.025217
0.025233
0.025248
0.050156
0.050372
0.050400
0.050414
0.050428
0.050444
0.050457
0.050471
0.050484
0.050497
0.050510
0.024473
0.024715
0.024734
0.024748
0.024762
0.024776
0.024790
0.024803
0.024816
0.024829
0.024842
0.026425
0.026670
0.026700
0.026728
0.026755
0.026772
0.026786
0.026800
0.026813
0.026827
0.026841
0.025767
0.025991
0.026009
0.026023
0.026037
0.026051
0.026064
0.026077
0.026090
0.026103
0.026117
0.025764
0.025994
0.026011
0.026025
0.026039
0.026052
0.026066
0.026079
0.026092
0.026105
0.026118
0.024898
0.025138
0.025169
0.025203
0.025226
0.025243
0.025259
0.025275
0.025291
0.025307
0.025323
0.024579
0.024808
0.024827
0.024843
0.024859
0.024874
0.024889
0.024905
0.024920
0.024935
0.024950
0.024884
0.025102
0.025132
0.025149
0.025165
0.025181
0.025196
0.025211
0.025227
0.025242
0.025257
0.024479
0.024698
0.024717
0.024732
0.024757
0.024773
0.024788
0.024803
0.024818
0.024833
0.024848
0.024534
0.024762
0.024782
0.024800
0.024817
0.024834
0.024850
0.024866
0.024882
0.024897
0.024913
0.050791
0.051007
0.051035
0.051051
0.051067
0.051082
0.051097
0.051113
0.051127
0.051142
0.051158
0.024990
0.025205
0.025232
0.025246
0.025260
0.025273
0.025286
0.025300
0.025313
0.025326
0.025339
0.025556
0.025784
0.025802
0.025816
0.025830
0.025843
0.025856
0.025869
0.025882
0.025895
0.025908
0.024886
0.025101
0.025128
0.025142
0.025156
0.025169
0.025182
0.025195
0.025208
0.025222
0.025235
0.024709
0.024933
0.024951
0.024965
0.024978
0.024992
0.025005
0.025018
0.025031
0.025044
0.025058
0.024904
0.025129
0.025146
0.025160
0.025174
0.025187
0.025201
0.025213
0.025227
0.025240
0.025253
0.023901
0.024129
0.024146
0.024160
0.024174
0.024193
0.024206
0.024219
0.024232
0.024246
0.024259
0.025566
0.025795
0.025813
0.025827
0.025841
0.025855
0.025868
0.025882
0.025895
0.025908
0.025921
0.024740
0.024964
0.024981
0.024995
0.025009
0.025022
0.025035
0.025049
0.025062
0.025075
0.025088
0.024821
0.025047
0.025064
0.025079
0.025092
0.025106
0.025119
0.025132
0.025145
0.025158
0.025171
0.050417
0.050645
0.050662
0.050677
0.050691
0.050705
0.050718
0.050731
0.050745
0.050758
0.050771
0.024849
0.025079
0.025097
0.025111
0.025125
0.025138
0.025151
0.025164
0.025177
0.025190
0.025203
0.025367
0.025595
0.025613
0.025627
0.025641
0.025655
0.025668
0.025681
0.025694
0.025710
0.025723
0.025842
0.026069
0.026087
0.026101
0.026115
0.026128
0.026141
0.026155
0.026168
0.026181
0.026194
0.024941
0.025162
0.025183
0.025198
0.025213
0.025227
0.025240
0.025253
0.025267
0.025280
0.025294
0.025111
0.025338
0.025355
0.025369
0.025383
0.025397
0.025410
0.025423
0.025437
0.025450
0.025463
0.025079
0.025300
0.025317
0.025331
0.025345
0.025359
0.025373
0.025386
0.025399
0.025412
0.025425
0.024300
0.024524
0.024542
0.024556
0.024570
0.024583
0.024597
0.024610
0.024623
0.024636
0.024649
0.024410
0.024640
0.024658
0.024672
0.024686
0.024699
0.024713
0.024726
0.024739
0.024751
0.024765
0.024430
0.024656
0.024674
0.024688
0.024702
0.024715
0.024728
0.024741
0.024754
0.024767
0.024780
0.050394
0.050615
0.050632
0.050646
0.050660
0.050673
0.050687
0.050700
0.050713
0.050726
0.050740
0.026792
0.027018
0.027036
0.027050
0.027064
0.027077
0.027091
0.027104
0.027117
0.027130
0.027143
0.026651
0.026876
0.026894
0.026908
0.026922
0.026936
0.026949
0.026963
0.026976
0.026989
0.027002
0.025600
0.025826
0.025843
0.025858
0.025872
0.025885
0.025898
0.025911
0.025924
0.025937
0.025951
0.025239
0.025463
0.025481
0.025495
0.025508
0.025522
0.025534
0.025548
0.025561
0.025574
0.025587
0.025134
0.025358
0.025376
0.025390
0.025404
0.025417
0.025430
0.025444
0.025457
0.025470
0.025483
0.024509
0.024732
0.024754
0.024768
0.024782
0.024796
0.024809
0.024822
0.024835
0.024848
0.024861
0.024312
0.024539
0.024557
0.024571
0.024585
0.024598
0.024611
0.024625
0.024638
0.024651
0.024664
0.024610
0.024835
0.024852
0.024866
0.024879
0.024893
0.024906
0.024919
0.024932
0.024945
0.024958
0.024217
0.024444
0.024461
0.024476
0.024490
0.024504
0.024517
0.024530
0.024544
0.024557
0.024575
0.050154
0.050364
0.050390
0.050404
0.050418
0.050431
0.050444
0.050457
0.050470
0.050483
0.050496
0.024947
0.025173
0.025191
0.025205
0.025219
0.025232
0.025245
0.025259
0.025272
0.025286
0.025299
0.025165
0.025382
0.025412
0.025429
0.025446
0.025462
0.025478
0.025494
0.025510
0.025525
0.025541
0.025728
0.025956
0.025978
0.025995
0.026012
0.026030
0.026046
0.026063
0.026080
0.026096
0.026112
0.025421
0.025651
0.025672
0.025689
0.025706
0.025721
0.025737
0.025752
0.025768
0.025784
0.025800
0.024637
0.024868
0.024889
0.024907
0.024924
0.024940
0.024956
0.024971
0.024987
0.025002
0.025019
0.024679
0.024908
0.024928
0.024945
0.024962
0.024979
0.024993
0.025006
0.025018
0.025032
0.025047
0.024556
0.024794
0.024813
0.024827
0.024841
0.024855
0.024871
0.024888
0.024904
0.024920
0.024935
0.024398
0.024627
0.024644
0.024659
0.024673
0.024686
0.024699
0.024712
0.024725
0.024738
0.024750
0.024478
0.024732
0.024762
0.024780
0.024794
0.024807
0.024821
0.024835
0.024848
0.024861
0.024874
0.050271
0.050479
0.050505
0.050519
0.050533
0.050546
0.050559
0.050572
0.050585
0.050598
0.050611
0.024385
0.024609
0.024632
0.024647
0.024661
0.024674
0.024688
0.024700
0.024714
0.024727
0.024740
0.024465
0.024689
0.024707
0.024722
0.024736
0.024750
0.024763
0.024776
0.024790
0.024803
0.024816
0.025472
0.025695
0.025712
0.025726
0.025740
0.025753
0.025767
0.025780
0.025793
0.025806
0.025819
0.025747
0.025972
0.025990
0.026004
0.026018
0.026031
0.026044
