1.843597
0.030802
0.031083
0.031117
0.031142
0.031168
0.031195
0.031222
0.031244
0.031270
0.031290
0.031313
0.030843
0.031100
0.031120
0.031137
0.031154
0.031171
0.031188
0.031218
0.031251
0.031279
0.031307
0.029650
0.029873
0.029889
0.029901
0.029914
0.029936
0.029968
0.029994
0.030020
0.030046
0.030071
0.023851
0.024079
0.024114
0.024140
0.024166
0.024192
0.024217
0.024240
0.024263
0.024287
0.024312
0.023791
0.024018
0.024036
0.024050
0.024064
0.024081
0.024107
0.024135
0.024164
0.024192
0.024220
0.023582
0.023804
0.023821
0.023846
0.023860
0.023874
0.023887
0.023901
0.023914
0.023926
0.023939
0.023225
0.023454
0.023471
0.023485
0.023499
0.023512
0.023527
0.023540
0.023553
0.023566
0.023579
0.023349
0.023573
0.023590
0.023604
0.023618
0.023632
0.023645
0.023658
0.023671
0.023684
0.023697
0.023615
0.023837
0.023854
0.023868
0.023881
0.023895
0.023909
0.023922
0.023935
0.023948
0.023961
0.048190
0.048416
0.048433
0.048448
0.048462
0.048476
0.048489
0.048503
0.048517
0.048529
0.048542
0.024146
0.024375
0.024394
0.024408
0.024422
0.024435
0.024448
0.024462
0.024475
0.024488
0.024500
0.023961
0.024184
0.024202
0.024215
0.024229
0.024244
0.024257
0.024270
0.024282
0.024295
0.024308
0.024282
0.024493
0.024520
0.024534
0.024547
0.024560
0.024574
0.024587
0.024601
0.024615
0.024628
0.024943
0.025197
0.025218
0.025235
0.025252
0.025272
0.025289
0.025307
0.025324
0.025341
0.025358
0.027266
0.027492
0.027509
0.027523
0.027536
0.027549
0.027563
0.027576
0.027590
0.027603
0.027616
0.023950
0.024172
0.024188
0.024202
0.024216
0.024229
0.024242
0.024255
0.024271
0.024284
0.024297
0.023996
0.024220
0.024236
0.024251
0.024265
0.024279
0.024292
0.024306
0.024319
0.024332
0.024345
0.023962
0.024186
0.024204
0.024219
0.024232
0.024245
0.024258
0.024271
0.024284
0.024296
0.024309
0.023896
0.024122
0.024140
0.024157
0.024171
0.024184
0.024198
0.024211
0.024224
0.024237
0.024250
0.049788
0.049998
0.050023
0.050037
0.050050
0.050064
0.050077
0.050090
0.050103
0.050116
0.050129
0.024437
0.024664
0.024682
0.024696
0.024709
0.024722
0.024735
0.024748
0.024761
0.024774
0.024786
0.024199
0.024421
0.024441
0.024455
0.024469
0.024482
0.024495
0.024508
0.024521
0.024535
0.024548
0.026270
0.026482
0.026508
0.026522
0.026535
0.026548
0.026561
0.026575
0.026588
0.026601
0.026613
0.025208
0.025419
0.025445
0.025459
0.025473
0.025486
0.025501
0.025514
0.025527
0.025541
0.025554
0.024921
0.025157
0.025175
0.025189
0.025212
0.025228
0.025241
0.025254
0.025268
0.025280
0.025294
0.024472
0.024686
0.024713
0.024727
0.024740
0.024754
0.024766
0.024780
0.024793
0.024806
0.024819
0.024029
0.024253
0.024271
0.024285
0.024298
0.024312
0.024325
0.024338
0.024351
0.024364
0.024377
0.025701
0.025929
0.025946
0.025961
0.025975
0.025988
0.026001
0.026015
0.026028
0.026041
0.026054
0.023905
0.024135
0.024152
0.024166
0.024179
0.024193
0.024206
0.024219
0.024232
0.024246
0.024259
0.052468
0.052690
0.052707
0.052722
0.052735
0.052748
0.052762
0.052778
0.052796
0.052812
0.052828
0.029602
0.029854
0.029875
0.029893
0.029911
0.029928
0.029946
0.029963
0.029980
0.029998
0.030015
0.024296
0.024521
0.024539
0.024553
0.024566
0.024580
0.024593
0.024606
0.024619
0.024632
0.024645
0.023858
0.024079
0.024100
0.024114
0.024128
0.024141
0.024154
0.024168
0.024182
0.024195
0.024208
0.025233
0.025460
0.025478
0.025492
0.025505
0.025519
0.025532
0.025545
0.025558
0.025571
0.025584
0.025689
0.025913
0.025931
0.025945
0.025959
0.025972
0.025986
0.026000
0.026013
0.026027
0.026040
0.025298
0.025528
0.025547
0.025565
0.025582
0.025598
0.025614
0.025629
0.025645
0.025660
0.025675
0.024925
0.025153
0.025176
0.025193
0.025211
0.025228
0.025244
0.025260
0.025277
0.025296
0.025313
0.024621
0.024849
0.024870
0.024887
0.024903
0.024918
0.024934
0.024949
0.024964
0.024979
0.024994
0.024538
0.024764
0.024784
0.024800
0.024816
0.024832
0.024847
0.024862
0.024878
0.024892
0.024907
0.051123
0.051346
0.051363
0.051377
0.051390
0.051404
0.051417
0.051430
0.051443
0.051456
0.051469
0.025012
0.025226
0.025253
0.025267
0.025281
0.025295
0.025308
0.025321
0.025335
0.025347
0.025361
0.025803
0.026029
0.026046
0.026061
0.026075
0.026088
0.026101
0.026114
0.026127
0.026140
0.026153
0.025690
0.025916
0.025933
0.025948
0.025962
0.025975
0.025989
0.026002
0.026015
0.026028
0.026041
0.023795
0.024008
0.024034
0.024048
0.024062
0.024076
0.024089
0.024103
0.024116
0.024129
0.024142
0.023842
0.024066
0.024084
0.024099
0.024112
0.024126
0.024139
0.024152
0.024165
0.024178
0.024191
0.024393
0.024618
0.024636
0.024650
0.024663
0.024677
0.024690
0.024703
0.024716
0.024729
0.024742
0.024332
0.024553
0.024572
0.024586
0.024600
0.024614
0.024627
0.024640
0.024653
0.024666
0.024679
0.024408
0.024633
0.024651
0.024665
0.024679
0.024692
0.024705
0.024719
0.024731
0.024748
0.024761
0.024436
0.024654
0.024681
0.024696
0.024710
0.024724
0.024737
0.024750
0.024764
0.024777
0.024790
0.050653
0.050877
0.050895
0.050910
0.050924
0.050937
0.050950
0.050963
0.050977
0.050990
0.051003
0.025012
0.025239
0.025259
0.025273
0.025287
0.025301
0.025314
0.025328
0.025341
0.025353
0.025366
0.025581
0.025794
0.025821
0.025835
0.025849
0.025862
0.025876
0.025889
0.025902
0.025915
0.025929
0.024982
0.025208
0.025226
0.025241
0.025254
0.025267
0.025280
0.025293
0.025306
0.025319
0.025332
0.025249
0.025469
0.025487
0.025501
0.025515
0.025528
0.025542
0.025555
0.025568
0.025581
0.025595
0.024871
0.025084
0.025110
0.025124
0.025141
0.025155
0.025168
0.025181
0.025194
0.025207
0.025220
0.024904
0.025133
0.025150
0.025165
0.025178
0.025192
0.025205
0.025218
0.025231
0.025244
0.025257
0.024448
0.024663
0.024689
0.024704
0.024717
0.024731
0.024744
0.024758
0.024770
0.024784
0.024797
0.030811
0.031054
0.031073
0.031100
0.031117
0.031135
0.031152
0.031170
0.031187
0.031204
0.031221
0.028619
0.028860
0.028890
0.028908
0.028926
0.028943
0.028960
0.028977
0.028994
0.029011
0.029028
0.056255
0.056496
0.056525
0.056543
0.056561
0.056579
0.056597
0.056614
0.056631
0.056648
0.056665
0.025247
0.025473
0.025491
0.025506
0.025520
0.025533
0.025547
0.025560
0.025573
0.025587
0.025600
0.025664
0.025886
0.025904
0.025919
0.025933
0.025947
0.025960
0.025974
0.025989
0.026002
0.026015
0.025545
0.025767
0.025785
0.025800
0.025814
0.025827
0.025840
0.025853
0.025867
0.025880
0.025893
0.024738
0.024962
0.024979
0.024994
0.025008
0.025022
0.025036
0.025049
0.025062
0.025075
0.025088
0.024377
0.024602
0.024620
0.024634
0.024648
0.024661
0.024674
0.024688
0.024701
0.024714
0.024727
0.024527
0.024744
0.024771
0.024789
0.024804
0.024818
0.024837
0.024861
0.024895
0.024927
0.024962
0.031449
0.031709
0.031730
0.031759
0.031777
0.031795
0.031813
0.031831
0.031849
0.031867
0.031885
0.025102
0.025332
0.025350
0.025365
0.025379
0.025392
0.025410
0.025428
0.025443
0.025459
0.025474
0.024773
0.024999
0.025019
0.025036
0.025053
0.025068
0.025084
0.025101
0.025117
0.025133
0.025148
0.051085
0.051311
0.051332
0.051350
0.051366
0.051382
0.051399
0.051415
0.051431
0.051446
0.051462
0.024769
0.025005
0.025026
0.025044
0.025062
0.025079
0.025095
0.025110
0.025126
0.025141
0.025158
0.025351
0.025585
0.025606
0.025623
0.025640
0.025657
0.025673
0.025689
0.025705
0.025720
0.025736
0.025528
0.025754
0.025774
0.025791
0.025809
0.025825
0.025841
0.025856
0.025872
0.025888
0.025903
0.024876
0.025104
0.025121
0.025136
0.025150
0.025163
0.025177
0.025190
0.025203
0.025216
0.025229
0.024358
0.024585
0.024602
0.024616
0.024630
0.024644
0.024657
0.024670
0.024683
0.024697
0.024710
0.024718
0.024939
0.024955
0.024969
0.024982
0.025004
0.025017
0.025031
0.025043
0.025056
0.025069
0.024486
0.024699
0.024726
0.024740
0.024754
0.024767
0.024781
0.024795
0.024808
0.024822
0.024835
0.024481
0.024698
0.024724
0.024738
0.024751
0.024765
0.024778
0.024791
0.024805
0.024817
0.024831
0.024546
0.024773
0.024791
0.024805
0.024818
0.024832
0.024846
0.024860
0.024873
0.024886
0.024899
0.050679
0.050905
0.050923
0.050937
0.050950
0.050967
0.050980
0.050993
0.051006
0.051019
0.051032
0.025137
0.025361
0.025378
0.025393
0.025406
0.025420
0.025434
0.025447
0.025460
0.025474
0.025509
0.025680
0.025907
0.025924
0.025938
0.025952
0.025965
0.025978
0.025991
0.026004
0.026017
0.026030
0.025538
0.025765
0.025783
0.025797
0.025811
0.025825
0.025838
0.025852
0.025865
0.025878
0.025892
0.024779
0.024994
0.025020
0.025035
0.025048
0.025062
0.025074
0.025088
0.025101
0.025114
0.025127
0.026714
0.026930
0.026957
0.026971
0.026985
0.026999
0.027012
0.027026
0.027039
0.027051
0.027065
0.026830
0.027060
0.027077
0.027092
0.027106
0.027119
0.027133
0.027146
0.027158
0.027172
0.027184
0.024968
0.025204
0.025222
0.025237
0.025251
0.025264
0.025277
0.025290
0.025304
0.025317
0.025330
0.024964
0.025194
0.025211
0.025226
0.025240
0.025253
0.025266
0.025280
0.025293
0.025306
0.025319
0.025753
0.025973
0.025990
0.026004
0.026027
0.026041
0.026054
0.026067
0.026080
0.026093
0.026106
0.051043
0.051270
0.051287
0.051302
0.051315
0.051328
0.051342
0.051354
0.051368
0.051381
0.051394
0.025326
0.025553
0.025579
0.025594
0.025608
0.025621
0.025634
0.025647
0.025661
0.025674
0.025686
0.025778
0.025993
0.026019
0.026033
0.026047
0.026060
0.026073
0.026086
0.026100
0.026113
0.026126
0.025971
0.026205
0.026223
0.026237
0.026251
0.026264
0.026277
0.026291
0.026304
0.026317
0.026330
0.024444
0.024673
0.024691
0.024705
0.024719
0.024732
0.024745
0.024758
0.024771
0.024784
0.024798
0.024895
0.025121
0.025139
0.025154
0.025167
0.025181
0.025194
0.025207
0.025220
0.025233
0.025246
0.024971
0.025198
0.025215
0.025230
0.025244
0.025257
0.025270
0.025284
0.025298
0.025311
0.025325
0.024813
0.025044
0.025062
0.025076
0.025090
0.025103
0.025116
0.025129
0.025142
0.025155
0.025168
0.024630
0.024857
0.024874
0.024888
0.024902
0.024915
0.024929
0.024943
0.024956
0.024969
0.024982
0.024504
0.024728
0.024745
0.024760
0.024774
0.024788
0.024801
0.024815
0.024828
0.024841
0.024854
0.051297
0.051511
0.051538
0.051552
0.051566
0.051580
0.051594
0.051607
0.051621
0.051634
0.051647
0.025030
0.025261
0.025279
0.025294
0.025307
0.025321
0.025334
0.025348
0.025361
0.025374
0.025388
0.025501
0.025726
0.025743
0.025758
0.025772
0.025785
0.025799
0.025813
0.025826
0.025841
0.025854
0.025764
0.025982
0.026009
0.026023
0.026037
0.026050
0.026063
0.026076
0.026090
0.026103
0.026116
0.026061
0.026292
0.026312
0.026330
0.026347
0.026364
0.026381
0.026397
0.026413
0.026429
0.026445
0.024544
0.024774
0.024795
0.024812
0.024829
0.024845
0.024861
0.024877
0.024893
0.024910
0.024924
0.024569
0.024787
0.024816
0.024834
0.024851
0.024867
0.024883
0.024899
0.024915
0.024930
0.024946
0.024538
0.024772
0.024792
0.024809
0.024826
0.024841
0.024858
0.024874
0.024889
0.024905
0.024921
0.024689
0.024918
0.024938
0.024954
0.024970
0.024987
0.025002
0.025019
0.025034
0.025050
0.025066
0.025194
0.025431
0.025460
0.025488
0.025514
0.025540
0.025565
0.025589
0.025614
0.025638
0.025661
0.050809
0.051035
0.051053
0.051067
0.051085
0.051102
0.051118
0.051134
0.051149
0.051165
0.051182
0.025274
0.025520
0.025541
0.025568
0.025586
0.025603
0.025620
0.025638
0.025655
0.025672
0.025689
0.029219
0.029460
0.029478
0.029492
0.029506
0.029519
0.029532
0.029545
0.029558
0.029571
0.029584
0.025530
0.025757
0.025774
0.025788
0.025803
0.025816
0.025830
0.025843
0.025856
0.025869
0.025883
0.024918
0.025131
0.025158
0.025172
0.025186
0.025200
0.025213
0.025226
0.025239
0.025252
0.025265
0.024442
0.024678
0.024709
0.024747
0.024763
0.024778
0.024791
0.024806
0.024819
0.024833
0.024847
0.032145
0.032397
0.032420
0.032447
0.032465
0.032484
0.032501
0.032519
0.032537
0.032554
0.032571
0.036133
0.036360
0.036377
0.036391
0.036406
0.036419
0.036433
0.036446
0.036459
0.036473
0.036486
0.024711
0.024947
0.024964
0.024978
0.024993
0.025006
0.025019
0.025033
0.025046
0.025059
0.025072
0.024955
0.025180
0.025198
0.025212
0.025226
0.025240
0.025253
0.025267
0.025280
0.025294
0.025307
0.051008
0.051234
0.051251
0.051265
0.051279
0.051292
0.051305
0.051318
0.051331
0.051344
0.051357
0.025285
0.025518
0.025536
0.025550
0.025564
0.025577
0.025591
0.025605
0.025618
0.025631
0.025644
0.025788
0.026015
0.026032
0.026046
0.026060
0.026073
0.026087
0.026100
0.026113
0.026126
0.026139
0.026416
0.026632
0.026659
0.026675
0.026689
0.026703
0.026717
0.026730
0.026744
0.026757
0.026770
0.025367
0.025592
0.025609
0.025624
0.025638
0.025652
0.025665
0.025679
0.025692
0.025705
0.025718
0.024744
0.024960
0.024987
0.025002
0.025016
0.025029
0.025043
0.025056
0.025069
0.025082
0.025095
0.023523
0.023749
0.023767
0.023781
0.023794
0.023808
0.023821
0.023834
0.023847
0.023861
0.023874
0.024684
0.024910
0.024928
0.024943
0.024957
0.024971
0.024984
0.024998
0.025011
0.025025
0.025038
0.025042
0.025271
0.025289
0.025303
0.025317
0.025331
0.025344
0.025357
0.025373
0.025389
0.025406
0.024485
0.024714
0.024733
0.024750
0.024767
0.024784
0.024800
0.024816
0.024832
0.024847
0.024863
0.050688
0.050917
0.050937
0.050953
0.050970
0.050985
0.051001
0.051017
0.051033
0.051048
0.051064
0.024911
0.025139
0.025158
0.025173
0.025186
0.025203
0.025221
0.025238
0.025254
0.025270
0.025287
0.025371
0.025605
0.025625
0.025643
0.025659
0.025675
0.025691
0.025707
0.025723
0.025738
0.025754
0.026498
0.026713
0.026740
0.026755
0.026768
0.026782
0.026795
0.026808
0.026821
0.026835
0.026848
0.025411
0.025637
0.025654
0.025668
0.025681
0.025695
0.025708
0.025721
0.025734
0.025747
0.025760
0.025139
0.025367
0.025385
0.025400
0.025413
0.025427
0.025440
0.025453
0.025466
0.025479
0.025491
0.025726
0.025952
0.025970
0.025984
0.025998
0.026011
0.026024
0.026037
0.026050
0.026064
0.026081
0.024928
0.025158
0.025178
0.025194
0.025211
0.025226
0.025243
0.025258
0.025274
0.025289
0.025305
0.025045
0.025265
0.025293
0.025311
0.025328
0.025343
0.025359
0.025375
0.025390
0.025406
0.025422
0.024831
0.025058
0.025075
0.025089
0.025103
0.025117
0.025130
0.025146
0.025163
0.025180
0.025195
0.051973
0.052200
0.052226
0.052244
0.052260
0.052276
0.052291
0.052307
0.052323
0.052339
0.052354
0.024820
0.025042
0.025060
0.025087
0.025103
0.025119
0.025135
0.025150
0.025166
0.025182
0.025197
0.025214
0.025437
0.025466
0.025483
0.025499
0.025514
0.025530
0.025547
0.025562
0.025578
0.025594
0.025747
0.025975
0.025995
0.026013
0.026029
0.026046
0.026061
0.026077
0.026092
0.026108
0.026124
0.025410
0.025630
0.025659
0.025676
0.025693
0.025709
0.025725
0.025740
0.025756
0.025772
0.025787
0.024478
0.024709
0.024732
0.024749
0.024766
0.024783
0.024799
0.024815
0.024830
0.024846
0.024862
0.024838
0.025070
0.025090
0.025107
0.025124
0.025140
0.025156
0.025171
0.025187
0.025203
0.025218
0.024759
0.024989
0.025010
0.025026
0.025044
0.025059
0.025076
0.025091
0.025107
0.025122
0.025138
0.024467
0.024701
0.024720
0.024737
0.024754
0.024771
0.024787
0.024800
0.024815
0.024829
0.024842
0.025215
0.025442
0.025460
0.025474
0.025488
0.025501
0.025515
0.025528
0.025540
0.025553
0.025566
0.051016
0.051246
0.051267
0.051285
0.051302
0.051319
0.051335
0.051352
0.051367
0.051383
0.051398
0.027118
0.027400
0.027430
0.027461
0.027483
0.027504
0.027525
0.027545
0.027565
0.027586
0.027608
0.027449
0.027681
0.027699
0.027714
0.027728
0.027741
0.027754
0.027768
0.027781
0.027794
0.027807
0.024179
0.024408
0.024426
0.024441
0.024454
0.024468
0.024481
0.024495
0.024508
0.024521
0.024534
0.024912
0.025130
0.025157
0.025171
0.025185
0.025199
0.025212
0.025225
0.025239
0.025252
0.025265
0.024926
0.025153
0.025171
0.025185
0.025199
0.025213
0.025226
0.025240
0.025253
0.025266
0.025280
0.025293
0.025520
0.025537
0.025552
0.025565
0.025579
0.025593
0.025606
0.025626
0.025640
0.025653
0.024818
0.025048
0.025068
0.025087
0.025104
0.025120
0.025136
0.025152
0.025168
0.025184
0.025201
0.024917
0.025148
0.025167
0.025184
0.025201
0.025217
0.025233
0.025248
0.025264
0.025279
0.025295
0.024675
0.024905
0.024925
0.024942
0.024959
0.024975
0.024991
0.025007
0.025023
0.025039
0.025054
0.050822
0.051052
0.051072
0.051089
0.051105
0.051122
0.051137
0.051153
0.051169
0.051185
0.051200
0.025180
0.025399
0.025429
0.025447
0.025463
0.025479
0.025495
0.025511
0.025527
0.025542
0.025558
0.027587
0.027814
0.027831
0.027845
0.027859
0.027873
0.027886
0.027899
0.027912
0.027925
0.027938
0.025488
0.025715
0.025733
0.025748
0.025762
0.025775
0.025789
0.025803
0.025816
0.025831
0.025844
0.024871
0.025098
0.025115
0.025129
0.025143
0.025156
0.025170
0.025183
0.025196
0.025209
0.025222
0.024887
0.025113
0.025130
0.025145
0.025158
0.025172
0.025185
0.025199
0.025212
0.025225
0.025238
0.024876
0.025104
0.025121
0.025136
0.025150
0.025163
0.025176
0.025189
0.025203
0.025216
0.025229
0.024764
0.024999
0.025016
0.025030
0.025045
0.025059
0.025071
0.025085
0.025098
0.025111
0.025124
0.026243
0.026536
0.026556
0.026580
0.026594
0.026608
0.026621
0.026634
0.026648
0.026661
0.026674
0.025377
0.025602
0.025620
0.025635
0.025649
0.025663
0.025676
0.025690
0.025703
0.025716
0.025729
0.051394
0.051620
0.051637
0.051652
0.051665
0.051679
0.051692
0.051706
0.051719
0.051732
0.051745
0.026623
0.026865
0.026883
0.026898
0.026912
0.026926
0.026939
0.026953
0.026967
0.026980
0.026993
0.025203
0.025432
0.025449
0.025463
0.025476
0.025490
0.025503
0.025516
0.025529
0.025542
0.025555
0.027238
0.027464
0.027482
0.027496
0.027510
0.027524
0.027537
0.027550
0.027564
0.027577
0.027590
0.025320
0.025549
0.025567
0.025581
0.025595
0.025609
0.025622
0.025635
0.025648
0.025661
0.025675
0.025316
0.025546
0.025564
0.025578
0.025592
0.025606
0.025619
0.025633
0.025646
0.025659
0.025672
0.024899
0.025128
0.025146
0.025160
0.025174
0.025187
0.025200
0.025213
0.025227
0.025240
0.025254
0.024856
0.025078
0.025105
0.025120
0.025133
0.025147
0.025161
0.025174
0.025187
0.025200
0.025213
0.025154
0.025385
0.025403
0.025417
0.025431
0.025445
0.025459
0.025472
0.025485
0.025499
0.025512
0.025036
0.025263
0.025281
0.025295
0.025309
0.025323
0.025336
0.025350
0.025363
0.025376
0.025389
0.051927
0.052142
0.052158
0.052172
0.052195
0.052209
0.052222
0.052235
0.052249
0.052262
0.052275
0.025261
0.025486
0.025503
0.025517
0.025531
0.025544
0.025562
0.025575
0.025588
0.025601
0.025614
0.025702
0.025919
0.025945
0.025960
0.025973
0.025987
0.026000
0.026014
0.026027
0.026040
0.026053
0.025830
0.026058
0.026075
0.026089
0.026103
0.026116
0.026129
0.026143
0.026156
0.026170
0.026182
0.025192
0.025406
0.025432
0.025447
0.025461
0.025474
0.025487
0.025501
0.025514
0.025527
0.025541
0.024771
0.024999
0.025016
0.025031
0.025044
0.025057
0.025071
0.025084
0.025097
0.025110
0.025123
0.025195
0.025423
0.025441
0.025456
0.025470
0.025483
0.025496
0.025510
0.025523
0.025537
0.025550
0.024973
0.025206
0.025224
0.025239
0.025252
0.025266
0.025280
0.025293
0.025307
0.025320
0.025333
0.025290
0.025503
0.025530
0.025544
0.025558
0.025576
0.025589
0.025603
0.025616
0.025629
0.025642
0.025438
0.025682
0.025712
0.025739
0.025767
0.025794
0.025818
0.025842
0.025867
0.025891
0.025915
0.051374
0.051619
0.051649
0.051664
0.051678
0.051692
0.051705
0.051719
0.051732
0.051745
0.051758
0.025594
0.025823
0.025841
0.025855
0.025868
0.025882
0.025895
0.025908
0.025927
0.025944
0.025958
0.024995
0.025223
0.025241
0.025255
0.025269
0.025282
0.025296
0.025309
0.025322
0.025335
0.025349
0.024707
0.024937
0.024955
0.024969
0.024983
0.024997
0.025010
0.025023
0.025036
0.025049
0.025062
0.025779
0.026005
0.026021
0.026036
0.026050
0.026063
0.026077
0.026090
0.026104
0.026117
0.026130
0.024413
0.024642
0.024661
0.024675
0.024689
0.024703
0.024717
0.024730
0.024743
0.024756
0.024769
0.024412
0.024636
0.024653
0.024668
0.024681
0.024694
0.024707
0.024720
0.024733
0.024745
0.024758
0.024327
0.024554
0.024571
0.024585
0.024599
0.024613
0.024626
0.024639
0.024652
0.024665
0.024679
0.024867
0.025096
0.025114
0.025128
0.025142
0.025156
0.025169
0.025182
0.025202
0.025215
0.025228
0.025554
0.025796
0.025815
0.025830
0.025845
0.025866
0.025885
