1.783854
0.037148
0.037416
0.037447
0.037463
0.037479
0.037493
0.037508
0.037522
0.037545
0.037559
0.037575
0.022408
0.022665
0.022691
0.022717
0.022740
0.022767
0.022792
0.022817
0.022843
0.022867
0.022891
0.039462
0.039692
0.039710
0.039726
0.039740
0.039754
0.039767
0.039780
0.039794
0.039807
0.039821
0.021527
0.021743
0.021760
0.021774
0.021788
0.021802
0.021816
0.021830
0.021843
0.021856
0.021869
0.020754
0.020977
0.020995
0.021010
0.021024
0.021037
0.021051
0.021064
0.021077
0.021090
0.021103
0.020966
0.021180
0.021197
0.021212
0.021226
0.021239
0.021252
0.021266
0.021279
0.021292
0.021306
0.021743
0.021956
0.021973
0.021987
0.022001
0.022014
0.022030
0.022043
0.022056
0.022068
0.022081
0.021401
0.021609
0.021626
0.021640
0.021653
0.021667
0.021680
0.021694
0.021707
0.021720
0.021733
0.020807
0.021008
0.021024
0.021037
0.021060
0.021073
0.021086
0.021099
0.021112
0.021125
0.021138
0.041343
0.041555
0.041572
0.041586
0.041599
0.041613
0.041627
0.041642
0.041655
0.041668
0.041681
0.021325
0.021538
0.021556
0.021570
0.021583
0.021596
0.021609
0.021623
0.021636
0.021648
0.021662
0.020762
0.020967
0.020984
0.020999
0.021012
0.021028
0.021041
0.021054
0.021067
0.021080
0.021092
0.021645
0.021859
0.021876
0.021890
0.021903
0.021917
0.021930
0.021943
0.021956
0.021970
0.021983
0.021480
0.021695
0.021713
0.021727
0.021740
0.021755
0.021769
0.021782
0.021795
0.021808
0.021821
0.021416
0.021621
0.021639
0.021653
0.021666
0.021680
0.021693
0.021706
0.021720
0.021734
0.021746
0.021403
0.021615
0.021631
0.021645
0.021659
0.021672
0.021685
0.021698
0.021713
0.021725
0.021739
0.022907
0.023119
0.023149
0.023170
0.023186
0.023200
0.023214
0.023228
0.023241
0.023255
0.023268
0.021887
0.022095
0.022111
0.022125
0.022138
0.022151
0.022164
0.022177
0.022190
0.022203
0.022216
0.021032
0.021240
0.021256
0.021273
0.021288
0.021301
0.021314
0.021327
0.021340
0.021353
0.021366
0.047854
0.048076
0.048094
0.048108
0.048121
0.048135
0.048147
0.048160
0.048173
0.048186
0.048199
0.021207
0.021428
0.021447
0.021461
0.021475
0.021488
0.021501
0.021515
0.021528
0.021541
0.021554
0.022033
0.022244
0.022264
0.022278
0.022291
0.022305
0.022318
0.022331
0.022343
0.022356
0.022372
0.023696
0.023910
0.023931
0.023948
0.023964
0.023980
0.023996
0.024011
0.024027
0.024042
0.024058
0.021916
0.022127
0.022146
0.022163
0.022178
0.022194
0.022210
0.022225
0.022240
0.022255
0.022270
0.021523
0.021730
0.021749
0.021767
0.021783
0.021801
0.021817
0.021833
0.021850
0.021866
0.021882
0.021479
0.021684
0.021705
0.021722
0.021737
0.021753
0.021769
0.021784
0.021798
0.021813
0.021828
0.020913
0.021111
0.021131
0.021146
0.021162
0.021177
0.021192
0.021207
0.021221
0.021236
0.021250
0.022842
0.023037
0.023055
0.023082
0.023097
0.023113
0.023128
0.023143
0.023158
0.023173
0.023188
0.023739
0.023951
0.023970
0.023988
0.024005
0.024022
0.024037
0.024054
0.024069
0.024084
0.024100
0.045946
0.046144
0.046173
0.046190
0.046206
0.046223
0.046238
0.046253
0.046268
0.046284
0.046299
0.022729
0.022938
0.022958
0.022975
0.022992
0.023008
0.023024
0.023039
0.023054
0.023070
0.023086
0.020915
0.021115
0.021135
0.021152
0.021169
0.021185
0.021202
0.021218
0.021234
0.021249
0.021265
0.020998
0.021203
0.021224
0.021241
0.021256
0.021272
0.021289
0.021304
0.021320
0.021336
0.021352
0.021161
0.021367
0.021387
0.021403
0.021419
0.021434
0.021449
0.021464
0.021479
0.021494
0.021509
0.021852
0.022056
0.022075
0.022093
0.022108
0.022123
0.022138
0.022154
0.022169
0.022184
0.022199
0.024203
0.024412
0.024432
0.024450
0.024467
0.024483
0.024499
0.024515
0.024530
0.024546
0.024563
0.020757
0.020964
0.020984
0.021004
0.021024
0.021043
0.021061
0.021080
0.021099
0.021119
0.021137
0.020713
0.020921
0.020941
0.020958
0.020975
0.020991
0.021006
0.021021
0.021037
0.021052
0.021068
0.023183
0.023417
0.023437
0.023454
0.023470
0.023485
0.023501
0.023516
0.023532
0.023547
0.023562
0.046088
0.046303
0.046323
0.046339
0.046354
0.046369
0.046384
0.046399
0.046414
0.046429
0.046444
0.021299
0.021511
0.021530
0.021548
0.021564
0.021581
0.021598
0.021615
0.021629
0.021642
0.021656
0.022263
0.022472
0.022490
0.022506
0.022523
0.022536
0.022549
0.022563
0.022576
0.022589
0.022602
0.021101
0.021306
0.021323
0.021337
0.021351
0.021365
0.021379
0.021392
0.021408
0.021421
0.021434
0.020580
0.020777
0.020794
0.020811
0.020829
0.020845
0.020862
0.020877
0.020893
0.020908
0.020925
0.020974
0.021179
0.021198
0.021216
0.021233
0.021249
0.021265
0.021282
0.021297
0.021313
0.021328
0.021713
0.021917
0.021937
0.021954
0.021970
0.021986
0.022001
0.022017
0.022032
0.022048
0.022063
0.021010
0.021213
0.021233
0.021250
0.021268
0.021283
0.021299
0.021315
0.021331
0.021347
0.021363
0.020654
0.020849
0.020870
0.020887
0.020904
0.020919
0.020935
0.020951
0.020966
0.020985
0.021000
0.021076
0.021266
0.021284
0.021310
0.021327
0.021343
0.021359
0.021374
0.021390
0.021406
0.021422
0.044280
0.044477
0.044494
0.044508
0.044521
0.044534
0.044551
0.044568
0.044584
0.044600
0.044615
0.021695
0.021881
0.021907
0.021921
0.021935
0.021948
0.021961
0.021974
0.021987
0.022000
0.022013
0.020872
0.021058
0.021083
0.021097
0.021111
0.021124
0.021137
0.021150
0.021163
0.021176
0.021189
0.021837
0.022033
0.022050
0.022064
0.022078
0.022092
0.022105
0.022118
0.022131
0.022145
0.022158
0.020708
0.020894
0.020919
0.020933
0.020948
0.020967
0.020986
0.021007
0.021026
0.021046
0.021066
0.020750
0.020930
0.020946
0.020970
0.020987
0.021000
0.021013
0.021027
0.021039
0.021052
0.021065
0.020873
0.021066
0.021083
0.021097
0.021111
0.021124
0.021137
0.021150
0.021163
0.021177
0.021190
0.020978
0.021188
0.021205
0.021219
0.021233
0.021247
0.021260
0.021273
0.021286
0.021299
0.021312
0.020814
0.021009
0.021036
0.021051
0.021064
0.021078
0.021094
0.021112
0.021128
0.021144
0.021161
0.021012
0.021216
0.021236
0.021253
0.021270
0.021285
0.021301
0.021316
0.021332
0.021347
0.021363
0.044635
0.044833
0.044852
0.044870
0.044887
0.044904
0.044920
0.044936
0.044952
0.044967
0.044986
0.022408
0.022606
0.022626
0.022643
0.022659
0.022676
0.022692
0.022709
0.022724
0.022740
0.022755
0.020937
0.021158
0.021178
0.021194
0.021210
0.021227
0.021243
0.021258
0.021276
0.021291
0.021307
0.021787
0.021994
0.022013
0.022030
0.022045
0.022061
0.022076
0.022091
0.022106
0.022121
0.022136
0.020733
0.020938
0.020957
0.020974
0.020994
0.021029
0.021052
0.021067
0.021080
0.021098
0.021123
0.020717
0.020916
0.020933
0.020947
0.020960
0.020974
0.020987
0.021000
0.021013
0.021026
0.021039
0.021562
0.021816
0.021849
0.021891
0.021921
0.021938
0.021952
0.021965
0.021978
0.021991
0.022004
0.021245
0.021448
0.021465
0.021479
0.021492
0.021506
0.021519
0.021532
0.021544
0.021558
0.021570
0.020644
0.020842
0.020859
0.020874
0.020888
0.020901
0.020915
0.020928
0.020941
0.020954
0.020967
0.020819
0.021016
0.021034
0.021048
0.021061
0.021075
0.021088
0.021102
0.021114
0.021137
0.021161
0.044312
0.044511
0.044528
0.044542
0.044556
0.044569
0.044583
0.044596
0.044609
0.044622
0.044635
0.021481
0.021684
0.021701
0.021715
0.021729
0.021742
0.021756
0.021769
0.021782
0.021795
0.021808
0.020814
0.021012
0.021028
0.021042
0.021056
0.021069
0.021083
0.021096
0.021109
0.021122
0.021135
0.021657
0.021857
0.021876
0.021892
0.021908
0.021923
0.021938
0.021953
0.021968
0.021983
0.021998
0.020561
0.020756
0.020775
0.020792
0.020810
0.020825
0.020841
0.020857
0.020874
0.020890
0.020906
0.021554
0.021760
0.021779
0.021796
0.021812
0.021829
0.021846
0.021862
0.021878
0.021894
0.021910
0.021614
0.021819
0.021840
0.021857
0.021873
0.021889
0.021905
0.021920
0.021936
0.021951
0.021967
0.027845
0.028119
0.028148
0.028184
0.028210
0.028236
0.028262
0.028289
0.028315
0.028341
0.028368
0.035339
0.035634
0.035665
0.035700
0.035727
0.035753
0.035779
0.035805
0.035832
0.035859
0.035886
0.034648
0.034941
0.034981
0.035009
0.035036
0.035063
0.035089
0.035116
0.035144
0.035171
0.035197
0.063049
0.063338
0.063379
0.063406
0.063432
0.063461
0.063488
0.063514
0.063540
0.063567
0.063593
0.034652
0.034938
0.034978
0.035005
0.035033
0.035060
0.035087
0.035115
0.035142
0.035169
0.035196
0.033304
0.033537
0.033554
0.033568
0.033581
0.033595
0.033608
0.033622
0.033635
0.033648
0.033661
0.020833
0.021051
0.021067
0.021081
0.021094
0.021108
0.021122
0.021135
0.021148
0.021161
0.021174
0.021004
0.021216
0.021233
0.021247
0.021261
0.021274
0.021287
0.021300
0.021313
0.021326
0.021339
0.030253
0.030540
0.030581
0.030609
0.030640
0.030670
0.030699
0.030728
0.030756
0.030783
0.030811
0.021285
0.021490
0.021516
0.021531
0.021544
0.021558
0.021570
0.021583
0.021596
0.021609
0.021622
0.020675
0.020870
0.020896
0.020915
0.020936
0.020956
0.020976
0.020997
0.021016
0.021037
0.021057
0.020770
0.020969
0.020987
0.021001
0.021014
0.021028
0.021041
0.021054
0.021067
0.021080
0.021093
0.020702
0.020900
0.020917
0.020932
0.020946
0.020959
0.020973
0.021001
0.021019
0.021034
0.021048
0.044245
0.044452
0.044476
0.044508
0.044524
0.044538
0.044552
0.044565
0.044579
0.044592
0.044604
0.021366
0.021566
0.021583
0.021597
0.021611
0.021625
0.021639
0.021652
0.021665
0.021678
0.021691
0.020888
0.021093
0.021111
0.021125
0.021138
0.021152
0.021165
0.021178
0.021191
0.021204
0.021217
0.026417
0.026719
0.026758
0.026791
0.026823
0.026854
0.026896
0.026929
0.026961
0.026994
0.027026
0.029244
0.029485
0.029505
0.029525
0.029542
0.029560
0.029577
0.029595
0.029613
0.029630
0.029647
0.028180
0.028380
0.028407
0.028421
0.028435
0.028448
0.028461
0.028475
0.028488
0.028501
0.028514
0.020708
0.020906
0.020923
0.020937
0.020951
0.020964
0.020977
0.020990
0.021003
0.021017
0.021030
0.020703
0.020896
0.020914
0.020928
0.020942
0.020955
0.020969
0.020982
0.020995
0.021008
0.021021
0.021162
0.021348
0.021374
0.021388
0.021401
0.021415
0.021428
0.021441
0.021455
0.021468
0.021482
0.021663
0.021857
0.021874
0.021888
0.021902
0.021915
0.021928
0.021941
0.021954
0.021967
0.021980
0.045133
0.045336
0.045353
0.045367
0.045380
0.045394
0.045407
0.045421
0.045435
0.045448
0.045461
0.021004
0.021206
0.021223
0.021257
0.021288
0.021310
0.021324
0.021338
0.021351
0.021364
0.021377
0.022361
0.022562
0.022579
0.022593
0.022607
0.022620
0.022634
0.022647
0.022660
0.022677
0.022690
0.021073
0.021273
0.021290
0.021305
0.021318
0.021331
0.021345
0.021358
0.021371
0.021384
0.021397
0.020977
0.021173
0.021190
0.021204
0.021218
0.021231
0.021244
0.021258
0.021271
0.021285
0.021297
0.021969
0.022165
0.022182
0.022197
0.022210
0.022224
0.022237
0.022250
0.022263
0.022276
0.022289
0.020958
0.021155
0.021172
0.021186
0.021199
0.021213
0.021227
0.021240
0.021254
0.021268
0.021281
0.020854
0.021049
0.021066
0.021081
0.021094
0.021107
0.021121
0.021134
0.021147
0.021160
0.021174
0.021292
0.021484
0.021501
0.021515
0.021528
0.021541
0.021555
0.021568
0.021581
0.021594
0.021607
0.021697
0.021899
0.021915
0.021930
0.021944
0.021957
0.021971
0.021984
0.021998
0.022011
0.022024
0.044896
0.045092
0.045109
0.045123
0.045137
0.045150
0.045164
0.045182
0.045196
0.045209
0.045222
0.021361
0.021571
0.021588
0.021602
0.021616
0.021630
0.021643
0.021656
0.021669
0.021682
0.021695
0.021908
0.022109
0.022126
0.022140
0.022154
0.022168
0.022181
0.022194
0.022207
0.022220
0.022233
0.021418
0.021613
0.021630
0.021644
0.021657
0.021671
0.021684
0.021697
0.021710
0.021723
0.021736
0.021286
0.021472
0.021497
0.021512
0.021526
0.021539
0.021552
