1.831040
0.027463
0.027700
0.027716
0.027730
0.027745
0.027759
0.027774
0.027788
0.027802
0.027816
0.027829
0.025186
0.025432
0.025463
0.025489
0.025515
0.025540
0.025565
0.025589
0.025616
0.025642
0.025667
0.023896
0.024135
0.024164
0.024193
0.024221
0.024245
0.024270
0.024294
0.024319
0.024342
0.024368
0.023880
0.024094
0.024137
0.024161
0.024189
0.024210
0.024235
0.024261
0.024284
0.024309
0.024333
0.023531
0.023760
0.023789
0.023825
0.023848
0.023868
0.023887
0.023907
0.023926
0.023947
0.023968
0.023780
0.024016
0.024045
0.024070
0.024095
0.024118
0.024143
0.024168
0.024192
0.024216
0.024240
0.023415
0.023660
0.023689
0.023711
0.023736
0.023760
0.023786
0.023810
0.023834
0.023857
0.023880
0.023517
0.023753
0.023780
0.023805
0.023830
0.023855
0.023879
0.023903
0.023927
0.023950
0.023974
0.023639
0.023871
0.023897
0.023922
0.023947
0.023971
0.023995
0.024020
0.024043
0.024067
0.024091
0.048680
0.048901
0.048932
0.048968
0.048992
0.049017
0.049041
0.049066
0.049090
0.049114
0.049138
0.023309
0.023535
0.023563
0.023587
0.023612
0.023643
0.023665
0.023690
0.023714
0.023737
0.023763
0.024235
0.024465
0.024498
0.024532
0.024557
0.024584
0.024608
0.024632
0.024656
0.024679
0.024703
0.023999
0.024234
0.024266
0.024291
0.024317
0.024341
0.024365
0.024390
0.024414
0.024438
0.024462
0.024326
0.024554
0.024586
0.024622
0.024647
0.024674
0.024698
0.024723
0.024746
0.024770
0.024794
0.024187
0.024424
0.024457
0.024482
0.024507
0.024532
0.024556
0.024580
0.024604
0.024628
0.024651
0.023832
0.024072
0.024104
0.024130
0.024155
0.024179
0.024203
0.024226
0.024254
0.024278
0.024302
0.023473
0.023704
0.023744
0.023769
0.023796
0.023820
0.023844
0.023868
0.023892
0.023916
0.023940
0.023651
0.023878
0.023903
0.023928
0.023953
0.023977
0.024002
0.024025
0.024049
0.024073
0.024097
0.031775
0.032007
0.032025
0.032043
0.032056
0.032070
0.032083
0.032096
0.032109
0.032122
0.032135
0.048028
0.048244
0.048260
0.048273
0.048296
0.048309
0.048322
0.048336
0.048348
0.048361
0.048375
0.023682
0.023910
0.023928
0.023942
0.023955
0.023968
0.023981
0.023994
0.024006
0.024019
0.024032
0.023573
0.023788
0.023818
0.023832
0.023846
0.023859
0.023872
0.023886
0.023899
0.023912
0.023925
0.023600
0.023825
0.023843
0.023856
0.023870
0.023883
0.023897
0.023911
0.023923
0.023937
0.023950
0.024220
0.024449
0.024466
0.024480
0.024493
0.024508
0.024521
0.024535
0.024548
0.024561
0.024574
0.024130
0.024354
0.024371
0.024385
0.024399
0.024415
0.024429
0.024442
0.024455
0.024468
0.024482
0.023857
0.024077
0.024095
0.024109
0.024123
0.024136
0.024149
0.024163
0.024176
0.024189
0.024202
0.023501
0.023726
0.023743
0.023757
0.023771
0.023784
0.023798
0.023810
0.023823
0.023837
0.023850
0.023124
0.023347
0.023364
0.023378
0.023392
0.023405
0.023418
0.023431
0.023444
0.023457
0.023470
0.023238
0.023466
0.023483
0.023497
0.023512
0.023525
0.023538
0.023551
0.023565
0.023578
0.023591
0.048313
0.048538
0.048556
0.048570
0.048584
0.048597
0.048610
0.048623
0.048636
0.048649
0.048662
0.023624
0.023839
0.023865
0.023879
0.023893
0.023906
0.023920
0.023933
0.023946
0.023959
0.023973
0.023490
0.023717
0.023735
0.023749
0.023762
0.023775
0.023788
0.023802
0.023815
0.023828
0.023841
0.023862
0.024072
0.024101
0.024115
0.024129
0.024142
0.024155
0.024168
0.024181
0.024195
0.024208
0.024776
0.025002
0.025019
0.025033
0.025047
0.025060
0.025073
0.025086
0.025100
0.025113
0.025125
0.024061
0.024276
0.024304
0.024318
0.024332
0.024346
0.024359
0.024372
0.024385
0.024398
0.024411
0.023559
0.023774
0.023800
0.023814
0.023828
0.023842
0.023854
0.023868
0.023881
0.023894
0.023907
0.023320
0.023544
0.023561
0.023575
0.023589
0.023603
0.023616
0.023630
0.023643
0.023659
0.023673
0.023271
0.023485
0.023511
0.023526
0.023539
0.023553
0.023566
0.023579
0.023592
0.023606
0.023619
0.023372
0.023594
0.023611
0.023625
0.023639
0.023652
0.023666
0.023680
0.023693
0.023706
0.023719
0.048492
0.048718
0.048735
0.048749
0.048763
0.048777
0.048790
0.048803
0.048816
0.048829
0.048842
0.023417
0.023643
0.023661
0.023675
0.023689
0.023703
0.023716
0.023730
0.023743
0.023756
0.023769
0.025317
0.025540
0.025558
0.025573
0.025586
0.025599
0.025613
0.025626
0.025639
0.025652
0.025665
0.025851
0.026073
0.026091
0.026105
0.026119
0.026134
0.026147
0.026160
0.026174
0.026187
0.026200
0.024836
0.025060
0.025077
0.025091
0.025105
0.025117
0.025131
0.025144
0.025157
0.025170
0.025183
0.024538
0.024752
0.024778
0.024793
0.024807
0.024820
0.024833
0.024847
0.024860
0.024873
0.024886
0.024492
0.024715
0.024732
0.024746
0.024760
0.024773
0.024786
0.024799
0.024812
0.024825
0.024837
0.024643
0.024855
0.024882
0.024896
0.024910
0.024923
0.024937
0.024950
0.024963
0.024976
0.024989
0.031800
0.032055
0.032085
0.032104
0.032123
0.032141
0.032158
0.032176
0.032193
0.032215
0.032232
0.029171
0.029389
0.029415
0.029430
0.029444
0.029457
0.029470
0.029484
0.029496
0.029509
0.029522
0.050873
0.051102
0.051120
0.051134
0.051147
0.051161
0.051174
0.051187
0.051199
0.051212
0.051225
0.031508
0.031780
0.031802
0.031821
0.031839
0.031857
0.031874
0.031892
0.031910
0.031927
0.031944
0.031634
0.031886
0.031907
0.031934
0.031952
0.031970
0.031987
0.032005
0.032022
0.032040
0.032058
0.027171
0.027400
0.027418
0.027432
0.027446
0.027459
0.027472
0.027485
0.027498
0.027511
0.027523
0.024084
0.024309
0.024327
0.024341
0.024354
0.024368
0.024384
0.024401
0.024417
0.024434
0.024451
0.025058
0.025286
0.025307
0.025324
0.025343
0.025359
0.025374
0.025390
0.025406
0.025421
0.025437
0.025560
0.025790
0.025811
0.025828
0.025844
0.025860
0.025875
0.025892
0.025909
0.025925
0.025940
0.024835
0.025066
0.025086
0.025103
0.025120
0.025136
0.025151
0.025167
0.025182
0.025198
0.025213
0.024777
0.025006
0.025026
0.025043
0.025059
0.025076
0.025091
0.025107
0.025123
0.025139
0.025154
0.024686
0.024914
0.024933
0.024949
0.024965
0.024981
0.024997
0.025013
0.025028
0.025044
0.025060
0.055255
0.055482
0.055500
0.055514
0.055528
0.055542
0.055555
0.055568
0.055581
0.055594
0.055607
0.024849
0.025076
0.025094
0.025109
0.025122
0.025136
0.025149
0.025162
0.025175
0.025188
0.025201
0.025177
0.025400
0.025417
0.025431
0.025445
0.025459
0.025472
0.025485
0.025501
0.025515
0.025527
0.025440
0.025661
0.025678
0.025693
0.025707
0.025721
0.025734
0.025747
0.025761
0.025774
0.025787
0.024849
0.025078
0.025096
0.025110
0.025125
0.025138
0.025152
0.025165
0.025179
0.025191
0.025205
0.024183
0.024410
0.024428
0.024442
0.024456
0.024469
0.024482
0.024496
0.024509
0.024521
0.024534
0.024039
0.024252
0.024278
0.024292
0.024306
0.024319
0.024333
0.024345
0.024359
0.024372
0.024384
0.024857
0.025076
0.025092
0.025106
0.025129
0.025142
0.025156
0.025168
0.025181
0.025194
0.025207
0.025225
0.025452
0.025479
0.025505
0.025531
0.025555
0.025580
0.025605
0.025628
0.025652
0.025676
0.025403
0.025626
0.025667
0.025692
0.025717
0.025741
0.025766
0.025790
0.025815
0.025838
0.025862
0.050617
0.050847
0.050876
0.050901
0.050926
0.050951
0.050975
0.050999
0.051023
0.051047
0.051071
0.025604
0.025837
0.025866
0.025889
0.025914
0.025938
0.025962
0.025987
0.026011
0.026035
0.026058
0.029928
0.030156
0.030173
0.030188
0.030201
0.030215
0.030228
0.030241
0.030255
0.030267
0.030280
0.025723
0.025951
0.025969
0.025983
0.025996
0.026010
0.026023
0.026036
0.026049
0.026062
0.026076
0.024119
0.024344
0.024361
0.024375
0.024389
0.024402
0.024415
0.024428
0.024441
0.024454
0.024467
0.024265
0.024489
0.024506
0.024521
0.024534
0.024547
0.024560
0.024574
0.024587
0.024600
0.024613
0.026902
0.027135
0.027152
0.027167
0.027180
0.027193
0.027206
0.027219
0.027232
0.027245
0.027258
0.025700
0.025927
0.025944
0.025959
0.025973
0.025986
0.026000
0.026013
0.026026
0.026040
0.026053
0.024579
0.024802
0.024819
0.024833
0.024847
0.024860
0.024873
0.024886
0.024899
0.024912
0.024925
0.025237
0.025451
0.025479
0.025493
0.025507
0.025521
0.025534
0.025548
0.025561
0.025574
0.025588
0.051304
0.051528
0.051546
0.051561
0.051575
0.051592
0.051605
0.051619
0.051631
0.051644
0.051657
0.027275
0.027498
0.027516
0.027530
0.027544
0.027557
0.027571
0.027584
0.027598
0.027611
0.027623
0.025738
0.025969
0.025987
0.026002
0.026016
0.026029
0.026047
0.026060
0.026074
0.026087
0.026100
0.025657
0.025880
0.025898
0.025912
0.025926
0.025940
0.025954
0.025967
0.025980
0.025993
0.026006
0.025189
0.025402
0.025418
0.025432
0.025445
0.025468
0.025481
0.025494
0.025507
0.025521
0.025533
0.025744
0.025971
0.025990
0.026004
0.026018
0.026038
0.026054
0.026070
0.026086
0.026102
0.026118
0.025178
0.025393
0.025422
0.025439
0.025454
0.025469
0.025484
0.025499
0.025514
0.025530
0.025544
0.025267
0.025497
0.025517
0.025536
0.025551
0.025567
0.025583
0.025600
0.025615
0.025631
0.025646
0.024061
0.024286
0.024306
0.024323
0.024339
0.024355
0.024371
0.024386
0.024402
0.024417
0.024433
0.025037
0.025253
0.025282
0.025300
0.025316
0.025331
0.025348
0.025363
0.025379
0.025394
0.025410
0.050730
0.050956
0.050976
0.050993
0.051010
0.051028
0.051044
0.051060
0.051075
0.051091
0.051106
0.025946
0.026169
0.026199
0.026216
0.026232
0.026248
0.026265
0.026280
0.026296
0.026311
0.026327
0.025417
0.025646
0.025666
0.025683
0.025699
0.025715
0.025731
0.025747
0.025763
0.025778
0.025794
0.025412
0.025636
0.025654
0.025668
0.025682
0.025696
0.025709
0.025723
0.025736
0.025749
0.025762
0.024964
0.025177
0.025203
0.025217
0.025230
0.025244
0.025257
0.025271
0.025284
0.025297
0.025310
0.024889
0.025107
0.025133
0.025147
0.025160
0.025174
0.025187
0.025200
0.025213
0.025225
0.025238
0.024918
0.025141
0.025158
0.025172
0.025186
0.025200
0.025213
0.025227
0.025240
0.025253
0.025266
0.024966
0.025191
0.025208
0.025223
0.025236
0.025249
0.025263
0.025276
0.025289
0.025301
0.025314
0.024785
0.024999
0.025026
0.025039
0.025053
0.025066
0.025079
0.025092
0.025105
0.025118
0.025131
0.024293
0.024519
0.024537
0.024551
0.024565
0.024578
0.024591
0.024605
0.024617
0.024630
0.024644
0.050435
0.050663
0.050681
0.050695
0.050708
0.050721
0.050735
0.050748
0.050761
0.050774
0.050787
0.024598
0.024822
0.024840
0.024854
0.024868
0.024881
0.024895
0.024908
0.024922
0.024935
0.024948
0.025609
0.025839
0.025858
0.025872
0.025886
0.025899
0.025913
0.025926
0.025939
0.025954
0.025968
0.025990
0.026218
0.026237
0.026251
0.026265
0.026278
0.026291
0.026304
0.026318
0.026331
0.026344
0.025196
0.025423
0.025441
0.025455
0.025469
0.025482
0.025495
0.025508
0.025521
0.025534
0.025547
0.024824
0.025051
0.025069
0.025084
0.025098
0.025111
0.025124
0.025137
0.025150
0.025163
0.025176
0.024969
0.025183
0.025210
0.025224
0.025239
0.025253
0.025266
0.025279
0.025292
0.025305
0.025319
0.024667
0.024891
0.024909
0.024923
0.024937
0.024950
0.024964
0.024977
0.024990
0.025003
0.025016
0.024539
0.024764
0.024782
0.024797
0.024811
0.024824
0.024837
0.024851
0.024864
0.024877
0.024890
0.024387
0.024611
0.024629
0.024644
0.024658
0.024671
0.024685
0.024698
0.024711
0.024724
0.024738
0.050237
0.050459
0.050476
0.050490
0.050504
0.050517
0.050531
0.050544
0.050557
0.050570
0.050584
0.024716
0.024944
0.024962
0.024977
0.024990
0.025003
0.025017
0.025030
0.025043
0.025056
0.025069
0.025365
0.025580
0.025607
0.025621
0.025634
0.025647
0.025661
0.025674
0.025686
0.025699
0.025712
0.024772
0.025001
0.025018
0.025033
0.025046
0.025059
0.025073
0.025086
0.025099
0.025112
0.025125
0.024381
0.024611
0.024628
0.024643
0.024656
0.024670
0.024683
0.024696
0.024709
0.024722
0.024735
0.024385
0.024612
0.024630
0.024644
0.024657
0.024671
0.024684
0.024698
0.024711
0.024724
0.024737
0.024378
0.024604
0.024625
0.024640
0.024654
0.024668
0.024680
0.024693
0.024707
0.024720
0.024733
0.024410
0.024625
0.024641
0.024654
0.024678
0.024691
0.024704
0.024717
0.024730
0.024743
0.024756
0.024380
0.024603
0.024621
0.024635
0.024649
0.024663
0.024676
0.024689
0.024703
0.024716
0.024729
0.024615
0.024839
0.024856
0.024870
0.024884
0.024897
0.024910
0.024923
0.024936
0.024949
0.024962
0.050245
0.050471
0.050488
0.050503
0.050516
0.050529
0.050543
0.050555
0.050569
0.050582
0.050594
0.024827
0.025053
0.025070
0.025084
0.025098
0.025111
0.025125
0.025138
0.025151
0.025164
0.025177
0.024567
0.024782
0.024809
0.024823
0.024837
0.024850
0.024863
0.024877
0.024890
0.024903
0.024915
0.025166
0.025388
0.025406
0.025420
0.025434
0.025447
0.025461
0.025474
0.025488
0.025501
0.025514
0.025455
0.025680
0.025697
0.025711
0.025725
0.025738
0.025751
0.025764
0.025777
0.025790
0.025803
0.025306
0.025532
0.025549
0.025563
0.025577
0.025596
0.025613
0.025629
0.025645
0.025661
0.025677
0.024799
0.025027
0.025047
0.025064
0.025081
0.025097
0.025112
0.025128
0.025143
0.025159
0.025174
0.024735
0.024964
0.024983
0.025000
0.025017
0.025038
0.025055
0.025070
0.025085
0.025100
0.025115
0.024339
0.024564
0.024581
0.024595
0.024608
0.024621
0.024635
0.024648
0.024661
0.024674
0.024687
0.024731
0.024950
0.024976
0.024990
0.025004
0.025017
0.025030
0.025043
0.025057
0.025070
0.025083
0.050256
0.050467
0.050493
0.050507
0.050520
0.050534
0.050546
0.050560
0.050573
0.050585
0.050598
0.024782
0.025004
0.025023
0.025038
0.025052
0.025065
0.025078
0.025092
0.025105
0.025118
0.025131
0.025176
0.025400
0.025421
0.025436
0.025450
0.025463
0.025476
0.025489
0.025502
0.025515
0.025528
0.025420
0.025647
0.025665
0.025679
0.025693
0.025706
0.025720
0.025733
0.025746
0.025759
0.025772
0.025356
0.025567
0.025593
0.025607
0.025620
0.025634
0.025647
0.025660
0.025672
0.025686
0.025698
0.025218
0.025445
0.025462
0.025476
0.025490
0.025503
0.025516
0.025529
0.025542
0.025555
0.025568
0.025655
0.025894
0.025922
0.025936
0.025950
0.025964
0.025977
0.025991
0.026004
0.026017
0.026030
0.024420
0.024637
0.024667
0.024684
0.024701
0.024717
0.024733
0.024748
0.024764
0.024779
0.024795
0.024350
0.024582
0.024603
0.024621
0.024637
0.024653
0.024669
0.024684
0.024699
0.024715
0.024731
0.024407
0.024638
0.024656
0.024670
0.024683
0.024697
0.024710
0.024723
0.024736
0.024749
0.024762
0.050730
0.050958
0.050978
0.050996
0.051012
0.051028
0.051045
0.051062
0.051078
0.051094
0.051110
0.025136
0.025366
0.025384
0.025398
0.025412
0.025425
0.025438
0.025450
0.025463
0.025476
0.025489
0.025441
0.025666
0.025684
0.025700
0.025715
0.025731
0.025746
0.025761
0.025776
0.025792
0.025806
0.025576
0.025795
0.025814
0.025840
0.025857
0.025873
0.025889
0.025904
