1.880777
0.035629
0.035934
0.035957
0.035977
0.035997
0.036016
0.036035
0.036054
0.036073
0.036093
0.036110
0.025099
0.025346
0.025363
0.025378
0.025391
0.025406
0.025419
0.025433
0.025446
0.025460
0.025473
0.023855
0.024088
0.024107
0.024122
0.024137
0.024150
0.024164
0.024177
0.024191
0.024204
0.024217
0.023480
0.023706
0.023724
0.023738
0.023751
0.023765
0.023778
0.023792
0.023805
0.023818
0.023831
0.023609
0.023836
0.023855
0.023869
0.023883
0.023897
0.023910
0.023924
0.023937
0.023951
0.023964
0.023644
0.023868
0.023886
0.023901
0.023915
0.023928
0.023941
0.023954
0.023967
0.023980
0.023993
0.023343
0.023567
0.023584
0.023598
0.023612
0.023625
0.023641
0.023654
0.023668
0.023681
0.023695
0.023777
0.023993
0.024033
0.024053
0.024080
0.024103
0.024121
0.024138
0.024159
0.024174
0.024187
0.023230
0.023441
0.023467
0.023481
0.023495
0.023509
0.023522
0.023535
0.023548
0.023561
0.023574
0.051236
0.051460
0.051477
0.051491
0.051504
0.051517
0.051531
0.051546
0.051559
0.051572
0.051585
0.024500
0.024732
0.024751
0.024765
0.024779
0.024793
0.024806
0.024819
0.024832
0.024846
0.024859
0.024032
0.024256
0.024274
0.024288
0.024301
0.024317
0.024330
0.024343
0.024356
0.024369
0.024382
0.024084
0.024309
0.024327
0.024341
0.024355
0.024369
0.024382
0.024395
0.024408
0.024421
0.024434
0.024821
0.025039
0.025057
0.025070
0.025094
0.025110
0.025124
0.025153
0.025168
0.025183
0.025197
0.024038
0.024264
0.024282
0.024298
0.024311
0.024325
0.024338
0.024352
0.024365
0.024378
0.024391
0.023849
0.024069
0.024086
0.024100
0.024114
0.024127
0.024140
0.024153
0.024169
0.024182
0.024195
0.023447
0.023672
0.023689
0.023703
0.023716
0.023729
0.023742
0.023755
0.023768
0.023781
0.023793
0.023285
0.023513
0.023529
0.023544
0.023557
0.023570
0.023583
0.023597
0.023610
0.023624
0.023636
0.023865
0.024091
0.024108
0.024125
0.024139
0.024152
0.024165
0.024178
0.024191
0.024204
0.024217
0.051618
0.051829
0.051845
0.051858
0.051882
0.051895
0.051909
0.051923
0.051936
0.051948
0.051961
0.023836
0.024054
0.024081
0.024095
0.024109
0.024122
0.024135
0.024148
0.024160
0.024182
0.024198
0.024874
0.025098
0.025117
0.025132
0.025146
0.025159
0.025172
0.025185
0.025199
0.025212
0.025224
0.023842
0.024078
0.024109
0.024132
0.024148
0.024161
0.024174
0.024188
0.024201
0.024226
0.024242
0.024344
0.024571
0.024588
0.024603
0.024617
0.024630
0.024644
0.024657
0.024671
0.024684
0.024698
0.023484
0.023709
0.023726
0.023741
0.023755
0.023771
0.023785
0.023798
0.023811
0.023824
0.023838
0.023410
0.023634
0.023651
0.023665
0.023679
0.023692
0.023706
0.023719
0.023732
0.023745
0.023758
0.023409
0.023635
0.023654
0.023668
0.023682
0.023695
0.023708
0.023721
0.023735
0.023748
0.023761
0.023982
0.024211
0.024228
0.024242
0.024256
0.024269
0.024283
0.024296
0.024309
0.024323
0.024336
0.023539
0.023767
0.023785
0.023799
0.023813
0.023826
0.023840
0.023853
0.023866
0.023879
0.023893
0.050420
0.050643
0.050660
0.050674
0.050688
0.050701
0.050714
0.050727
0.050740
0.050754
0.050770
0.023710
0.023939
0.023960
0.023978
0.023994
0.024010
0.024026
0.024041
0.024056
0.024072
0.024087
0.024132
0.024359
0.024386
0.024413
0.024437
0.024468
0.024494
0.024518
0.024542
0.024566
0.024590
0.023997
0.024221
0.024263
0.024290
0.024314
0.024339
0.024363
0.024388
0.024412
0.024436
0.024459
0.023653
0.023891
0.023923
0.023950
0.023976
0.024001
0.024024
0.024049
0.024072
0.024096
0.024119
0.023554
0.023783
0.023807
0.023830
0.023855
0.023880
0.023905
0.023930
0.023954
0.023978
0.024002
0.023531
0.023766
0.023796
0.023823
0.023849
0.023875
0.023899
0.023923
0.023947
0.023971
0.023994
0.023568
0.023797
0.023817
0.023834
0.023850
0.023867
0.023883
0.023899
0.023914
0.023934
0.023949
0.023461
0.023677
0.023706
0.023723
0.023739
0.023756
0.023771
0.023787
0.023802
0.023818
0.023833
0.023402
0.023636
0.023656
0.023673
0.023689
0.023705
0.023721
0.023737
0.023753
0.023768
0.023784
0.050620
0.050851
0.050873
0.050890
0.050907
0.050922
0.050938
0.050953
0.050969
0.050984
0.051000
0.024035
0.024278
0.024297
0.024311
0.024325
0.024338
0.024351
0.024364
0.024377
0.024391
0.024404
0.024227
0.024454
0.024471
0.024485
0.024498
0.024512
0.024525
0.024538
0.024551
0.024564
0.024577
0.023638
0.023859
0.023876
0.023891
0.023904
0.023917
0.023931
0.023945
0.023958
0.023971
0.023984
0.023362
0.023589
0.023607
0.023621
0.023634
0.023647
0.023661
0.023674
0.023687
0.023700
0.023713
0.023419
0.023639
0.023658
0.023672
0.023686
0.023700
0.023713
0.023727
0.023740
0.023753
0.023767
0.023286
0.023497
0.023514
0.023527
0.023551
0.023564
0.023577
0.023590
0.023608
0.023622
0.023635
0.023556
0.023779
0.023797
0.023811
0.023825
0.023839
0.023852
0.023866
0.023879
0.023892
0.023905
0.023482
0.023708
0.023725
0.023739
0.023752
0.023766
0.023779
0.023791
0.023804
0.023820
0.023833
0.023283
0.023513
0.023530
0.023545
0.023558
0.023572
0.023587
0.023600
0.023617
0.023634
0.023650
0.056685
0.056909
0.056926
0.056941
0.056954
0.056967
0.056981
0.056994
0.057007
0.057019
0.057033
0.026300
0.026527
0.026544
0.026559
0.026573
0.026586
0.026600
0.026613
0.026626
0.026639
0.026652
0.025189
0.025412
0.025429
0.025444
0.025457
0.025471
0.025484
0.025497
0.025510
0.025523
0.025536
0.025009
0.025238
0.025255
0.025270
0.025284
0.025298
0.025311
0.025325
0.025342
0.025356
0.025369
0.024990
0.025214
0.025231
0.025245
0.025259
0.025272
0.025286
0.025299
0.025313
0.025326
0.025339
0.024869
0.025095
0.025112
0.025126
0.025143
0.025157
0.025170
0.025183
0.025196
0.025209
0.025222
0.028204
0.028445
0.028473
0.028499
0.028526
0.028551
0.028575
0.028600
0.028623
0.028648
0.028671
0.026031
0.026260
0.026288
0.026313
0.026339
0.026362
0.026387
0.026410
0.026434
0.026457
0.026481
0.024633
0.024864
0.024885
0.024902
0.024918
0.024933
0.024949
0.024964
0.024980
0.024995
0.025011
0.024591
0.024818
0.024839
0.024862
0.024879
0.024895
0.024911
0.024927
0.024943
0.024959
0.024974
0.054584
0.054805
0.054823
0.054850
0.054866
0.054882
0.054897
0.054914
0.054931
0.054947
0.054963
0.025876
0.026101
0.026126
0.026144
0.026162
0.026178
0.026194
0.026209
0.026225
0.026240
0.026256
0.025805
0.026032
0.026053
0.026071
0.026087
0.026103
0.026118
0.026134
0.026154
0.026169
0.026185
0.024970
0.025200
0.025220
0.025237
0.025253
0.025269
0.025285
0.025300
0.025316
0.025331
0.025347
0.024172
0.024401
0.024420
0.024437
0.024453
0.024469
0.024485
0.024501
0.024517
0.024534
0.024550
0.024242
0.024473
0.024494
0.024511
0.024527
0.024542
0.024558
0.024574
0.024589
0.024605
0.024624
0.025307
0.025535
0.025556
0.025573
0.025591
0.025607
0.025624
0.025640
0.025658
0.025673
0.025690
0.025630
0.025860
0.025878
0.025892
0.025906
0.025919
0.025932
0.025945
0.025958
0.025970
0.025984
0.024965
0.025189
0.025206
0.025220
0.025234
0.025247
0.025261
0.025274
0.025287
0.025300
0.025313
0.024907
0.025136
0.025154
0.025168
0.025182
0.025195
0.025208
0.025221
0.025234
0.025247
0.025259
0.054406
0.054635
0.054652
0.054667
0.054680
0.054694
0.054707
0.054720
0.054734
0.054746
0.054760
0.026143
0.026381
0.026398
0.026412
0.026426
0.026440
0.026453
0.026466
0.026479
0.026492
0.026505
0.025167
0.025395
0.025412
0.025427
0.025440
0.025454
0.025467
0.025480
0.025493
0.025507
0.025520
0.025187
0.025412
0.025429
0.025444
0.025458
0.025471
0.025485
0.025498
0.025511
0.025524
0.025537
0.025030
0.025254
0.025271
0.025286
0.025300
0.025313
0.025327
0.025340
0.025353
0.025366
0.025379
0.025279
0.025497
0.025524
0.025538
0.025557
0.025573
0.025589
0.025604
0.025620
0.025634
0.025650
0.024571
0.024794
0.024811
0.024825
0.024838
0.024851
0.024865
0.024878
0.024890
0.024903
0.024916
0.025048
0.025276
0.025294
0.025308
0.025322
0.025336
0.025349
0.025362
0.025376
0.025389
0.025403
0.025149
0.025376
0.025393
0.025408
0.025421
0.025435
0.025448
0.025462
0.025475
0.025488
0.025501
0.024857
0.025079
0.025096
0.025110
0.025124
0.025137
0.025151
0.025163
0.025177
0.025190
0.025203
0.054255
0.054483
0.054501
0.054515
0.054528
0.054544
0.054557
0.054570
0.054583
0.054596
0.054609
0.026361
0.026594
0.026612
0.026626
0.026639
0.026652
0.026665
0.026678
0.026691
0.026705
0.026718
0.025005
0.025218
0.025244
0.025259
0.025272
0.025286
0.025299
0.025312
0.025325
0.025338
0.025351
0.024832
0.025059
0.025076
0.025090
0.025105
0.025118
0.025131
0.025144
0.025158
0.025171
0.025184
0.024728
0.024960
0.024977
0.024991
0.025005
0.025018
0.025032
0.025044
0.025058
0.025071
0.025083
0.025142
0.025365
0.025383
0.025398
0.025412
0.025425
0.025438
0.025451
0.025465
0.025478
0.025492
0.024218
0.024441
0.024458
0.024472
0.024486
0.024499
0.024513
0.024526
0.024539
0.024552
0.024565
0.024704
0.024921
0.024948
0.024962
0.024976
0.024989
0.025003
0.025017
0.025029
0.025043
0.025056
0.024583
0.024812
0.024830
0.024850
0.024864
0.024878
0.024891
0.024904
0.024917
0.024930
0.024943
0.025487
0.025714
0.025731
0.025745
0.025759
0.025773
0.025786
0.025800
0.025813
0.025826
0.025839
0.054184
0.054399
0.054425
0.054439
0.054452
0.054466
0.054479
0.054492
0.054505
0.054518
0.054531
0.025946
0.026170
0.026188
0.026202
0.026216
0.026229
0.026242
0.026256
0.026269
0.026282
0.026296
0.025361
0.025584
0.025601
0.025615
0.025629
0.025643
0.025656
0.025669
0.025682
0.025696
0.025709
0.026090
0.026318
0.026335
0.026350
0.026364
0.026378
0.026391
0.026405
0.026418
0.026431
0.026444
0.024117
0.024340
0.024357
0.024371
0.024384
0.024398
0.024411
0.024424
0.024437
0.024450
0.024463
0.024228
0.024448
0.024466
0.024480
0.024494
0.024508
0.024521
0.024534
0.024547
0.024560
0.024573
0.025769
0.025997
0.026023
0.026048
0.026074
0.026098
0.026123
0.026146
0.026170
0.026194
0.026218
0.025338
0.025562
0.025580
0.025594
0.025608
0.025621
0.025634
0.025647
0.025660
0.025673
0.025686
0.024471
0.024696
0.024712
0.024726
0.024740
0.024753
0.024766
0.024779
0.024792
0.024805
0.024818
0.031504
0.031774
0.031796
0.031816
0.031834
0.031852
0.031869
0.031887
0.031905
0.031922
0.031940
0.056572
0.056800
0.056823
0.056839
0.056865
0.056881
0.056897
0.056913
0.056929
0.056944
0.056960
0.027249
0.027477
0.027498
0.027514
0.027530
0.027546
0.027562
0.027577
0.027592
0.027608
0.027623
0.025613
0.025840
0.025857
0.025872
0.025885
0.025899
0.025912
0.025925
0.025939
0.025956
0.025970
0.024706
0.024929
0.024947
0.024961
0.024975
0.024988
0.025002
0.025015
0.025028
0.025041
0.025054
0.024706
0.024921
0.024947
0.024962
0.024976
0.024989
0.025002
0.025015
0.025029
0.025042
0.025055
0.024948
0.025170
0.025199
0.025223
0.025246
0.025270
0.025295
0.025319
0.025342
0.025366
0.025389
0.025108
0.025337
0.025362
0.025387
0.025411
0.025435
0.025460
0.025484
0.025509
0.025532
0.025556
0.025885
0.026111
0.026128
0.026142
0.026156
0.026169
0.026182
0.026195
0.026208
0.026221
0.026234
0.025243
0.025473
0.025490
0.025504
0.025518
0.025531
0.025544
0.025558
0.025571
0.025584
0.025597
0.024461
0.024682
0.024700
0.024714
0.024734
0.024748
0.024761
0.024774
0.024787
0.024800
0.024813
0.053881
0.054104
0.054121
0.054135
0.054149
0.054163
0.054176
0.054189
0.054207
0.054220
0.054233
0.024618
0.024843
0.024861
0.024875
0.024889
0.024903
0.024916
0.024929
0.024942
0.024955
0.024967
0.025549
0.025764
0.025793
0.025810
0.025827
0.025843
0.025859
0.025875
0.025890
0.025906
0.025922
0.024488
0.024705
0.024733
0.024750
0.024765
0.024780
0.024795
0.024817
0.024834
0.024848
0.024864
0.024489
0.024716
0.024736
0.024752
0.024768
0.024784
0.024799
0.024815
0.024830
0.024845
0.024860
0.024862
0.025085
0.025101
0.025115
0.025129
0.025142
0.025156
0.025169
0.025182
0.025195
0.025208
0.024344
0.024567
0.024589
0.024604
0.024617
0.024631
0.024643
0.024657
0.024669
0.024682
0.024695
0.025995
0.026217
0.026235
0.026249
0.026263
0.026276
0.026289
0.026302
0.026315
0.026328
0.026341
0.024337
0.024549
0.024576
0.024590
0.024604
0.024618
0.024631
0.024644
0.024657
0.024670
0.024683
0.024369
0.024597
0.024615
0.024629
0.024643
0.024657
0.024670
0.024683
0.024696
0.024709
0.024722
0.055273
0.055487
0.055514
0.055528
0.055542
0.055555
0.055568
0.055581
0.055594
0.055607
0.055620
0.025800
0.026014
0.026041
0.026055
0.026068
0.026082
0.026095
0.026109
0.026122
0.026135
0.026148
0.025434
0.025659
0.025676
0.025690
0.025704
0.025717
0.025730
0.025743
0.025757
0.025769
0.025783
0.024261
0.024489
0.024506
0.024520
0.024534
0.024547
0.024560
0.024574
0.024587
0.024601
0.024614
0.024885
0.025102
0.025119
0.025143
0.025157
0.025170
0.025183
0.025197
0.025209
0.025222
0.025235
0.024471
0.024697
0.024714
0.024729
0.024743
0.024756
0.024770
0.024784
0.024797
0.024811
0.024824
0.031914
0.032169
0.032199
0.032218
0.032236
0.032254
0.032271
0.032289
0.032306
0.032324
0.032341
0.029670
0.029903
0.029921
0.029935
0.029949
0.029963
0.029976
0.029989
0.030002
0.030017
0.030039
0.024510
0.024736
0.024753
0.024767
0.024781
0.024794
0.024807
0.024820
0.024833
0.024847
0.024859
0.025986
0.026213
0.026230
0.026244
0.026258
0.026275
0.026290
0.026304
0.026320
0.026333
0.026348
0.055305
0.055524
0.055561
0.055587
0.055611
0.055635
0.055659
0.055683
0.055706
0.055731
0.055754
0.025464
0.025676
0.025707
0.025721
0.025734
0.025748
0.025762
0.025775
0.025788
0.025801
0.025815
0.025564
0.025789
0.025806
0.025820
0.025833
0.025847
0.025860
0.025873
0.025886
0.025899
0.025912
0.025015
0.025239
0.025257
0.025271
0.025285
0.025298
0.025311
0.025325
0.025338
0.025351
0.025364
0.024498
0.024719
0.024737
0.024750
0.024764
0.024777
0.024790
0.024803
0.024816
0.024829
0.024842
0.024890
0.025118
0.025135
0.025149
0.025163
