1.856597
0.032506
0.032773
0.032803
0.032818
0.032833
0.032848
0.032863
0.032878
0.032897
0.032911
0.032925
0.025529
0.025782
0.025799
0.025812
0.025827
0.025842
0.025857
0.025871
0.025886
0.025899
0.025914
0.030903
0.031149
0.031167
0.031182
0.031197
0.031210
0.031224
0.031238
0.031251
0.031265
0.031278
0.024475
0.024710
0.024728
0.024743
0.024758
0.024772
0.024786
0.024799
0.024812
0.024826
0.024839
0.023971
0.024188
0.024209
0.024224
0.024249
0.024263
0.024276
0.024290
0.024303
0.024317
0.024330
0.023691
0.023907
0.023933
0.023949
0.023963
0.023976
0.023989
0.024003
0.024017
0.024030
0.024044
0.026008
0.026251
0.026270
0.026284
0.026297
0.026311
0.026326
0.026339
0.026352
0.026366
0.026379
0.024614
0.024846
0.024863
0.024877
0.024890
0.024904
0.024917
0.024930
0.024944
0.024957
0.024970
0.024571
0.024794
0.024819
0.024833
0.024847
0.024860
0.024873
0.024887
0.024900
0.024913
0.024926
0.049101
0.049324
0.049351
0.049365
0.049379
0.049392
0.049405
0.049421
0.049434
0.049447
0.049460
0.025111
0.025333
0.025360
0.025374
0.025388
0.025401
0.025414
0.025427
0.025441
0.025454
0.025467
0.025017
0.025248
0.025265
0.025280
0.025292
0.025309
0.025322
0.025335
0.025348
0.025361
0.025374
0.025082
0.025303
0.025319
0.025332
0.025356
0.025369
0.025382
0.025395
0.025409
0.025422
0.025436
0.025408
0.025640
0.025657
0.025671
0.025685
0.025701
0.025733
0.025762
0.025791
0.025820
0.025841
0.024048
0.024282
0.024299
0.024313
0.024326
0.024339
0.024353
0.024366
0.024379
0.024392
0.024405
0.024146
0.024381
0.024399
0.024417
0.024443
0.024458
0.024471
0.024485
0.024501
0.024514
0.024527
0.024800
0.025021
0.025047
0.025062
0.025076
0.025090
0.025103
0.025116
0.025129
0.025142
0.025155
0.024429
0.024649
0.024675
0.024690
0.024703
0.024717
0.024730
0.024744
0.024757
0.024770
0.024783
0.024715
0.024948
0.024965
0.024982
0.024996
0.025010
0.025023
0.025036
0.025050
0.025063
0.025076
0.050638
0.050864
0.050881
0.050895
0.050908
0.050921
0.050934
0.050947
0.050960
0.050972
0.050985
0.024648
0.024879
0.024896
0.024910
0.024924
0.024937
0.024950
0.024963
0.024976
0.024989
0.025002
0.024157
0.024388
0.024407
0.024421
0.024434
0.024447
0.024461
0.024474
0.024487
0.024500
0.024513
0.024202
0.024435
0.024452
0.024466
0.024480
0.024494
0.024507
0.024520
0.024534
0.024547
0.024560
0.024393
0.024621
0.024638
0.024652
0.024666
0.024679
0.024693
0.024707
0.024720
0.024733
0.024747
0.025144
0.025376
0.025393
0.025407
0.025421
0.025437
0.025450
0.025464
0.025477
0.025489
0.025502
0.026145
0.026373
0.026391
0.026405
0.026419
0.026433
0.026446
0.026459
0.026472
0.026485
0.026498
0.025401
0.025632
0.025650
0.025664
0.025677
0.025691
0.025705
0.025718
0.025732
0.025744
0.025758
0.025490
0.025789
0.025817
0.025852
0.025879
0.025907
0.025934
0.025963
0.025990
0.026016
0.026041
0.025036
0.025267
0.025285
0.025299
0.025313
0.025326
0.025340
0.025353
0.025366
0.025379
0.025393
0.049521
0.049753
0.049770
0.049784
0.049797
0.049810
0.049824
0.049837
0.049850
0.049862
0.049875
0.025119
0.025423
0.025457
0.025486
0.025512
0.025548
0.025575
0.025602
0.025631
0.025658
0.025685
0.025764
0.025999
0.026017
0.026031
0.026045
0.026058
0.026072
0.026085
0.026098
0.026111
0.026125
0.026164
0.026397
0.026417
0.026432
0.026446
0.026459
0.026473
0.026485
0.026499
0.026512
0.026525
0.025514
0.025731
0.025747
0.025760
0.025784
0.025801
0.025818
0.025834
0.025850
0.025865
0.025881
0.025690
0.025916
0.025936
0.025962
0.025979
0.025995
0.026011
0.026028
0.026044
0.026060
0.026076
0.025505
0.025735
0.025763
0.025780
0.025803
0.025820
0.025836
0.025852
0.025867
0.025883
0.025899
0.025658
0.025883
0.025912
0.025929
0.025945
0.025961
0.025978
0.025995
0.026011
0.026032
0.026047
0.025390
0.025630
0.025650
0.025666
0.025683
0.025699
0.025716
0.025731
0.025747
0.025762
0.025778
0.025486
0.025712
0.025742
0.025758
0.025774
0.025790
0.025806
0.025823
0.025837
0.025851
0.025864
0.050750
0.050969
0.050998
0.051014
0.051031
0.051046
0.051061
0.051076
0.051091
0.051106
0.051121
0.026733
0.026973
0.026993
0.027010
0.027026
0.027041
0.027056
0.027072
0.027086
0.027102
0.027116
0.027164
0.027390
0.027421
0.027438
0.027454
0.027470
0.027486
0.027502
0.027517
0.027533
0.027549
0.026894
0.027114
0.027140
0.027155
0.027169
0.027182
0.027195
0.027209
0.027221
0.027235
0.027247
0.028159
0.028383
0.028413
0.028430
0.028447
0.028463
0.028479
0.028496
0.028511
0.028527
0.028542
0.026126
0.026367
0.026388
0.026407
0.026424
0.026441
0.026458
0.026473
0.026489
0.026504
0.026520
0.026399
0.026624
0.026653
0.026669
0.026685
0.026700
0.026716
0.026731
0.026747
0.026773
0.026791
0.026670
0.026892
0.026918
0.026932
0.026946
0.026959
0.026973
0.026986
0.026999
0.027012
0.027025
0.026825
0.027057
0.027074
0.027088
0.027102
0.027115
0.027128
0.027140
0.027153
0.027169
0.027181
0.026276
0.026511
0.026533
0.026548
0.026561
0.026575
0.026588
0.026601
0.026614
0.026627
0.026640
0.052768
0.052998
0.053025
0.053039
0.053053
0.053066
0.053080
0.053093
0.053107
0.053120
0.053133
0.027885
0.028114
0.028132
0.028147
0.028160
0.028174
0.028187
0.028200
0.028213
0.028226
0.028239
0.027247
0.027480
0.027497
0.027511
0.027524
0.027538
0.027551
0.027564
0.027577
0.027590
0.027604
0.026143
0.026371
0.026388
0.026402
0.026416
0.026429
0.026443
0.026456
0.026469
0.026482
0.026495
0.025799
0.026033
0.026050
0.026065
0.026078
0.026091
0.026104
0.026117
0.026130
0.026143
0.026156
0.026002
0.026234
0.026251
0.026265
0.026282
0.026296
0.026309
0.026322
0.026336
0.026349
0.026361
0.025960
0.026196
0.026214
0.026228
0.026242
0.026255
0.026269
0.026283
0.026297
0.026310
0.026323
0.025886
0.026117
0.026134
0.026149
0.026163
0.026176
0.026189
0.026202
0.026216
0.026229
0.026242
0.025981
0.026211
0.026228
0.026243
0.026257
0.026270
0.026284
0.026297
0.026311
0.026324
0.026337
0.026300
0.026547
0.026565
0.026579
0.026592
0.026606
0.026619
0.026632
0.026645
0.026658
0.026672
0.052344
0.052563
0.052589
0.052604
0.052617
0.052631
0.052644
0.052658
0.052671
0.052684
0.052696
0.025945
0.026175
0.026193
0.026208
0.026222
0.026235
0.026249
0.026262
0.026276
0.026289
0.026302
0.026551
0.026784
0.026801
0.026816
0.026830
0.026844
0.026856
0.026870
0.026886
0.026899
0.026912
0.026430
0.026650
0.026676
0.026690
0.026704
0.026717
0.026731
0.026744
0.026757
0.026770
0.026783
0.025416
0.025655
0.025673
0.025687
0.025702
0.025715
0.025728
0.025741
0.025754
0.025767
0.025780
0.026958
0.027189
0.027207
0.027222
0.027235
0.027249
0.027262
0.027275
0.027288
0.027301
0.027314
0.028507
0.028817
0.028848
0.028874
0.028908
0.028932
0.028954
0.028977
0.028999
0.029023
0.029046
0.030671
0.030901
0.030919
0.030933
0.030946
0.030960
0.030973
0.030987
0.031000
0.031016
0.031034
0.031915
0.032145
0.032174
0.032191
0.032207
0.032223
0.032240
0.032256
0.032272
0.032287
0.032302
0.030847
0.031070
0.031098
0.031115
0.031131
0.031147
0.031163
0.031178
0.031193
0.031209
0.031224
0.054999
0.055234
0.055255
0.055273
0.055290
0.055305
0.055321
0.055337
0.055352
0.055367
0.055383
0.028193
0.028431
0.028453
0.028470
0.028488
0.028503
0.028520
0.028535
0.028551
0.028567
0.028583
0.026103
0.026340
0.026361
0.026379
0.026395
0.026411
0.026426
0.026442
0.026457
0.026473
0.026488
0.025675
0.025909
0.025929
0.025945
0.025961
0.025977
0.025992
0.026007
0.026023
0.026038
0.026054
0.025513
0.025749
0.025768
0.025784
0.025801
0.025815
0.025831
0.025846
0.025861
0.025877
0.025892
0.027129
0.027368
0.027388
0.027406
0.027422
0.027438
0.027454
0.027469
0.027485
0.027502
0.027518
0.029158
0.029397
0.029416
0.029434
0.029450
0.029466
0.029481
0.029497
0.029512
0.029528
0.029543
0.031048
0.031282
0.031303
0.031320
0.031338
0.031352
0.031366
0.031382
0.031395
0.031409
0.031422
0.031713
0.031944
0.031963
0.031977
0.031991
0.032004
0.032017
0.032031
0.032044
0.032060
0.032077
0.031208
0.031442
0.031471
0.031488
0.031506
0.031521
0.031538
0.031553
0.031569
0.031584
0.031600
0.056033
0.056277
0.056297
0.056314
0.056329
0.056348
0.056363
0.056378
0.056393
0.056408
0.056422
0.031828
0.032064
0.032091
0.032111
0.032127
0.032143
0.032158
0.032174
0.032189
0.032204
0.032219
0.030700
0.030937
0.030957
0.030973
0.030991
0.031008
0.031023
0.031040
0.031055
0.031071
0.031086
0.030226
0.030458
0.030477
0.030491
0.030506
0.030519
0.030533
0.030546
0.030560
0.030574
0.030586
0.030235
0.030468
0.030486
0.030500
0.030513
0.030527
0.030540
0.030553
0.030566
0.030579
0.030592
0.032207
0.032428
0.032445
0.032468
0.032482
0.032496
0.032509
0.032523
0.032536
0.032549
0.032562
0.031549
0.031781
0.031799
0.031813
0.031827
0.031840
0.031854
0.031867
0.031880
0.031893
0.031907
0.030628
0.030851
0.030877
0.030892
0.030905
0.030919
0.030932
0.030946
0.030959
0.030972
0.030985
0.031375
0.031614
0.031632
0.031646
0.031660
0.031673
0.031687
0.031700
0.031712
0.031725
0.031738
0.030995
0.031218
0.031246
0.031260
0.031274
0.031287
0.031300
0.031313
0.031326
0.031339
0.031352
0.054892
0.055111
0.055137
0.055151
0.055165
0.055178
0.055192
0.055205
0.055218
0.055231
0.055244
0.027736
0.027972
0.027990
0.028004
0.028018
0.028031
0.028045
0.028059
0.028072
0.028085
0.028098
0.026536
0.026769
0.026788
0.026803
0.026819
0.026834
0.026850
0.026864
0.026879
0.026894
0.026909
0.026853
0.027092
0.027111
0.027128
0.027145
0.027161
0.027176
0.027193
0.027208
0.027224
0.027239
0.028278
0.028508
0.028537
0.028553
0.028570
0.028585
0.028601
0.028616
0.028632
0.028648
0.028664
0.026790
0.027031
0.027050
0.027067
0.027083
0.027099
0.027115
0.027131
0.027148
0.027163
0.027178
0.027014
0.027254
0.027275
0.027292
0.027308
0.027324
0.027340
0.027356
0.027372
0.027388
0.027404
0.030447
0.030685
0.030705
0.030723
0.030739
0.030756
0.030772
0.030789
0.030805
0.030820
0.030836
0.031740
0.031965
0.031994
0.032010
0.032027
0.032044
0.032060
0.032076
0.032092
0.032107
0.032123
0.031641
0.031873
0.031890
0.031904
0.031918
0.031931
0.031945
0.031958
0.031971
0.031985
0.031998
0.056596
0.056819
0.056846
0.056860
0.056874
0.056887
0.056901
0.056915
0.056928
0.056941
0.056954
0.033100
0.033331
0.033349
0.033363
0.033377
0.033390
0.033403
0.033417
0.033430
0.033443
0.033456
0.031267
0.031503
0.031520
0.031535
0.031549
0.031562
0.031576
0.031589
0.031602
0.031619
0.031632
0.030568
0.030789
0.030805
0.030830
0.030843
0.030857
0.030870
0.030884
0.030897
0.030910
0.030923
0.028407
0.028637
0.028654
0.028669
0.028683
0.028696
0.028710
0.028723
0.028736
0.028749
0.028763
0.030569
0.030790
0.030817
0.030831
0.030845
0.030858
0.030872
0.030885
0.030898
0.030911
0.030924
0.029490
0.029711
0.029737
0.029752
0.029767
0.029780
0.029793
0.029807
0.029820
0.029833
0.029846
0.026775
0.027007
0.027025
0.027039
0.027052
0.027066
0.027078
0.027092
0.027105
0.027118
0.027131
0.029168
0.029400
0.029418
0.029432
0.029446
0.029459
0.029472
0.029485
0.029498
0.029511
0.029524
0.026715
0.026933
0.026959
0.026973
0.026988
0.027001
0.027014
0.027028
0.027041
0.027054
0.027067
0.051621
0.051858
0.051876
0.051890
0.051904
0.051918
0.051931
0.051944
0.051957
0.051970
0.051983
0.030873
0.031109
0.031136
0.031151
0.031164
0.031178
0.031192
0.031205
0.031219
0.031232
0.031245
0.026412
0.026645
0.026663
0.026677
0.026690
0.026704
0.026717
0.026731
0.026744
0.026757
0.026770
0.026903
0.027133
0.027150
0.027164
0.027178
0.027191
0.027205
0.027218
0.027231
0.027244
0.027257
0.026306
0.026539
0.026557
0.026571
0.026585
0.026598
0.026611
0.026624
0.026638
0.026651
0.026664
0.026699
0.026925
0.026951
0.026966
0.026979
0.026992
0.027005
0.027019
0.027032
0.027046
0.027060
0.026371
0.026605
0.026625
0.026639
0.026653
0.026666
0.026679
0.026692
0.026705
0.026718
0.026731
0.027247
0.027473
0.027491
0.027505
0.027518
0.027531
0.027544
0.027557
0.027570
0.027584
0.027597
0.026363
0.026600
0.026618
0.026632
0.026646
0.026660
0.026673
0.026686
0.026700
0.026713
0.026726
0.026364
0.026591
0.026627
0.026643
0.026658
0.026678
0.026700
0.026715
0.026729
0.026743
0.026756
0.054042
0.054266
0.054290
0.054324
0.054348
0.054372
0.054396
0.054421
0.054445
0.054468
0.054493
0.026778
0.027015
0.027041
0.027067
0.027090
0.027114
0.027138
0.027163
0.027187
0.027210
0.027235
0.027489
0.027730
0.027756
0.027783
0.027806
0.027831
0.027855
0.027879
0.027902
0.027926
0.027950
0.026745
0.026986
0.027018
0.027044
0.027071
0.027095
0.027119
0.027143
0.027167
0.027190
0.027214
0.026551
0.026779
0.026811
0.026834
0.026859
0.026884
0.026907
0.026932
0.026956
0.026980
0.027004
0.026623
0.026865
0.026894
0.026922
0.026948
0.026978
0.027004
0.027029
0.027053
0.027077
0.027101
0.026506
0.026742
0.026765
0.026788
0.026812
0.026837
0.026861
0.026885
0.026909
0.026933
0.026957
0.026373
0.026608
0.026632
0.026655
0.026680
0.026705
0.026730
0.026755
0.026780
0.026804
0.026828
0.026678
0.026920
0.026949
0.026972
0.027003
0.027029
0.027052
0.027076
0.027101
0.027124
0.027149
0.027045
0.027290
0.027323
0.027348
0.027374
0.027399
0.027423
0.027447
0.027471
0.027495
0.027519
0.053209
0.053448
0.053478
0.053502
0.053526
0.053551
0.053585
0.053611
0.053627
0.053646
0.053667
0.028436
0.028668
0.028689
0.028704
0.028718
0.028731
0.028744
0.028758
0.028771
0.028784
0.028797
0.027204
0.027442
0.027459
0.027473
0.027487
0.027500
0.027513
0.027526
0.027539
0.027552
0.027565
0.027105
0.027336
0.027354
0.027368
0.027382
0.027396
0.027409
0.027422
0.027435
0.027449
0.027462
0.027146
0.027378
0.027395
0.027409
0.027423
0.027437
0.027450
0.027463
0.027476
0.027489
0.027503
0.026901
0.027137
0.027155
0.027169
0.027183
0.027196
0.027210
0.027223
0.027236
0.027249
0.027262
0.026601
0.026836
0.026853
0.026868
0.026881
0.026894
0.026907
0.026921
0.026934
0.026947
0.026960
0.026423
0.026656
0.026675
0.026689
0.026704
0.026717
0.026730
0.026743
0.026756
0.026769
0.026782
0.026189
0.026425
0.026443
0.026457
0.026471
0.026484
0.026498
0.026511
0.026525
0.026538
0.026551
0.026824
0.027053
0.027070
0.027084
0.027098
0.027111
0.027125
0.027138
0.027151
0.027164
0.027177
0.052289
0.052510
0.052536
0.052551
0.052565
0.052578
0.052591
0.052605
0.052618
0.052631
0.052644
0.026747
0.026978
0.026996
0.027011
0.027025
0.027038
0.027051
0.027064
0.027077
0.027090
0.027102
0.027910
0.028144
0.028161
0.028176
0.028189
0.028203
0.028216
0.028230
0.028243
0.028257
0.028270
0.027805
0.028044
0.028062
0.028087
0.028101
0.028114
0.028128
0.028141
0.028155
0.028167
0.028180
0.026591
0.026815
0.026844
0.026862
0.026879
0.026894
0.026911
0.026926
0.026942
0.026958
0.026974
0.026453
0.026682
0.026711
0.026730
0.026747
0.026763
0.026779
0.026794
0.026810
0.026826
0.026842
0.026783
0.027018
0.027038
0.027054
0.027071
0.027087
0.027109
0.027125
0.027140
0.027156
0.027171
0.027664
0.027900
0.027929
0.027953
0.027978
0.028003
0.028028
0.028051
0.028075
0.028099
0.028122
0.028472
0.028708
0.028736
0.028761
0.028786
0.028813
0.028836
0.028861
0.028883
0.028908
0.028931
0.027121
0.027364
0.027397
0.027424
0.027449
0.027475
0.027499
0.027523
0.027548
0.027571
0.027595
0.051834
0.052072
0.052104
0.052131
0.052157
0.052181
0.052206
0.052230
0.052254
0.052279
0.052302
0.026772
0.027008
0.027029
0.027045
0.027061
0.027076
0.027092
0.027107
0.027122
0.027138
0.027153
0.027043
0.027269
0.027298
0.027315
0.027332
0.027347
0.027363
0.027378
0.027394
0.027409
0.027425
0.026864
0.027096
0.027113
0.027127
0.027141
0.027154
0.027167
0.027180
0.027194
0.027206
0.027220
0.026191
0.026425
0.026443
0.026458
0.026472
0.026486
0.026499
0.026512
0.026525
0.026539
0.026552
0.026051
0.026289
0.026307
0.026321
0.026335
0.026348
0.026361
0.026375
0.026388
0.026401
0.026414
0.025914
0.026136
0.026162
0.026177
0.026190
0.026204
0.026217
0.026230
0.026243
0.026257
0.026269
0.025474
0.025705
0.025721
0.025736
0.025750
0.025764
0.025777
0.025790
0.025804
0.025817
0.025830
0.024896
0.025128
0.025145
0.025158
0.025172
0.025185
0.025198
0.025211
0.025224
0.025237
0.025249
0.025504
0.025735
0.025752
0.025766
0.025779
0.025793
0.025806
0.025820
0.025833
0.025846
0.025860
0.052270
0.052501
0.052519
0.052533
0.052547
0.052560
0.052572
0.052586
0.052598
0.052611
0.052624
0.026315
0.026547
0.026565
0.026578
0.026592
0.026605
0.026618
0.026631
0.026645
0.026659
0.026671
0.026674
0.026905
0.026922
0.026937
0.026950
0.026963
0.026977
0.026990
0.027003
0.027016
0.027029
0.025975
0.026213
0.026231
0.026245
0.026259
0.026272
0.026286
0.026300
0.026313
0.026326
0.026339
0.025891
0.026120
0.026137
0.026151
0.026165
0.026178
0.026192
0.026205
0.026218
0.026231
0.026244
0.026014
0.026237
0.026263
0.026278
0.026292
0.026305
0.026327
0.026341
0.026355
0.026368
0.026381
0.025819
0.026052
0.026071
0.026085
0.026098
0.026111
0.026124
0.026137
0.026150
0.026164
0.026176
0.026144
0.026374
0.026392
0.026406
0.026432
0.026448
0.026465
0.026480
0.026496
0.026510
0.026525
0.025783
0.026017
0.026037
0.026055
0.026072
0.026086
0.026100
0.026113
0.026126
0.026139
0.026152
0.026089
0.026315
0.026341
0.026356
0.026369
0.026383
0.026396
0.026409
0.026422
0.026435
0.026448
0.053309
0.053545
0.053566
0.053583
0.053599
0.053615
0.053630
0.053646
0.053661
0.053677
0.053692
0.026516
0.026751
0.026772
0.026789
0.026806
0.026823
0.026838
0.026854
0.026871
0.026885
0.026899
0.027286
0.027517
0.027534
0.027548
0.027561
0.027575
0.027605
0.027624
0.027639
0.027652
0.027665
0.026587
0.026825
0.026842
0.026856
0.026870
0.026884
0.026897
0.026911
0.026927
0.026943
0.026959
0.026678
0.026908
0.026925
0.026939
0.026953
0.026967
0.026980
0.026993
0.027006
0.027019
0.027032
0.026424
0.026658
0.026675
0.026690
0.026703
0.026717
0.026731
0.026744
0.026757
0.026770
0.026783
0.026416
0.026657
0.026674
0.026688
0.026701
0.026715
0.026727
0.026740
0.026753
0.026766
0.026779
0.026166
0.026396
0.026412
0.026427
0.026440
0.026453
0.026467
0.026479
0.026493
0.026506
0.026519
0.025962
0.026191
0.026208
0.026222
0.026236
0.026250
0.026262
0.026275
0.026289
0.026302
0.026314
0.025897
0.026133
0.026151
0.026165
0.026179
0.026192
0.026205
0.026218
0.026231
0.026243
0.026257
0.052463
0.052694
0.052712
0.052726
0.052739
0.052752
0.052766
0.052779
0.052792
0.052806
0.052819
0.026604
0.026833
0.026859
0.026874
0.026888
0.026901
0.026914
0.026927
0.026940
0.026953
0.026966
0.026846
0.027080
0.027097
0.027111
0.027124
0.027138
0.027151
0.027164
0.027177
0.027190
0.027203
0.026174
0.026402
0.026428
0.026443
0.026457
0.026470
0.026484
0.026497
0.026510
0.026523
0.026536
0.025469
0.025690
0.025716
0.025731
0.025744
0.025758
0.025771
0.025784
0.025798
0.025811
0.025824
0.025280
0.025520
0.025537
0.025551
0.025565
0.025578
0.025592
0.025604
0.025618
0.025631
0.025644
0.025689
0.025926
0.025944
0.025958
0.025971
0.025985
0.025998
0.026011
0.026024
0.026037
0.026050
0.025645
0.025890
0.025930
0.025955
0.025979
0.026004
0.026028
0.026052
0.026076
0.026100
0.026124
0.025592
0.025824
0.025841
0.025855
0.025869
0.025888
0.025902
0.025915
0.025928
0.025941
0.025954
0.025983
0.026216
0.026233
0.026247
0.026261
0.026274
0.026288
0.026302
0.026315
0.026328
0.026341
0.050507
0.050737
0.050754
0.050768
0.050782
0.050796
0.050809
0.050822
0.050835
0.050848
0.050861
0.026012
0.026243
0.026262
0.026276
0.026290
0.026304
0.026318
0.026331
0.026344
0.026357
0.026370
0.026434
0.026662
0.026679
0.026693
0.026708
0.026721
0.026734
0.026747
0.026760
0.026773
0.026786
0.026573
0.026807
0.026825
0.026839
0.026853
0.026866
0.026879
0.026892
0.026906
0.026919
0.026932
0.026188
0.026413
0.026439
0.026453
0.026467
0.026481
0.026494
0.026507
0.026520
0.026533
0.026546
0.026019
0.026253
0.026271
0.026285
0.026299
0.026312
0.026325
0.026339
0.026352
0.026365
0.026378
0.026172
0.026403
0.026420
0.026434
0.026448
0.026462
0.026475
0.026488
0.026501
0.026515
0.026539
0.026598
0.026833
0.026850
0.026865
0.026878
0.026891
0.026905
0.026918
0.026931
0.026944
0.026957
0.025897
0.026140
0.026159
0.026173
0.026186
0.026200
0.026212
0.026226
0.026239
0.026252
0.026265
0.025728
0.025953
0.025983
0.025999
0.026012
0.026028
0.026042
0.026055
0.026067
0.026081
0.026094
0.052326
0.052554
0.052572
0.052586
0.052603
0.052620
0.052635
0.052651
0.052667
0.052683
0.052699
0.026537
0.026772
0.026794
0.026811
0.026827
0.026843
0.026859
0.026875
0.026890
0.026906
0.026922
0.026963
0.027186
0.027215
0.027233
0.027249
0.027265
0.027280
0.027296
0.027311
0.027327
0.027342
0.026264
0.026500
0.026521
0.026539
0.026556
0.026572
0.026587
0.026603
0.026619
0.026635
0.026651
0.027344
0.027572
0.027602
0.027619
0.027636
0.027652
0.027668
0.027683
0.027699
0.027714
0.027730
0.026491
0.026726
0.026747
0.026763
0.026780
0.026795
0.026811
0.026829
0.026843
0.026856
0.026869
0.026858
0.027096
0.027127
0.027154
0.027180
0.027206
0.027230
0.027254
0.027278
0.027302
0.027326
0.025307
0.025546
0.025576
0.025602
0.025628
0.025653
0.025678
0.025703
0.025726
0.025752
0.025774
0.025298
0.025534
0.025562
0.025587
0.025612
0.025635
0.025659
0.025683
0.025707
0.025731
0.025754
0.025840
0.026086
0.026119
0.026144
0.026170
0.026195
0.026218
0.026243
0.026267
0.026291
0.026315
0.052253
0.052488
0.052509
0.052526
0.052543
0.052558
0.052574
0.052590
0.052605
0.052620
0.052636
0.026417
0.026648
0.026670
0.026687
0.026704
0.026719
0.026735
0.026750
0.026765
0.026781
0.026796
0.027843
0.028081
0.028099
0.028114
0.028127
0.028143
0.028156
0.028169
0.028182
0.028195
0.028208
0.026674
0.026898
0.026914
0.026938
0.026952
0.026966
0.026979
0.026992
0.027006
0.027019
0.027032
0.026149
0.026384
0.026401
0.026416
0.026429
0.026443
0.026456
0.026469
0.026483
0.026495
0.026508
0.026092
0.026324
0.026341
0.026356
0.026370
0.026384
0.026397
0.026411
0.026424
0.026437
0.026450
0.026605
0.026828
0.026855
0.026869
0.026883
0.026896
0.026910
0.026923
0.026936
0.026948
0.026961
0.026448
0.026674
0.026701
0.026715
0.026729
0.026742
0.026755
0.026769
0.026782
0.026794
0.026807
0.025887
0.026123
0.026141
0.026155
0.026169
0.026183
0.026196
0.026209
0.026222
0.026235
0.026248
0.025259
0.025489
0.025507
0.025521
0.025535
0.025548
0.025561
0.025574
0.025588
0.025601
0.025614
0.052805
0.053040
0.053057
0.053071
0.053085
0.053098
0.053111
0.053124
0.053137
0.053150
0.053163
0.026927
0.027158
0.027176
0.027190
0.027204
0.027217
0.027230
0.027243
0.027256
0.027269
0.027283
0.027813
0.028033
0.028058
0.028073
0.028086
0.028100
0.028113
0.028126
0.028139
0.028152
0.028165
0.027134
0.027355
0.027382
0.027396
0.027410
0.027423
0.027437
0.027450
0.027463
0.027476
0.027490
0.027313
0.027534
0.027559
0.027574
0.027588
0.027602
0.027615
0.027628
0.027641
0.027654
0.027667
0.026501
0.026721
0.026748
0.026762
0.026776
0.026790
0.026803
0.026816
0.026830
0.026843
0.026856
0.027069
0.027299
0.027317
0.027331
0.027344
0.027357
0.027370
0.027385
0.027398
0.027411
0.027429
0.026191
0.026423
0.026440
0.026454
0.026468
0.026482
0.026495
0.026508
0.026521
0.026534
0.026547
0.025882
0.026116
0.026134
0.026147
0.026161
0.026175
0.026188
0.026201
0.026214
0.026227
0.026240
0.025262
0.025486
0.025502
0.025526
0.025540
0.025553
0.025567
0.025580
0.025594
0.025606
0.025619
0.051811
0.052029
0.052055
0.052070
0.052084
0.052097
0.052111
0.052124
0.052137
0.052150
0.052163
0.026630
0.026861
0.026878
0.026892
0.026906
0.026919
0.026932
0.026946
0.026960
0.026973
0.026986
0.026471
0.026690
0.026716
0.026731
0.026744
0.026758
0.026771
0.026784
0.026797
0.026810
0.026823
0.025546
0.025770
0.025796
0.025811
0.025825
0.025838
0.025851
0.025865
0.025878
0.025891
0.025904
0.025209
0.025438
0.025456
0.025470
0.025484
0.025497
0.025510
0.025523
0.025536
0.025549
0.025562
0.025489
0.025722
0.025739
0.025754
0.025768
0.025781
0.025794
0.025807
0.025820
0.025833
0.025847
0.026245
0.026487
0.026508
0.026522
0.026536
0.026549
0.026562
0.026575
0.026588
0.026601
0.026614
0.026086
0.026357
0.026377
0.026392
0.026406
0.026419
0.026432
0.026445
0.026459
0.026472
0.026485
0.026641
0.026876
0.026893
0.026907
0.026921
0.026934
0.026947
0.026961
0.026977
0.026995
0.027011
0.026496
0.026723
0.026752
0.026768
0.026785
0.026804
0.026820
0.026835
0.026851
0.026867
0.026883
0.051831
0.052064
0.052083
0.052100
0.052116
0.052131
0.052146
0.052161
0.052177
0.052192
0.052207
0.027138
0.027363
0.027383
0.027409
0.027426
0.027442
0.027458
0.027473
0.027489
0.027505
0.027521
0.027394
0.027629
0.027650
0.027668
0.027684
0.027700
0.027716
0.027732
0.027747
0.027762
0.027778
0.026904
0.027144
0.027174
0.027189
0.027203
0.027217
0.027230
0.027245
0.027262
0.027278
0.027294
0.026265
0.026489
0.026518
0.026535
0.026551
0.026567
0.026583
0.026598
0.026614
0.026629
0.026645
0.026372
0.026598
0.026617
0.026643
0.026659
0.026675
0.026691
0.026706
0.026723
0.026738
0.026754
0.026343
0.026579
0.026599
0.026616
0.026633
0.026648
0.026664
0.026681
0.026696
0.026712
0.026728
0.025931
0.026169
0.026190
0.026207
0.026223
0.026240
0.026257
0.026273
0.026290
0.026306
0.026321
0.026215
0.026451
0.026470
0.026487
0.026503
0.026520
0.026536
0.026552
0.026567
0.026582
0.026597
0.026261
0.026493
0.026523
0.026540
0.026556
0.026573
0.026590
0.026606
0.026622
0.026638
0.026653
0.053366
0.053593
0.053611
0.053625
0.053639
0.053652
0.053665
0.053679
0.053692
0.053705
0.053718
0.028263
0.028497
0.028515
0.028529
0.028543
0.028557
0.028570
0.028584
0.028597
0.028610
0.028623
0.027110
0.027350
0.027368
0.027382
0.027395
0.027409
0.027422
0.027435
0.027448
0.027461
0.027474
0.026626
0.026849
0.026877
0.026895
0.026912
0.026929
0.026945
0.026961
0.026977
0.026992
0.027008
0.025942
0.026188
0.026207
0.026224
0.026240
0.026256
0.026272
0.026288
0.026303
0.026319
0.026335
0.027012
0.027239
0.027269
0.027286
0.027304
0.027319
0.027332
0.027348
0.027364
0.027377
0.027390
0.026639
0.026875
0.026893
0.026907
0.026920
0.026934
0.026947
0.026960
0.026973
0.026986
0.027002
0.026804
0.027030
0.027059
0.027077
0.027095
0.027111
0.027127
0.027143
0.027158
0.027174
0.027189
0.025515
0.025751
0.025770
0.025787
0.025804
0.025820
0.025835
0.025850
0.025866
0.025882
0.025897
0.025464
0.025697
0.025715
0.025729
0.025743
0.025756
0.025769
0.025783
0.025796
0.025809
0.025822
0.050719
0.050937
0.050963
0.050977
0.050991
0.051005
0.051018
0.051031
0.051044
0.051056
0.051070
0.025235
0.025456
0.025482
0.025497
0.025510
0.025524
0.025537
0.025550
0.025563
0.025576
0.025589
0.026049
0.026285
0.026302
0.026317
0.026330
0.026344
0.026357
0.026370
0.026383
0.026397
0.026410
0.026261
0.026493
0.026510
0.026525
0.026538
0.026551
0.026564
0.026577
0.026590
0.026603
0.026616
0.025440
0.025660
0.025686
0.025701
0.025714
0.025727
0.025740
0.025753
0.025767
0.025780
0.025793
0.025090
0.025321
0.025338
0.025352
0.025366
0.025380
0.025393
0.025406
0.025420
0.025433
0.025445
0.024848
0.025082
0.025099
0.025113
0.025127
0.025141
0.025154
0.025167
0.025181
0.025194
0.025207
0.025618
0.025862
0.025889
0.025916
0.025941
0.025966
0.025990
0.026013
0.026037
0.026061
0.026085
0.025673
0.025915
0.025943
0.025971
0.025996
0.026021
0.026047
0.026071
0.026095
0.026119
0.026143
0.025163
0.025408
0.025436
0.025462
0.025487
0.025512
0.025536
0.025560
0.025584
0.025607
0.025634
0.050309
0.050529
0.050545
0.050559
0.050582
0.050596
0.050609
0.050622
0.050635
0.050648
0.050662
0.024717
0.024947
0.024964
0.024978
0.024992
0.025006
0.025019
0.025033
0.025046
0.025059
0.025072
0.026144
0.026373
0.026390
0.026405
0.026419
0.026433
0.026446
0.026459
0.026473
0.026486
0.026498
0.026762
0.026993
0.027010
0.027024
0.027038
0.027051
0.027065
0.027078
0.027091
0.027104
0.027117
0.026637
0.026873
0.026890
0.026904
0.026918
0.026932
0.026944
0.026958
0.026971
0.026984
0.026996
0.026632
0.026871
0.026889
0.026904
0.026917
0.026931
0.026943
0.026957
0.026970
0.026983
0.026995
0.027069
0.027303
0.027320
0.027334
0.027348
0.027361
0.027373
0.027387
0.027400
0.027413
0.027426
0.026745
0.026977
0.027005
0.027040
0.027064
0.027089
0.027114
0.027139
0.027163
0.027187
0.027211
0.026976
0.027207
0.027234
0.027264
0.027285
0.027305
0.027324
0.027344
0.027363
0.027385
0.027405
0.026499
0.026740
0.026760
0.026779
0.026796
0.026811
0.026827
0.026843
0.026859
0.026875
0.026890
0.052952
0.053184
0.053205
0.053222
0.053237
0.053254
0.053269
0.053285
0.053299
0.053315
0.053330
0.026716
0.026942
0.026972
0.026989
0.027007
0.027023
0.027039
0.027055
0.027071
0.027087
0.027102
0.027726
0.027959
0.027981
0.027998
0.028015
0.028031
0.028047
0.028062
0.028078
0.028093
0.028109
0.027034
0.027268
0.027287
0.027303
0.027318
0.027333
0.027349
0.027364
0.027380
0.027395
0.027411
0.026711
0.026949
0.026968
0.026984
0.026999
0.027016
0.027031
0.027047
0.027062
0.027078
0.027092
0.026299
0.026535
0.026555
0.026571
0.026588
0.026604
0.026620
0.026636
0.026652
0.026668
0.026683
0.026471
0.026708
0.026728
0.026745
0.026760
0.026777
0.026792
0.026808
0.026823
0.026839
0.026855
0.026074
0.026307
0.026327
0.026343
0.026359
0.026376
0.026391
0.026408
0.026423
0.026440
0.026455
0.026240
0.026468
0.026497
0.026514
0.026531
0.026546
0.026562
0.026578
0.026593
0.026609
0.026624
0.026743
0.026993
0.027014
0.027041
0.027057
0.027074
0.027090
0.027107
0.027123
0.027139
0.027155
0.053128
0.053363
0.053384
0.053401
0.053417
0.053434
0.053451
0.053467
0.053483
0.053499
0.053514
0.026956
0.027181
0.027211
0.027228
0.027246
0.027262
0.027279
0.027295
0.027310
0.027327
0.027342
0.027162
0.027388
0.027417
0.027434
0.027450
0.027467
0.027482
0.027498
0.027514
0.027529
0.027545
0.026239
0.026474
0.026494
0.026510
0.026526
0.026542
0.026558
0.026575
0.026591
0.026607
0.026623
0.025536
0.025771
0.025789
0.025807
0.025824
0.025840
0.025855
0.025870
0.025885
0.025900
0.025916
0.025668
0.025897
0.025917
0.025934
0.025950
0.025967
0.025985
0.025999
0.026012
0.026025
0.026040
0.025863
0.026094
0.026112
0.026126
0.026143
0.026157
0.026171
0.026184
0.026197
0.026210
0.026223
0.025845
0.026075
0.026093
0.026110
0.026132
0.026154
0.026172
0.026186
0.026201
0.026215
0.026230
0.025762
0.025989
0.026006
0.026020
0.026033
0.026046
0.026059
0.026072
0.026085
0.026098
0.026111
0.025787
0.026021
0.026041
0.026058
0.026074
0.026091
0.026107
0.026123
0.026139
0.026155
0.026170
0.052522
0.052741
0.052769
0.052785
0.052801
0.052817
0.052832
0.052848
0.052862
0.052878
0.052892
0.026900
0.027132
0.027152
0.027169
0.027185
0.027200
0.027215
0.027231
0.027246
0.027261
0.027276
0.027525
0.027760
0.027781
0.027799
0.027816
0.027831
0.027847
0.027863
0.027879
0.027894
0.027910
0.026497
0.026737
0.026758
0.026775
0.026791
0.026807
0.026823
0.026839
0.026855
0.026870
0.026886
0.026063
0.026298
0.026317
0.026333
0.026350
0.026366
0.026381
0.026397
0.026412
0.026427
0.026442
0.026133
0.026363
0.026383
0.026400
0.026417
0.026433
0.026448
0.026464
0.026480
0.026496
0.026512
0.025890
0.026117
0.026146
0.026162
0.026179
0.026195
0.026211
0.026226
0.026241
0.026257
0.026273
0.026335
0.026569
0.026589
0.026606
0.026624
0.026640
0.026656
0.026672
0.026687
0.026703
0.026719
0.025717
0.025948
0.025969
0.025986
0.026003
0.026019
0.026036
0.026051
0.026067
0.026083
0.026098
0.027251
0.027483
0.027502
0.027529
0.027545
0.027566
0.027583
0.027598
0.027614
0.027630
0.027646
0.052747
0.052966
0.052993
0.053007
0.053020
0.053033
0.053046
0.053060
0.053073
0.053086
0.053098
0.026955
0.027189
0.027206
0.027220
0.027234
0.027247
0.027261
0.027274
0.027287
0.027300
0.027313
0.027010
0.027241
0.027257
0.027272
0.027285
0.027298
0.027312
0.027325
0.027339
0.027352
0.027365
0.026019
0.026254
0.026273
0.026287
0.026301
0.026314
0.026327
0.026340
0.026354
0.026367
0.026380
0.026297
0.026529
0.026546
0.026560
0.026573
0.026587
0.026601
0.026614
0.026627
0.026640
0.026653
0.026497
0.026721
0.026748
0.026763
0.026777
0.026790
0.026803
0.026817
0.026830
0.026843
0.026856
0.026321
0.026542
0.026568
0.026582
0.026596
0.026609
0.026623
0.026635
0.026648
0.026661
0.026675
0.025971
0.026204
0.026222
0.026237
0.026250
0.026264
0.026277
0.026290
0.026303
0.026316
0.026329
0.025670
0.025900
0.025917
0.025931
0.025945
0.025958
0.025971
0.025985
0.025998
0.026010
0.026023
0.027282
0.027522
0.027539
0.027554
0.027567
0.027581
0.027595
0.027608
0.027621
0.027634
0.027647
0.052319
0.052547
0.052565
0.052579
0.052593
0.052606
0.052619
0.052633
0.052646
0.052659
0.052672
0.027244
0.027479
0.027496
0.027510
0.027524
0.027537
0.027550
0.027563
0.027577
0.027590
0.027603
0.026665
0.026902
0.026921
0.026936
0.026949
0.026963
0.026977
0.026990
0.027003
0.027017
0.027030
0.026264
0.026485
0.026501
0.026515
0.026539
0.026552
0.026566
0.026579
0.026592
0.026605
0.026619
0.026127
0.026356
0.026374
0.026388
0.026402
0.026415
0.026428
0.026442
0.026455
0.026468
0.026481
0.026186
0.026409
0.026434
0.026449
0.026463
0.026476
0.026489
0.026503
0.026516
0.026529
0.026542
0.025996
0.026232
0.026249
0.026264
0.026278
0.026291
0.026304
0.026317
0.026330
0.026343
0.026356
0.025329
0.025549
0.025575
0.025589
0.025603
0.025616
0.025630
0.025643
0.025656
0.025670
0.025683
0.025642
0.025858
0.025883
0.025898
0.025912
0.025925
0.025939
0.025952
0.025966
0.025979
0.025992
0.025624
0.025843
0.025869
0.025884
0.025897
0.025911
0.025924
0.025938
0.025951
0.025965
0.025978
0.051922
0.052143
0.052169
0.052183
0.052196
0.052209
0.052223
0.052236
0.052249
0.052262
0.052275
0.026390
0.026622
0.026639
0.026654
0.026667
0.026681
0.026694
0.026708
0.026721
0.026735
0.026748
0.026873
0.027107
0.027125
0.027139
0.027153
0.027166
0.027179
0.027192
0.027223
0.027252
0.027268
0.028006
0.028233
0.028259
0.028273
0.028286
0.028299
0.028313
0.028327
0.028340
0.028353
0.028367
0.026442
0.026691
0.026728
0.026751
0.026767
0.026781
0.026794
0.026808
0.026828
0.026845
0.026858
0.026717
0.026952
0.026969
0.026983
0.026997
0.027011
0.027025
0.027038
0.027051
0.027065
0.027078
0.027058
0.027285
0.027312
0.027326
0.027340
0.027353
0.027366
0.027380
0.027393
0.027406
0.027419
0.027753
0.027974
0.027991
0.028005
0.028028
0.028042
0.028055
0.028068
0.028081
0.028094
0.028107
0.027812
0.028041
0.028059
0.028073
0.028086
0.028100
0.028112
0.028125
0.028138
0.028151
0.028164
0.027768
0.027999
0.028016
0.028031
0.028045
0.028058
0.028072
0.028085
0.028098
0.028111
0.028124
0.052058
0.052290
0.052308
0.052323
0.052336
0.052350
0.052362
0.052376
0.052389
0.052401
0.052414
0.026928
0.027164
0.027181
0.027195
0.027209
0.027223
0.027236
0.027249
0.027262
0.027275
0.027288
0.027287
0.027518
0.027559
0.027583
0.027609
0.027633
0.027665
0.027689
0.027713
0.027737
0.027761
0.026937
0.027170
0.027210
0.027237
0.027262
0.027287
0.027311
0.027335
0.027359
0.027383
0.027407
0.027005
0.027247
0.027277
0.027304
0.027330
0.027355
0.027380
0.027404
0.027428
0.027452
0.027476
0.026477
0.026721
0.026751
0.026778
0.026805
0.026832
0.026858
0.026882
0.026906
0.026931
0.026955
0.026462
0.026686
0.026714
0.026728
0.026742
0.026755
0.026768
0.026781
0.026795
0.026808
0.026822
0.026434
0.026669
0.026686
0.026701
0.026715
0.026728
0.026742
0.026755
0.026768
0.026781
0.026795
0.025905
0.026136
0.026155
0.026171
0.026186
0.026202
0.026217
0.026232
0.026248
0.026263
0.026278
0.026971
0.027204
0.027225
0.027242
0.027260
0.027276
0.027292
0.027308
0.027324
0.027343
0.027359
0.052892
0.053133
0.053154
0.053171
0.053187
0.053204
0.053221
0.053237
0.053253
0.053269
0.053285
0.026395
0.026633
0.026653
0.026669
0.026685
0.026700
0.026715
0.026730
0.026746
0.026762
0.026776
0.027709
0.027942
0.027960
0.027974
0.027987
0.028000
0.028014
0.028028
0.028041
0.028054
0.028066
0.026528
0.026752
0.026779
0.026794
0.026808
0.026821
0.026834
0.026848
0.026861
0.026874
0.026887
0.026380
0.026600
0.026626
0.026640
0.026654
0.026667
0.026680
0.026694
0.026706
0.026720
0.026733
0.026507
0.026729
0.026756
0.026770
0.026783
0.026797
0.026811
0.026824
0.026837
0.026850
0.026864
0.026530
0.026770
0.026788
0.026802
0.026816
0.026830
0.026843
0.026856
0.026870
0.026883
0.026896
0.026581
0.026814
0.026831
0.026845
0.026859
0.026873
0.026886
0.026899
0.026912
0.026926
0.026939
0.026511
0.026743
0.026760
0.026774
0.026788
0.026801
0.026814
0.026827
0.026840
0.026854
0.026867
0.027776
0.028008
0.028025
0.028040
0.028054
0.028067
0.028080
0.028094
0.028107
0.028120
0.028133
0.052621
0.052852
0.052870
0.052885
0.052898
0.052911
0.052925
0.052938
0.052951
0.052964
0.052977
0.028033
0.028266
0.028285
0.028299
0.028313
0.028326
0.028339
0.028352
0.028365
0.028378
0.028391
0.026885
0.027125
0.027146
0.027164
0.027181
0.027198
0.027213
0.027229
0.027244
0.027260
0.027275
0.026814
0.027053
0.027073
0.027091
0.027108
0.027124
0.027140
0.027155
0.027172
0.027188
0.027204
0.026929
0.027155
0.027184
0.027201
0.027219
0.027235
0.027251
0.027267
0.027283
0.027298
0.027314
0.026812
0.027053
0.027073
0.027090
0.027108
0.027124
0.027140
0.027156
0.027172
0.027188
0.027203
0.026091
0.026329
0.026349
0.026366
0.026382
0.026399
0.026415
0.026430
0.026445
0.026460
0.026475
0.026703
0.026942
0.026972
0.026989
0.027005
0.027020
0.027036
0.027052
0.027067
0.027082
0.027098
0.026193
0.026425
0.026445
0.026462
0.026477
0.026493
0.026508
0.026524
0.026539
0.026554
0.026569
0.026901
0.027123
0.027152
0.027168
0.027183
0.027199
0.027214
0.027230
0.027245
0.027260
0.027275
0.052243
0.052478
0.052496
0.052510
0.052524
0.052537
0.052550
0.052563
0.052577
0.052590
0.052611
0.026421
0.026640
0.026667
0.026681
0.026695
0.026708
0.026721
0.026735
0.026748
0.026762
0.026775
0.027180
0.027416
0.027433
0.027447
0.027461
0.027474
0.027487
0.027500
0.027513
0.027526
0.027538
0.026403
0.026632
0.026649
0.026663
0.026677
0.026690
0.026704
0.026718
0.026731
0.026744
0.026757
0.026146
0.026378
0.026395
0.026409
0.026423
0.026436
0.026449
0.026463
0.026476
0.026489
0.026502
0.027068
0.027294
0.027321
0.027336
0.027349
0.027363
0.027376
0.027390
0.027403
0.027416
0.027429
0.025736
0.025966
0.025984
0.025998
0.026012
0.026026
0.026038
0.026052
0.026065
0.026078
0.026091
0.025810
0.026051
0.026068
0.026083
0.026097
0.026111
0.026125
0.026138
0.026152
0.026165
0.026178
0.025824
0.026058
0.026076
0.026090
0.026103
0.026117
0.026130
0.026143
0.026156
0.026169
0.026182
0.026028
0.026262
0.026278
0.026293
0.026307
0.026320
0.026333
0.026346
0.026360
0.026373
0.026385
0.052285
0.052514
0.052531
0.052545
0.052558
0.052572
0.052584
0.052605
0.052620
0.052633
0.052646
0.026537
0.026773
0.026790
0.026805
0.026819
0.026832
0.026845
0.026859
0.026871
0.026885
0.026897
0.027176
0.027405
0.027423
0.027437
0.027451
0.027464
0.027477
0.027490
0.027503
0.027516
0.027529
0.026507
0.026741
0.026759
0.026773
0.026787
0.026800
0.026814
0.026828
0.026842
0.026855
0.026868
0.026223
0.026447
0.026473
0.026487
0.026501
0.026514
0.026527
0.026540
0.026553
0.026566
0.026579
0.026113
0.026349
0.026367
0.026382
0.026395
0.026409
0.026423
0.026436
0.026448
0.026475
0.026487
0.026241
0.026479
0.026495
0.026510
0.026523
0.026537
0.026551
0.026564
0.026577
0.026589
0.026603
0.025674
0.025905
0.025923
0.025937
0.025960
0.025974
0.025987
0.026000
0.026013
0.026026
0.026039
0.025506
0.025742
0.025759
0.025773
0.025786
0.025800
0.025813
0.025826
0.025839
0.025852
0.025865
0.027793
0.028028
0.028045
0.028059
0.028073
0.028087
0.028100
0.028113
0.028126
0.028139
0.028152
0.053044
0.053277
0.053294
0.053308
0.053322
0.053335
0.053361
0.053383
0.053400
0.053416
0.053432
0.026553
0.026787
0.026807
0.026824
0.026841
0.026856
0.026872
0.026886
0.026902
0.026917
0.026933
0.025580
0.025811
0.025829
0.025843
0.025857
0.025871
0.025884
0.025898
0.025911
0.025925
0.025938
0.025247
0.025465
0.025492
0.025506
0.025520
0.025534
0.025547
0.025560
0.025573
0.025586
0.025599
0.025305
0.025537
0.025554
0.025568
0.025582
0.025595
0.025608
0.025622
0.025635
0.025648
0.025661
0.025641
0.025963
0.026004
0.026031
0.026057
0.026083
0.026109
0.026135
0.026162
0.026188
0.026215
0.025681
0.025961
0.025980
0.025994
0.026017
0.026030
0.026044
0.026061
0.026078
0.026094
0.026110
0.025634
0.025871
0.025890
0.025908
0.025923
0.025939
0.025955
0.025971
0.025986
0.026001
0.026016
0.025882
0.026118
0.026138
0.026155
0.026172
0.026188
0.026202
0.026215
0.026231
0.026245
0.026258
0.026064
0.026298
0.026316
0.026330
0.026344
0.026357
0.026370
0.026383
0.026399
0.026416
0.026432
0.051730
0.051957
0.051974
0.051988
0.052002
0.052016
0.052029
0.052042
0.052055
0.052068
0.052081
0.029795
0.030037
0.030054
0.030068
0.030082
0.030095
0.030108
0.030121
0.030134
0.030146
0.030159
0.027009
0.027238
0.027256
0.027270
0.027284
0.027297
0.027310
0.027323
0.027336
0.027349
0.027362
0.026960
0.027200
0.027218
0.027232
0.027247
0.027260
0.027274
0.027287
0.027300
0.027313
0.027327
0.027639
0.027872
0.027890
0.027905
0.027919
0.027932
0.027946
0.027959
0.027973
0.027986
0.027999
0.027875
0.028121
0.028139
0.028154
0.028169
0.028182
0.028195
0.028209
0.028222
0.028235
0.028248
0.026225
0.026449
0.026475
0.026489
0.026503
0.026516
0.026530
0.026543
0.026556
0.026570
0.026582
0.026267
0.026497
0.026514
0.026528
0.026542
0.026556
0.026569
0.026582
0.026595
0.026608
0.026621
0.026573
0.026793
0.026819
0.026834
0.026847
0.026861
0.026873
0.026886
0.026900
0.026913
0.026925
0.026326
0.026548
0.026565
0.026578
0.026601
0.026615
0.026628
0.026641
0.026654
0.026667
0.026681
0.051641
0.051857
0.051874
0.051888
0.051911
0.051924
0.051937
0.051950
0.051963
0.051975
0.051988
0.026655
0.026886
0.026904
0.026918
0.026932
0.026946
0.026959
0.026972
0.026985
0.026999
0.027013
0.027248
0.027467
0.027494
0.027508
0.027522
0.027535
0.027548
0.027562
0.027575
0.027588
0.027601
0.026774
0.027004
0.027021
0.027035
0.027049
0.027063
0.027076
0.027090
0.027103
0.027117
0.027130
0.025906
0.026137
0.026155
0.026169
0.026183
0.026196
0.026212
0.026229
0.026246
0.026261
0.026276
0.025341
0.025563
0.025592
0.025609
0.025625
0.025641
0.025656
0.025672
0.025687
0.025702
0.025718
0.026310
0.026550
0.026570
0.026587
0.026603
0.026619
0.026635
0.026652
0.026668
0.026684
0.026700
0.026737
0.026976
0.026995
0.027011
0.027026
0.027041
0.027057
0.027073
0.027088
0.027103
0.027118
0.026886
0.027114
0.027142
0.027158
0.027174
0.027190
0.027205
0.027220
0.027235
0.027250
0.027266
0.026101
0.026336
0.026356
0.026374
0.026391
0.026408
0.026424
0.026441
0.026458
0.026474
0.026489
0.052722
0.052953
0.052974
0.053000
0.053016
0.053032
0.053048
0.053065
0.053081
0.053097
0.053112
0.026441
0.026672
0.026713
0.026737
0.026764
0.026789
0.026813
0.026837
0.026862
0.026886
0.026910
0.026549
0.026782
0.026823
0.026847
0.026873
0.026897
0.026922
0.026946
0.026970
0.026994
0.027017
0.026457
0.026709
0.026742
0.026767
0.026793
0.026818
0.026843
0.026867
0.026891
0.026916
0.026940
0.026122
0.026365
0.026395
0.026423
0.026449
0.026475
0.026500
0.026523
0.026547
0.026571
0.026594
0.025383
0.025627
0.025657
0.025685
0.025711
0.025736
0.025760
0.025784
0.025808
0.025832
0.025856
0.026062
0.026307
0.026336
0.026364
0.026390
0.026415
0.026440
0.026465
0.026489
0.026513
0.026537
0.025317
0.025565
0.025596
0.025624
0.025650
0.025676
0.025700
0.025724
0.025749
0.025773
0.025797
0.026056
0.026298
0.026327
0.026354
0.026377
0.026403
0.026426
0.026450
0.026474
0.026498
0.026522
0.025506
0.025746
0.025789
0.025816
0.025841
0.025865
0.025889
0.025913
0.025937
0.025961
0.025985
0.050369
0.050606
0.050628
0.050644
0.050660
0.050676
0.050692
0.050707
0.050723
0.050738
0.050754
0.025047
0.025282
0.025303
0.025320
0.025337
0.025354
0.025371
0.025386
0.025402
0.025417
0.025432
0.025788
0.026024
0.026045
0.026062
0.026078
0.026094
0.026111
0.026127
0.026142
0.026158
0.026173
0.026257
0.026494
0.026515
0.026532
0.026548
0.026564
0.026580
0.026596
0.026611
0.026627
0.026642
0.025236
0.025472
0.025493
0.025510
0.025527
0.025542
0.025561
0.025577
0.025592
0.025609
0.025626
0.025050
0.025277
0.025306
0.025322
0.025338
0.025354
0.025370
0.025385
0.025402
0.025417
0.025433
0.025092
0.025331
0.025359
0.025377
0.025394
0.025410
0.025425
0.025442
0.025459
0.025475
0.025491
0.025000
0.025223
0.025241
0.025267
0.025283
0.025300
0.025316
0.025331
0.025347
0.025362
0.025379
0.025070
0.025318
0.025338
0.025354
0.025370
0.025387
0.025402
0.025419
0.025434
0.025450
0.025466
0.025836
0.026069
0.026088
0.026104
0.026120
0.026136
0.026151
0.026168
0.026183
0.026199
0.026214
0.050883
0.051124
0.051144
0.051160
0.051178
0.051194
0.051210
0.051225
0.051241
0.051257
0.051273
0.025731
0.025956
0.025975
0.026001
0.026018
0.026033
0.026050
0.026065
0.026081
0.026096
0.026111
0.026207
0.026441
0.026460
0.026477
0.026493
0.026510
0.026525
0.026541
0.026556
0.026571
0.026586
0.026302
0.026542
0.026563
0.026580
0.026596
0.026613
0.026628
0.026644
0.026659
0.026675
0.026691
0.025520
0.025743
0.025771
0.025789
0.025805
0.025821
0.025837
0.025852
0.025868
0.025883
0.025899
0.025536
0.025774
0.025795
0.025811
0.025828
0.025845
0.025860
0.025876
0.025891
0.025907
0.025923
0.025123
0.025355
0.025375
0.025393
0.025409
0.025425
0.025441
0.025456
0.025472
0.025488
0.025504
0.025066
0.025289
0.025319
0.025337
0.025354
0.025370
0.025386
0.025401
0.025417
0.025432
0.025448
0.025198
0.025420
0.025439
0.025465
0.025481
0.025497
0.025513
0.025529
0.025544
0.025559
0.025575
0.025091
0.025324
0.025345
0.025362
0.025378
0.025394
0.025410
0.025425
0.025441
0.025456
0.025471
0.051949
0.052172
0.052202
0.052220
0.052236
0.052252
0.052267
0.052283
0.052300
0.052316
0.052332
0.025752
0.025988
0.026008
0.026026
0.026043
0.026059
0.026076
0.026093
0.026108
0.026124
0.026139
0.026056
0.026295
0.026323
0.026340
0.026358
0.026374
0.026390
0.026406
0.026422
0.026437
0.026452
0.026575
0.026798
0.026816
0.026842
0.026859
0.026874
0.026890
0.026905
0.026921
0.026936
0.026953
0.027826
0.028062
0.028083
0.028099
0.028116
0.028132
0.028147
0.028163
0.028179
0.028194
0.028209
0.025465
0.025701
0.025721
0.025738
0.025755
0.025770
0.025787
0.025802
0.025818
0.025834
0.025850
0.025048
0.025287
0.025307
0.025323
0.025339
0.025356
0.025380
0.025398
0.025414
0.025427
0.025440
0.024665
0.024897
0.024916
0.024932
0.024947
0.024964
0.024980
0.024997
0.025014
0.025028
0.025041
0.024875
0.025094
0.025120
0.025134
0.025148
0.025161
0.025174
0.025187
0.025200
0.025213
0.025226
0.025182
0.025415
0.025432
0.025446
0.025460
0.025474
0.025487
0.025501
0.025514
0.025527
0.025544
0.050633
0.050868
0.050887
0.050904
0.050920
0.050936
0.050951
0.050967
0.050982
0.050998
0.051014
0.025858
0.026083
0.026100
0.026115
0.026128
0.026142
0.026156
0.026170
0.026183
0.026196
0.026209
0.026387
0.026618
0.026636
0.026650
0.026664
0.026677
0.026690
0.026703
0.026716
0.026730
0.026742
0.026700
0.026919
0.026936
0.026961
0.026975
0.026989
0.027003
0.027016
0.027030
0.027042
0.027056
0.026145
0.026366
0.026393
0.026407
0.026421
0.026434
0.026448
0.026460
0.026474
0.026487
0.026500
0.025357
0.025585
0.025603
0.025619
0.025632
0.025646
0.025660
0.025673
0.025687
0.025700
0.025713
0.024897
0.025115
0.025142
0.025156
0.025170
0.025182
0.025196
0.025209
0.025223
0.025235
0.025248
0.024911
0.025127
0.025154
0.025168
0.025182
0.025196
0.025209
0.025222
0.025235
0.025248
0.025261
0.024667
0.024901
0.024920
0.024934
0.024947
0.024961
0.024974
0.024987
0.025000
0.025012
0.025026
0.024943
0.025176
0.025194
0.025209
0.025223
0.025236
0.025249
0.025263
0.025275
0.025289
0.025302
0.049968
0.050185
0.050211
0.050225
0.050239
0.050252
0.050265
0.050278
0.050291
0.050304
0.050317
0.025155
0.025400
0.025418
0.025432
0.025446
0.025459
0.025473
0.025486
0.025499
0.025512
0.025525
0.026019
0.026258
0.026278
0.026294
0.026310
0.026325
0.026341
0.026356
0.026371
0.026386
0.026401
0.026286
0.026523
0.026553
0.026570
0.026586
0.026602
0.026617
0.026633
0.026647
0.026662
0.026677
0.025974
0.026217
0.026244
0.026259
0.026273
0.026286
0.026300
0.026313
0.026326
0.026340
0.026353
0.025428
0.025662
0.025680
0.025694
0.025708
0.025722
0.025735
0.025748
0.025761
0.025774
0.025787
0.025377
0.025606
0.025623
0.025638
0.025651
0.025665
0.025678
0.025692
0.025705
0.025719
0.025732
0.025107
0.025338
0.025355
0.025369
0.025383
0.025396
0.025409
0.025422
0.025435
0.025448
0.025461
0.025290
0.025513
0.025539
0.025554
0.025567
0.025580
0.025594
0.025607
0.025620
0.025633
0.025647
0.025386
0.025621
0.025649
0.025674
0.025709
0.025733
0.025758
0.025782
0.025807
0.025830
0.025854
0.050168
0.050411
0.050442
0.050470
0.050495
0.050519
0.050544
0.050568
0.050592
0.050616
0.050640
0.025085
0.025320
0.025352
0.025386
0.025412
0.025436
0.025460
0.025485
0.025509
0.025532
0.025556
0.025321
0.025562
0.025594
0.025620
0.025647
0.025672
0.025697
0.025721
0.025745
0.025769
0.025793
0.025993
0.026234
0.026268
0.026292
0.026317
0.026341
0.026365
0.026389
0.026413
0.026437
0.026461
0.025584
0.025828
0.025860
0.025886
0.025913
0.025937
0.025961
0.025986
0.026010
0.026034
0.026058
0.025330
0.025571
0.025601
0.025630
0.025654
0.025680
0.025703
0.025727
0.025752
0.025775
0.025800
0.025044
0.025275
0.025295
0.025311
0.025327
0.025343
0.025358
0.025374
0.025389
0.025405
0.025420
0.024886
0.025123
0.025142
0.025159
0.025180
0.025194
0.025208
0.025222
0.025235
0.025248
0.025261
0.024930
0.025154
0.025172
0.025186
0.025199
0.025213
0.025226
0.025239
0.025270
0.025289
0.025303
0.025134
0.025368
0.025386
0.025401
0.025418
0.025432
0.025445
0.025458
0.025471
0.025485
0.025498
0.049711
0.049940
0.049958
0.049972
0.049986
0.049999
0.050012
0.050026
0.050039
0.050052
0.050065
0.024687
0.024920
0.024938
0.024952
0.024966
0.024979
0.024993
0.025006
0.025019
0.025032
0.025045
0.025680
0.025910
0.025928
0.025942
0.025956
0.025970
0.025983
0.025996
0.026010
0.026023
0.026036
0.026048
0.026281
0.026298
0.026312
0.026326
0.026340
0.026353
0.026366
0.026379
0.026392
0.026405
0.025565
0.025798
0.025815
0.025829
0.025843
0.025856
0.025869
0.025881
0.025894
0.025907
0.025920
0.024960
0.025183
0.025210
0.025225
0.025238
0.025252
0.025265
0.025279
0.025292
0.025306
0.025319
0.025028
0.025307
0.025344
0.025367
0.025390
0.025412
0.025433
0.025453
0.025476
0.025497
0.025517
0.032770
0.033040
0.033062
0.033081
0.033099
0.033117
0.033134
0.033152
0.033170
0.033187
0.033205
0.032377
0.032599
0.032616
0.032629
0.032653
0.032666
0.032679
0.032693
0.032706
0.032718
0.032732
0.025902
0.026130
0.026148
0.026162
0.026176
0.026190
0.026204
0.026217
0.026231
0.026244
0.026258
0.051140
0.051375
0.051393
0.051407
0.051421
0.051434
0.051447
0.051460
0.051473
0.051486
0.051499
0.025029
0.025258
0.025275
0.025289
0.025303
0.025316
0.025329
0.025343
0.025356
0.025369
0.025381
0.025353
0.025585
0.025603
0.025617
0.025631
0.025644
0.025657
0.025670
0.025683
0.025696
0.025709
0.025990
0.026248
0.026268
0.026282
0.026296
0.026310
0.026324
0.026337
0.026350
0.026364
0.026377
0.025264
0.025495
0.025512
0.025526
0.025540
0.025553
0.025566
0.025579
0.025592
0.025605
0.025618
0.024617
0.024853
0.024872
0.024886
0.024900
0.024914
0.024927
0.024941
0.024954
0.024967
0.024981
0.024592
0.024824
0.024842
0.024856
0.024869
0.024882
0.024896
0.024909
0.024922
0.024935
0.024947
0.024405
0.024630
0.024648
0.024663
0.024677
0.024690
0.024704
0.024718
0.024731
0.024744
0.024757
0.024362
0.024580
0.024606
0.024620
0.024634
0.024647
0.024660
0.024673
0.024686
0.024698
0.024711
0.024272
0.024500
0.024518
0.024532
0.024546
0.024559
0.024573
0.024586
0.024600
0.024613
0.024626
0.049958
0.050180
