1.127225
0.024323
0.024554
0.024573
0.024587
0.024602
0.024615
0.024629
0.024642
0.024656
0.024669
0.024682
0.031760
0.032022
0.032052
0.032071
0.032089
0.032108
0.032125
0.032143
0.032160
0.032178
0.032195
0.037836
0.038066
0.038083
0.038099
0.038113
0.038126
0.038139
0.038153
0.038166
0.038179
0.038193
0.024216
0.024440
0.024464
0.024479
0.024493
0.024506
0.024520
0.024533
0.024547
0.024559
0.024573
0.023787
0.024021
0.024040
0.024055
0.024068
0.024082
0.024096
0.024109
0.024122
0.024136
0.024149
0.024202
0.024424
0.024441
0.024456
0.024469
0.024483
0.024496
0.024509
0.024522
0.024535
0.024548
0.024386
0.024603
0.024630
0.024643
0.024657
0.024670
0.024686
0.024699
0.024713
0.024727
0.024740
0.024544
0.024767
0.024783
0.024797
0.024811
0.024824
0.024837
0.024850
0.024863
0.024876
0.024889
0.024519
0.024745
0.024762
0.024776
0.024789
0.024802
0.024816
0.024829
0.024843
0.024855
0.024868
0.049069
0.049290
0.049306
0.049320
0.049334
0.049347
0.049360
0.049376
0.049389
0.049402
0.049415
0.023943
0.024166
0.024183
0.024198
0.024212
0.024226
0.024239
0.024253
0.024266
0.024280
0.024293
0.023757
0.023967
0.023993
0.024007
0.024021
0.024036
0.024049
0.024062
0.024075
0.024088
0.024101
0.024244
0.024471
0.024488
0.024502
0.024515
0.024529
0.024542
0.024555
0.024568
0.024581
0.024594
0.024307
0.024535
0.024552
0.024566
0.024579
0.024595
0.024608
0.024621
0.024634
0.024647
0.024660
0.024449
0.024672
0.024689
0.024703
0.024717
0.024730
0.024744
0.024757
0.024770
0.024783
0.024795
0.024451
0.024673
0.024691
0.024705
0.024718
0.024731
0.024745
0.024758
0.024774
0.024787
0.024801
0.024547
0.024770
0.024787
0.024801
0.024815
0.024829
0.024842
0.024859
0.024873
0.024886
0.024899
0.024018
0.024246
0.024263
0.024277
0.024291
0.024305
0.024318
0.024332
0.024344
0.024358
0.024371
0.023862
0.024111
0.024130
0.024146
0.024160
0.024173
0.024186
0.024199
0.024212
0.024225
0.024238
0.049840
0.050076
0.050108
0.050134
0.050160
0.050185
0.050210
0.050234
0.050257
0.050281
0.050305
0.024317
0.024565
0.024605
0.024630
0.024656
0.024679
0.024704
0.024728
0.024752
0.024776
0.024800
0.023710
0.023949
0.023983
0.024011
0.024038
0.024064
0.024089
0.024113
0.024137
0.024161
0.024185
0.031372
0.031631
0.031662
0.031681
0.031699
0.031717
0.031734
0.031752
0.031770
0.031787
0.031805
0.028388
0.028619
0.028636
0.028651
0.028664
0.028678
0.028691
0.028705
0.028718
0.028732
0.028744
0.024009
0.024232
0.024249
0.024263
0.024277
0.024294
0.024307
0.024321
0.024335
0.024349
0.024362
0.024268
0.024502
0.024526
0.024553
0.024568
0.024590
0.024605
0.024618
0.024631
0.024644
0.024657
0.023851
0.024078
0.024096
0.024110
0.024124
0.024137
0.024150
0.024163
0.024176
0.024189
0.024202
0.024499
0.024726
0.024744
0.024759
0.024772
0.024786
0.024799
0.024812
0.024825
0.024838
0.024851
0.023752
0.023968
0.023984
0.023998
0.024021
0.024034
0.024047
0.024060
0.024073
0.024086
0.024099
0.050234
0.050456
0.050474
0.050488
0.050502
0.050515
0.050528
0.050542
0.050555
0.050567
0.050580
0.024424
0.024647
0.024664
0.024678
0.024692
0.024705
0.024718
0.024731
0.024745
0.024758
0.024772
0.024341
0.024563
0.024580
0.024595
0.024609
0.024622
0.024636
0.024649
0.024662
0.024675
0.024688
0.025683
0.025910
0.025930
0.025944
0.025957
0.025971
0.025984
0.025997
0.026011
0.026024
0.026037
0.025189
0.025403
0.025429
0.025443
0.025457
0.025470
0.025483
0.025496
0.025508
0.025521
0.025533
0.024949
0.025166
0.025192
0.025206
0.025219
0.025233
0.025246
0.025259
0.025273
0.025286
0.025299
0.025178
0.025409
0.025425
0.025443
0.025460
0.025476
0.025491
0.025506
0.025521
0.025536
0.025552
0.025653
0.025885
0.025905
0.025922
0.025939
0.025955
0.025971
0.025987
0.026004
0.026024
0.026039
0.025043
0.025273
0.025294
0.025312
0.025328
0.025344
0.025373
0.025389
0.025403
0.025417
0.025431
0.025488
0.025715
0.025732
0.025746
0.025760
0.025773
0.025787
0.025800
0.025813
0.025826
0.025839
0.049852
0.050074
0.050092
0.050106
0.050120
0.050133
0.050146
0.050159
0.050172
0.050184
0.050197
0.024800
0.025017
0.025043
0.025057
0.025070
0.025084
0.025097
0.025110
0.025123
0.025136
0.025150
0.024877
0.025103
0.025120
0.025135
0.025149
0.025162
0.025176
0.025188
0.025202
0.025215
0.025228
0.025000
0.025222
0.025239
0.025253
0.025267
0.025280
0.025293
0.025306
0.025319
0.025332
0.025345
0.026347
0.026578
0.026595
0.026609
0.026623
0.026636
0.026649
0.026662
0.026675
0.026688
0.026701
0.025067
0.025294
0.025311
0.025326
0.025339
0.025353
0.025367
0.025380
0.025393
0.025406
0.025419
0.025507
0.025722
0.025748
0.025762
0.025775
0.025789
0.025802
0.025816
0.025829
0.025842
0.025855
0.027018
0.027248
0.027266
0.027280
0.027294
0.027307
0.027320
0.027333
0.027347
0.027359
0.027372
0.024622
0.024858
0.024875
0.024889
0.024902
0.024916
0.024929
0.024942
0.024955
0.024972
0.024985
0.024050
0.024262
0.024288
0.024303
0.024316
0.024330
0.024343
0.024356
0.024369
0.024382
0.024395
0.050901
0.051131
0.051159
0.051174
0.051187
0.051201
0.051214
0.051227
0.051239
0.051253
0.051265
0.024700
0.024926
0.024943
0.024958
0.024972
0.024985
0.024998
0.025012
0.025025
0.025038
0.025051
0.025587
0.025815
0.025832
0.025847
0.025860
0.025873
0.025886
0.025899
0.025913
0.025926
0.025939
0.025543
0.025835
0.025853
0.025867
0.025890
0.025903
0.025916
0.025929
0.025943
0.025956
0.025969
0.025023
0.025255
0.025272
0.025286
0.025299
0.025312
0.025326
0.025339
0.025352
0.025366
0.025380
0.025831
0.026104
0.026123
0.026137
0.026155
0.026168
0.026181
0.026194
0.026207
0.026221
0.026234
0.024839
0.025061
0.025078
0.025091
0.025105
0.025118
0.025131
0.025145
0.025159
0.025172
0.025185
0.024568
0.024795
0.024812
0.024827
0.024840
0.024853
0.024867
0.024880
0.024894
0.024907
0.024920
0.026207
0.026440
0.026457
0.026472
0.026485
0.026499
0.026512
0.026525
0.026539
0.026552
0.026565
0.025568
0.025795
0.025811
0.025826
0.025839
0.025852
0.025866
0.025878
0.025892
0.025905
0.025918
0.052655
0.052869
0.052896
0.052910
0.052923
0.052937
0.052950
0.052963
0.052977
0.052990
0.053003
0.025681
0.025911
0.025929
0.025943
0.025957
0.025970
0.025984
0.025996
0.026009
0.026022
0.026036
0.025234
0.025460
0.025477
0.025491
0.025505
0.025519
0.025532
0.025546
0.025563
0.025576
0.025589
0.026384
0.026601
0.026627
0.026641
0.026655
0.026668
0.026681
0.026694
0.026707
0.026720
0.026733
0.026849
0.027086
0.027112
0.027128
0.027143
0.027156
0.027169
0.027183
0.027196
0.027209
0.027222
0.025580
0.025813
0.025831
0.025845
0.025859
0.025872
0.025886
0.025899
0.025912
0.025925
0.025938
0.025977
0.026200
0.026227
0.026242
0.026256
0.026269
0.026283
0.026297
0.026310
0.026323
0.026336
0.026610
0.026832
0.026858
0.026873
0.026887
0.026901
0.026914
0.026927
0.026941
0.026954
0.026967
0.027500
0.027758
0.027781
0.027798
0.027815
0.027830
0.027845
0.027861
0.027876
0.027891
0.027906
0.027355
0.027593
0.027614
0.027631
0.027647
0.027663
0.027678
0.027694
0.027710
0.027725
0.027741
0.053231
0.053526
0.053554
0.053589
0.053615
0.053642
0.053668
0.053695
0.053721
0.053747
0.053773
0.031755
0.031986
0.032003
0.032017
0.032031
0.032044
0.032057
0.032070
0.032083
0.032096
0.032109
0.034772
0.035084
0.035116
0.035136
0.035155
0.035173
0.035191
0.035209
0.035226
0.035244
0.035264
0.030866
0.031117
0.031135
0.031149
0.031163
0.031177
0.031190
0.031203
0.031216
0.031230
0.031250
0.026447
0.026677
0.026694
0.026708
0.026722
0.026736
0.026748
0.026761
0.026775
0.026788
0.026800
0.026405
0.026637
0.026654
0.026669
0.026682
0.026695
0.026709
0.026722
0.026735
0.026748
0.026762
0.026364
0.026595
0.026613
0.026627
0.026640
0.026654
0.026667
0.026680
0.026693
0.026706
0.026719
0.026365
0.026592
0.026610
0.026623
0.026637
0.026650
0.026663
0.026677
0.026690
0.026704
0.026717
0.025132
0.025359
0.025377
0.025392
0.025405
0.025419
0.025432
0.025446
0.025460
0.025472
0.025486
0.025268
0.025506
0.025523
0.025538
0.025551
0.025574
0.025587
0.025601
0.025614
0.025628
0.025640
0.052413
0.052626
0.052643
0.052667
0.052681
0.052696
0.052710
0.052723
0.052736
0.052749
0.052762
0.025798
0.026016
0.026042
0.026057
0.026070
0.026084
0.026098
0.026111
0.026125
0.026138
0.026151
0.025847
0.026074
0.026092
0.026106
0.026120
0.026133
0.026147
0.026160
0.026173
0.026186
0.026199
0.026022
0.026260
0.026277
0.026291
0.026305
0.026319
0.026332
0.026345
0.026358
0.026371
0.026385
0.025704
0.025918
0.025945
0.025959
0.025972
0.025986
0.025999
0.026012
0.026025
0.026038
0.026051
0.025535
0.025755
0.025786
0.025808
0.025831
0.025847
0.025860
0.025873
0.025887
0.025900
0.025913
0.026187
0.026415
0.026433
0.026447
0.026460
0.026474
0.026487
0.026500
0.026513
0.026526
0.026539
0.026513
0.026725
0.026751
0.026766
0.026780
0.026793
0.026806
0.026820
0.026833
0.026846
0.026859
0.025275
0.025499
0.025517
0.025531
0.025545
0.025558
0.025572
0.025585
0.025605
0.025632
0.025647
0.024940
0.025164
0.025182
0.025196
0.025210
0.025224
0.025237
0.025250
0.025263
0.025276
0.025289
0.052517
0.052728
0.052754
0.052768
0.052782
0.052795
0.052808
0.052821
0.052834
0.052847
0.052860
0.025111
0.025330
0.025357
0.025371
0.025384
0.025398
0.025412
0.025424
0.025438
