1.750899
0.040516
0.040799
0.040819
0.040834
0.040850
0.040865
0.040879
0.040894
0.040909
0.040923
0.040936
0.035445
0.035700
0.035718
0.035733
0.035747
0.035763
0.035776
0.035790
0.035805
0.035819
0.035832
0.028959
0.029226
0.029248
0.029268
0.029287
0.029305
0.029325
0.029342
0.029360
0.029378
0.029396
0.028276
0.028536
0.028557
0.028574
0.028594
0.028612
0.028630
0.028649
0.028667
0.028685
0.028703
0.027813
0.028052
0.028071
0.028098
0.028117
0.028135
0.028153
0.028171
0.028189
0.028208
0.028226
0.027596
0.027832
0.027853
0.027883
0.027901
0.027919
0.027938
0.027956
0.027974
0.027992
0.028011
0.027673
0.027910
0.027941
0.027959
0.027978
0.027996
0.028017
0.028035
0.028053
0.028071
0.028089
0.025460
0.025675
0.025692
0.025706
0.025719
0.025733
0.025747
0.025760
0.025773
0.025787
0.025800
0.020777
0.020988
0.021004
0.021018
0.021032
0.021045
0.021058
0.021071
0.021084
0.021102
0.021120
0.042947
0.043158
0.043176
0.043191
0.043205
0.043218
0.043231
0.043246
0.043259
0.043272
0.043285
0.021578
0.021792
0.021817
0.021832
0.021845
0.021858
0.021872
0.021885
0.021897
0.021910
0.021923
0.020686
0.020891
0.020918
0.020932
0.020946
0.020961
0.020974
0.020987
0.021000
0.021013
0.021026
0.020585
0.020797
0.020814
0.020828
0.020842
0.020855
0.020868
0.020882
0.020895
0.020908
0.020921
0.021569
0.021770
0.021796
0.021809
0.021822
0.021838
0.021851
0.021863
0.021876
0.021889
0.021902
0.022562
0.022774
0.022791
0.022805
0.022819
0.022833
0.022846
0.022860
0.022873
0.022886
0.022899
0.021886
0.022092
0.022117
0.022132
0.022145
0.022158
0.022171
0.022185
0.022199
0.022213
0.022226
0.021425
0.021631
0.021647
0.021661
0.021675
0.021689
0.021702
0.021716
0.021729
0.021741
0.021754
0.027413
0.027625
0.027642
0.027656
0.027669
0.027683
0.027696
0.027709
0.027722
0.027735
0.027748
0.021928
0.022142
0.022160
0.022177
0.022190
0.022204
0.022218
0.022230
0.022244
0.022257
0.022270
0.045698
0.045911
0.045927
0.045942
0.045955
0.045968
0.045981
0.045995
0.046008
0.046021
0.046034
0.021946
0.022159
0.022177
0.022191
0.022204
0.022217
0.022231
0.022243
0.022256
0.022277
0.022294
0.022994
0.023199
0.023218
0.023231
0.023254
0.023268
0.023281
0.023295
0.023308
0.023321
0.023334
0.021713
0.021923
0.021939
0.021953
0.021967
0.021980
0.021993
0.022006
0.022019
0.022032
0.022046
0.021639
0.021845
0.021861
0.021875
0.021889
0.021903
0.021916
0.021929
0.021942
0.021955
0.021968
0.021961
0.022163
0.022180
0.022193
0.022217
0.022233
0.022246
0.022259
0.022272
0.022285
0.022299
0.021900
0.022111
0.022128
0.022142
0.022156
0.022169
0.022182
0.022195
0.022208
0.022221
0.022233
0.022150
0.022358
0.022376
0.022391
0.022405
0.022418
0.022431
0.022445
0.022465
0.022481
0.022494
0.021907
0.022196
0.022229
0.022267
0.022296
0.022325
0.022355
0.022384
0.022413
0.022441
0.022468
0.023879
0.024105
0.024122
0.024137
0.024151
0.024164
0.024177
0.024190
0.024204
0.024217
0.024230
0.044765
0.044974
0.044997
0.045031
0.045054
0.045079
0.045104
0.045127
0.045151
0.045175
0.045199
0.022232
0.022450
0.022477
0.022502
0.022527
0.022551
0.022576
0.022600
0.022624
0.022648
0.022673
0.021674
0.021887
0.021918
0.021952
0.021978
0.022003
0.022027
0.022051
0.022075
0.022099
0.022122
0.022996
0.023219
0.023256
0.023282
0.023307
0.023332
0.023357
0.023380
0.023404
0.023429
0.023453
0.022095
0.022307
0.022333
0.022346
0.022360
0.022373
0.022386
0.022399
0.022412
0.022425
0.022439
0.021646
0.021866
0.021884
0.021898
0.021913
0.021927
0.021941
0.021955
0.021969
0.021982
0.021996
0.021691
0.021893
0.021919
0.021934
0.021947
0.021961
0.021974
0.021987
0.022000
0.022016
0.022033
0.021902
0.022118
0.022138
0.022154
0.022171
0.022186
0.022203
0.022219
0.022235
0.022254
0.022269
0.023008
0.023222
0.023242
0.023259
0.023276
0.023292
0.023308
0.023323
0.023339
0.023354
0.023370
0.021569
0.021775
0.021794
0.021826
0.021845
0.021862
0.021879
0.021895
0.021911
0.021927
0.021943
0.046240
0.046456
0.046477
0.046494
0.046511
0.046527
0.046543
0.046559
0.046574
0.046589
0.046605
0.021213
0.021429
0.021450
0.021467
0.021485
0.021502
0.021519
0.021535
0.021551
0.021566
0.021582
0.021983
0.022186
0.022214
0.022231
0.022247
0.022263
0.022279
0.022295
0.022310
0.022326
0.022341
0.021837
0.022045
0.022074
0.022092
0.022109
0.022125
0.022141
0.022158
0.022173
0.022190
0.022205
0.022968
0.023182
0.023201
0.023216
0.023232
0.023247
0.023263
0.023278
0.023292
0.023307
0.023322
0.021960
0.022181
0.022200
0.022218
0.022234
0.022250
0.022266
0.022281
0.022298
0.022313
0.022328
0.022476
0.022681
0.022709
0.022734
0.022749
0.022762
0.022776
0.022789
0.022802
0.022819
0.022846
0.022579
0.022798
0.022816
0.022830
0.022844
0.022857
0.022871
0.022884
0.022897
0.022910
0.022924
0.021602
0.021806
0.021832
0.021846
0.021872
0.021887
0.021901
0.021917
0.021933
0.021953
0.021968
0.022080
0.022299
0.022318
0.022335
0.022351
0.022367
0.022382
0.022398
0.022414
0.022429
0.022444
0.045430
0.045647
0.045666
0.045683
0.045698
0.045714
0.045728
0.045743
0.045758
0.045774
0.045789
0.022370
0.022591
0.022611
0.022629
0.022645
0.022662
0.022677
0.022692
0.022707
0.022722
0.022737
0.021496
0.021716
0.021735
0.021752
0.021768
0.021783
0.021799
0.021814
0.021830
0.021846
0.021862
0.021579
0.021795
0.021814
0.021832
0.021848
0.021864
0.021880
0.021895
0.021911
0.021927
0.021942
0.022280
0.022485
0.022514
0.022531
0.022548
0.022564
0.022580
0.022597
0.022611
0.022625
0.022640
0.021436
0.021637
0.021666
0.021681
0.021698
0.021712
0.021726
0.021741
0.021754
0.021768
0.021780
0.021569
0.021781
0.021798
0.021812
0.021826
0.021845
0.021861
0.021875
0.021891
0.021908
0.021924
0.021885
0.022095
0.022123
0.022140
0.022157
0.022173
0.022188
0.022204
0.022220
0.022235
0.022256
0.022749
0.022950
0.022969
0.022995
0.023011
0.023026
0.023042
0.023059
0.023074
0.023090
0.023106
0.021694
0.021904
0.021934
0.021951
0.021967
0.021983
0.021998
0.022014
0.022029
0.022045
0.022060
0.046243
0.046456
0.046474
0.046492
0.046508
0.046525
0.046542
0.046558
0.046574
0.046589
0.046605
0.022547
0.022754
0.022784
0.022800
0.022816
0.022832
0.022849
0.022865
0.022881
0.022896
0.022912
0.021654
0.021869
0.021895
0.021909
0.021923
0.021937
0.021950
0.021963
0.021979
0.021992
0.022005
0.021409
0.021619
0.021636
0.021650
0.021663
0.021677
0.021690
0.021703
0.021716
0.021729
0.021742
0.021985
0.022184
0.022210
0.022226
0.022240
0.022253
0.022267
0.022280
0.022294
0.022306
0.022320
0.021515
0.021732
0.021756
0.021771
0.021785
0.021798
0.021811
0.021825
0.021837
0.021851
0.021864
0.022658
0.022875
0.022892
0.022907
0.022920
0.022933
0.022947
0.022960
0.022973
0.022985
0.022999
0.021595
0.021810
0.021827
0.021841
0.021855
0.021869
0.021882
0.021895
0.021909
0.021922
0.021935
0.021736
0.021954
0.021981
0.021995
0.022009
0.022022
0.022036
0.022049
0.022062
0.022075
0.022088
0.021601
0.021816
0.021833
0.021848
0.021861
0.021875
0.021888
0.021901
0.021914
0.021928
0.021941
0.044810
0.045027
0.045044
0.045058
0.045072
0.045085
0.045099
0.045111
0.045124
0.045137
0.045150
0.022162
0.022380
0.022397
0.022411
0.022425
0.022439
0.022452
0.022465
0.022478
0.022491
0.022504
0.021794
0.022007
0.022024
0.022048
0.022062
0.022075
0.022089
0.022102
0.022115
0.022128
0.022141
0.021474
0.021688
0.021706
0.021720
0.021734
0.021747
0.021760
0.021774
0.021787
0.021801
0.021815
0.021989
0.022203
0.022220
0.022235
0.022248
0.022262
0.022275
0.022288
0.022301
0.022314
0.022327
0.021360
0.021573
0.021591
0.021605
0.021619
0.021632
0.021646
0.021659
0.021672
0.021686
0.021699
0.021394
0.021609
0.021626
0.021641
0.021655
0.021668
0.021682
0.021695
0.021709
0.021722
0.021735
0.022045
0.022258
0.022275
0.022289
0.022303
0.022316
0.022329
0.022342
0.022356
0.022369
0.022382
0.022040
0.022253
0.022270
0.022285
0.022298
0.022312
0.022325
0.022338
0.022351
0.022365
0.022377
0.021707
0.021919
0.021936
0.021951
0.021965
0.021978
0.021992
0.022006
0.022019
0.022032
0.022045
0.045680
0.045889
0.045906
0.045920
0.045934
0.045949
0.045963
0.045976
0.045989
0.046002
0.046015
0.023202
0.023421
0.023438
0.023452
0.023466
0.023480
0.023494
0.023508
0.023521
0.023534
0.023547
0.021557
0.021769
0.021786
0.021800
0.021813
0.021827
0.021840
0.021852
0.021866
0.021878
0.021891
0.021454
0.021666
0.021683
0.021697
0.021711
0.021725
0.021738
0.021752
0.021765
0.021778
0.021791
0.021507
0.021721
0.021738
0.021753
0.021766
0.021780
0.021793
0.021806
0.021819
0.021832
0.021845
0.023902
0.024122
0.024140
0.024155
0.024169
0.024182
0.024195
0.024208
0.024222
0.024235
0.024248
0.022661
0.022884
0.022901
0.022915
0.022929
0.022942
0.022955
0.022968
0.022981
0.022994
0.023007
0.021494
0.021707
0.021724
0.021739
0.021752
0.021766
0.021780
0.021793
0.021806
0.021819
0.021832
0.021384
0.021599
0.021616
0.021630
0.021643
0.021657
0.021671
0.021684
0.021697
0.021710
0.021723
0.021442
0.021646
0.021662
0.021676
0.021699
0.021713
0.021726
0.021740
0.021753
0.021766
0.021779
0.045431
0.045654
0.045671
0.045685
0.045698
0.045712
0.045725
0.045738
0.045751
0.045764
0.045777
0.021960
0.022177
0.022195
0.022209
0.022223
0.022237
0.022251
0.022264
0.022277
0.022290
0.022304
0.021473
0.021677
0.021694
0.021707
0.021730
0.021744
0.021757
0.021770
0.021783
0.021796
0.021809
0.022326
0.022540
0.022558
0.022573
0.022586
0.022600
0.022613
0.022626
0.022639
0.022652
0.022665
0.021538
0.021745
0.021770
0.021785
0.021798
0.021812
0.021825
0.021838
0.021852
0.021865
0.021878
0.021426
0.021641
0.021657
0.021672
0.021686
0.021699
0.021712
0.021725
0.021738
0.021751
0.021764
0.021269
0.021480
0.021497
0.021511
0.021524
0.021538
0.021551
0.021564
0.021578
0.021592
0.021605
0.021441
0.021657
0.021674
0.021688
0.021702
0.021715
0.021728
0.021741
0.021754
0.021768
0.021780
0.021919
0.022130
0.022146
0.022160
0.022173
0.022187
0.022200
0.022213
0.022227
0.022241
0.022254
0.021341
0.021553
0.021570
0.021584
0.021598
0.021611
0.021625
0.021637
0.021651
0.021663
0.021676
0.045474
0.045686
0.045703
0.045718
0.045731
0.045745
0.045758
0.045772
0.045785
0.045798
0.045811
0.022334
0.022551
0.022571
0.022585
0.022599
0.022612
0.022625
0.022639
0.022652
0.022665
0.022678
0.021353
0.021563
0.021580
0.021595
0.021608
0.021630
0.021645
0.021658
0.021671
0.021689
0.021703
0.021344
0.021558
0.021576
0.021590
0.021603
0.021617
0.021643
0.021677
0.021699
0.021717
0.021733
0.021457
0.021673
0.021699
0.021716
0.021742
0.021759
0.021775
0.021791
0.021806
0.021822
0.021838
0.021975
0.022194
0.022214
0.022231
0.022248
0.022263
0.022279
0.022294
0.022310
0.022326
0.022341
0.021541
0.021748
0.021767
0.021793
0.021810
0.021827
0.021843
0.021859
0.021875
0.021890
0.021906
0.021316
0.021534
0.021564
0.021581
0.021598
0.021615
0.021631
0.021646
0.021662
0.021677
0.021693
0.021272
0.021478
0.021497
0.021523
0.021547
0.021565
0.021582
0.021597
0.021613
0.021628
0.021644
0.021701
0.021911
0.021940
0.021958
0.021975
0.021991
0.022008
0.022023
0.022039
0.022055
0.022071
0.045258
0.045469
0.045487
0.045501
0.045514
0.045528
0.045541
0.045554
0.045567
0.045580
0.045593
0.022302
0.022515
0.022532
0.022547
0.022560
0.022574
0.022588
0.022601
0.022614
0.022627
0.022640
0.021522
0.021731
0.021749
0.021763
0.021777
0.021790
0.021803
0.021817
0.021830
0.021843
0.021856
0.021498
0.021712
0.021729
0.021744
0.021758
0.021771
0.021784
0.021798
0.021811
0.021824
0.021837
0.022922
0.023135
0.023152
0.023166
0.023179
0.023193
0.023206
0.023219
0.023232
0.023245
0.023258
0.021499
0.021708
0.021725
0.021739
0.021752
0.021766
0.021779
0.021792
0.021805
0.021819
0.021832
0.021727
0.021927
0.021955
0.021969
0.021983
0.021996
0.022010
0.022023
0.022036
0.022049
0.022062
0.021614
0.021826
0.021843
0.021857
0.021871
0.021884
0.021897
0.021910
0.021924
0.021937
0.021951
0.021936
0.022152
0.022181
0.022206
0.022231
0.022255
0.022279
0.022304
0.022327
0.022352
0.022375
0.021635
0.021857
0.021886
0.021910
0.021935
0.021959
0.021983
0.022008
0.022032
0.022057
0.022080
0.046664
0.046890
0.046924
0.046949
0.046975
0.046999
0.047023
0.047047
0.047072
0.047095
0.047119
0.022453
0.022673
0.022699
0.022725
0.022757
0.022782
0.022808
0.022832
0.022856
0.022881
0.022905
0.022122
0.022359
0.022394
0.022420
0.022446
0.022471
0.022494
0.022519
0.022541
0.022565
0.022588
0.021481
0.021740
0.021769
0.021800
0.021821
0.021843
0.021870
0.021889
0.021904
0.021917
0.021930
0.021875
0.022107
0.022137
0.022165
0.022189
0.022218
0.022242
0.022266
0.022290
0.022314
0.022337
0.022202
0.022420
0.022437
0.022451
0.022465
0.022479
0.022493
0.022506
0.022519
0.022532
0.022545
0.022851
0.023064
0.023081
0.023095
0.023108
0.023122
0.023135
0.023148
0.023161
0.023174
0.023187
0.022019
0.022237
0.022256
0.022271
0.022285
0.022299
0.022312
0.022325
0.022338
0.022352
0.022365
0.021276
0.021481
0.021508
0.021527
0.021543
0.021559
0.021575
0.021590
0.021606
0.021621
0.021637
0.021980
0.022193
0.022213
0.022230
0.022247
0.022263
0.022279
0.022295
0.022310
0.022325
0.022341
0.045564
0.045788
0.045805
0.045819
0.045833
0.045846
0.045859
0.045872
0.045885
0.045898
0.045911
0.022155
0.022375
0.022393
0.022408
0.022422
0.022435
0.022448
0.022461
0.022475
0.022488
0.022501
0.022160
0.022377
0.022394
0.022408
0.022422
0.022435
0.022449
0.022462
0.022475
0.022488
0.022501
0.022075
0.022289
0.022306
0.022321
0.022335
0.022348
0.022362
0.022375
0.022389
0.022402
0.022415
0.022848
0.023060
0.023077
0.023092
0.023105
0.023119
0.023132
0.023145
0.023159
0.023172
0.023186
0.021764
0.022026
0.022056
0.022077
0.022106
0.022125
0.022144
0.022164
0.022183
0.022202
0.022221
0.021667
0.021876
0.021893
0.021907
0.021921
0.021935
0.021948
0.021961
0.021974
0.021988
0.022001
0.021948
0.022146
0.022172
0.022187
0.022201
0.022214
0.022228
0.022241
0.022254
0.022267
0.022280
0.022666
0.022884
0.022901
0.022916
0.022929
0.022942
0.022956
0.022969
0.022982
0.022996
0.023009
0.021778
0.021991
0.022009
0.022023
0.022037
0.022050
0.022064
0.022077
0.022090
0.022103
0.022116
0.045656
0.045866
0.045883
0.045897
0.045911
0.045924
0.045938
0.045951
0.045965
0.045978
0.045991
0.022051
0.022283
0.022314
0.022341
0.022367
0.022391
0.022416
0.022440
0.022464
0.022488
0.022512
0.023356
0.023576
0.023593
0.023607
0.023621
0.023634
0.023648
0.023662
0.023675
0.023688
0.023701
0.021600
0.021860
0.021885
0.021916
0.021939
0.021960
0.021983
0.022004
0.022024
0.022045
0.022063
0.021569
0.021771
0.021796
0.021810
0.021823
0.021837
0.021851
0.021864
0.021877
0.021890
0.021903
0.021499
0.021712
0.021729
0.021743
0.021757
0.021771
0.021784
0.021797
0.021810
0.021823
0.021836
0.022630
0.022838
0.022865
0.022879
0.022893
0.022907
0.022921
0.022934
0.022947
0.022960
0.022974
0.021374
0.021590
0.021607
0.021622
0.021635
0.021649
0.021662
0.021675
0.021688
0.021701
0.021714
0.021441
0.021652
0.021669
0.021683
0.021697
0.021711
0.021724
0.021738
0.021751
0.021764
0.021777
0.021721
0.021924
0.021940
0.021954
0.021977
0.021991
0.022005
0.022017
0.022031
0.022044
0.022057
0.046381
0.046596
0.046613
0.046628
0.046642
0.046655
0.046669
0.046682
0.046695
0.046708
0.046722
0.021948
0.022168
0.022189
0.022206
0.022222
0.022238
0.022254
0.022270
0.022286
0.022301
0.022317
0.021690
0.021896
0.021924
0.021941
0.021958
0.021974
0.021990
0.022005
0.022021
0.022037
0.022052
0.022012
0.022229
0.022249
0.022267
0.022285
0.022301
0.022317
0.022333
0.022349
0.022364
0.022380
0.021613
0.021827
0.021847
0.021864
0.021880
0.021896
0.021912
0.021928
0.021945
0.021962
0.021977
0.021872
0.022075
0.022103
0.022121
0.022137
0.022153
0.022168
0.022184
0.022199
0.022215
0.022231
0.021407
0.021618
0.021647
0.021664
0.021680
0.021697
0.021712
0.021728
0.021743
0.021759
0.021775
0.022434
0.022648
0.022667
0.022684
0.022701
0.022716
0.022732
0.022748
0.022764
0.022779
0.022795
0.021828
0.022042
0.022062
0.022079
0.022094
