1.122290
0.024880
0.025105
0.025123
0.025138
0.025152
0.025166
0.025179
0.025193
0.025207
0.025220
0.025234
0.034424
0.034675
0.034694
0.034719
0.034739
0.034758
0.034775
0.034793
0.034811
0.034829
0.034846
0.028215
0.028433
0.028450
0.028466
0.028481
0.028494
0.028509
0.028522
0.028536
0.028550
0.028564
0.027176
0.027413
0.027444
0.027474
0.027491
0.027504
0.027518
0.027532
0.027544
0.027558
0.027571
0.029421
0.029646
0.029664
0.029678
0.029691
0.029705
0.029718
0.029731
0.029745
0.029758
0.029771
0.026600
0.026817
0.026834
0.026850
0.026863
0.026876
0.026890
0.026903
0.026916
0.026929
0.026942
0.024958
0.025182
0.025199
0.025213
0.025226
0.025239
0.025254
0.025434
0.025448
0.025510
0.025526
0.024215
0.024485
0.024502
0.024516
0.024530
0.024543
0.024556
0.024569
0.024582
0.024595
0.024608
0.024028
0.024247
0.024264
0.024279
0.024292
0.024306
0.024319
0.024333
0.024346
0.024359
0.024373
0.048824
0.049038
0.049055
0.049069
0.049082
0.049096
0.049109
0.049125
0.049138
0.049151
0.049164
0.024148
0.024363
0.024380
0.024394
0.024408
0.024422
0.024435
0.024448
0.024461
0.024474
0.024487
0.023377
0.023595
0.023612
0.023626
0.023639
0.023655
0.023668
0.023681
0.023694
0.023707
0.023719
0.023997
0.024232
0.024589
0.024685
0.024707
0.024727
0.024747
0.024766
0.024791
0.024811
0.024831
0.023257
0.023475
0.023492
0.023506
0.023519
0.023535
0.023548
0.023561
0.023574
0.023587
0.023600
0.023937
0.024163
0.024190
0.024204
0.024217
0.024231
0.024244
0.024257
0.024270
0.024283
0.024296
0.024345
0.024583
0.024600
0.024614
0.024627
0.024640
0.024659
0.024674
0.024690
0.024704
0.024717
0.024127
0.024332
0.024359
0.024373
0.024386
0.024400
0.024413
0.024426
0.024439
0.024452
0.024465
0.024446
0.024662
0.024678
0.024692
0.024705
0.024719
0.024733
0.024746
0.024759
0.024772
0.024785
0.024356
0.024575
0.024591
0.024608
0.024621
0.024635
0.024648
0.024661
0.024674
0.024687
0.024700
0.048316
0.048521
0.048546
0.048562
0.048576
0.048589
0.048602
0.048615
0.048628
0.048641
0.048654
0.023496
0.023713
0.023730
0.023744
0.023757
0.023770
0.023784
0.023797
0.023810
0.023839
0.023867
0.023515
0.023728
0.023748
0.023762
0.023776
0.023789
0.023801
0.023815
0.023828
0.023841
0.023854
0.023746
0.023962
0.023979
0.023993
0.024007
0.024019
0.024033
0.024045
0.024058
0.024071
0.024084
0.024253
0.024469
0.024486
0.024500
0.024514
0.024527
0.024541
0.024555
0.024568
0.024581
0.024594
0.023921
0.024139
0.024157
0.024171
0.024185
0.024201
0.024214
0.024227
0.024241
0.024254
0.024267
0.025038
0.025244
0.025271
0.025290
0.025304
0.025317
0.025330
0.025343
0.025356
0.025369
0.025382
0.024804
0.025025
0.025043
0.025057
0.025071
0.025084
0.025097
0.025110
0.025124
0.025136
0.025150
0.023697
0.023902
0.023929
0.023943
0.023957
0.023970
0.023983
0.023997
0.024010
0.024023
0.024036
0.023102
0.023322
0.023339
0.023353
0.023366
0.023384
0.023398
0.023410
0.023423
0.023437
0.023450
0.049321
0.049541
0.049559
0.049573
0.049587
0.049600
0.049613
0.049625
0.049638
0.049651
0.049664
0.024290
0.024496
0.024522
0.024536
0.024550
0.024563
0.024576
0.024590
0.024603
0.024616
0.024630
0.024003
0.024224
0.024240
0.024255
0.024268
0.024281
0.024294
0.024307
0.024320
0.024333
0.024346
0.024240
0.024451
0.024480
0.024495
0.024508
0.024521
0.024535
0.024548
0.024561
0.024575
0.024588
0.023923
0.024142
0.024159
0.024173
0.024187
0.024200
0.024214
0.024227
0.024240
0.024253
0.024266
0.024216
0.024430
0.024447
0.024462
0.024475
0.024488
0.024502
0.024515
0.024528
0.024541
0.024554
0.024710
0.024925
0.024942
0.024956
0.024969
0.024982
0.024996
0.025008
0.025021
0.025034
0.025047
0.024098
0.024318
0.024334
0.024348
0.024362
0.024374
0.024388
0.024401
0.024415
0.024431
0.024444
0.024333
0.024591
0.024614
0.024643
0.024663
0.024682
0.024703
0.024723
0.024744
0.024767
0.024788
0.023452
0.023668
0.023687
0.023704
0.023720
0.023735
0.023752
0.023767
0.023783
0.023798
0.023814
0.049589
0.049790
0.049817
0.049831
0.049844
0.049858
0.049871
0.049884
0.049897
0.049910
0.049923
0.025036
0.025254
0.025271
0.025285
0.025299
0.025313
0.025326
0.025339
0.025352
0.025365
0.025378
0.023880
0.024101
0.024118
0.024132
0.024145
0.024159
0.024172
0.024185
0.024198
0.024211
0.024224
0.023897
0.024113
0.024130
0.024144
0.024158
0.024172
0.024185
0.024199
0.024212
0.024225
0.024238
0.023759
0.023982
0.024006
0.024030
0.024053
0.024077
0.024101
0.024125
0.024148
0.024172
0.024196
0.024374
0.024601
0.024632
0.024658
0.024684
0.024708
0.024732
0.024756
0.024780
0.024803
0.024827
0.025563
0.025785
0.025813
0.025837
0.025862
0.025886
0.025910
0.025934
0.025957
0.025980
0.026004
0.024622
0.024850
0.024879
0.024903
0.024928
0.024952
0.024976
0.025000
0.025023
0.025047
0.025070
0.032732
0.032993
0.033014
0.033033
0.033052
0.033069
0.033087
0.033104
0.033122
0.033142
0.033159
0.045865
0.046127
0.046167
0.046198
0.046231
0.046261
0.046291
0.046321
0.046350
0.046379
0.046408
0.050718
0.050939
0.050978
0.051004
0.051034
0.051059
0.051083
0.051107
0.051131
0.051155
0.051179
0.024537
0.024748
0.024774
0.024788
0.024802
0.024816
0.024829
0.024842
0.024855
0.024868
0.024882
0.023289
0.023505
0.023522
0.023536
0.023550
0.023563
0.023576
0.023590
0.023603
0.023617
0.023630
0.023843
0.024069
0.024097
0.024126
0.024151
0.024178
0.024202
0.024226
0.024251
0.024274
0.024298
0.024281
0.024486
0.024511
0.024525
0.024539
0.024553
0.024566
0.024580
0.024593
0.024607
0.024620
0.024580
0.024797
0.024815
0.024829
0.024847
0.024860
0.024873
0.024886
0.024899
0.024912
0.024925
0.024380
0.024585
0.024611
0.024625
0.024639
0.024652
0.024665
0.024678
0.024692
0.024706
0.024719
0.023830
0.024034
0.024050
0.024064
0.024087
0.024100
0.024113
0.024126
0.024139
0.024152
0.024165
0.023812
0.024029
0.024046
0.024060
0.024073
0.024087
0.024100
0.024114
0.024127
0.024140
0.024153
0.031133
0.031355
0.031373
0.031387
0.031401
0.031414
0.031428
0.031441
0.031454
0.031468
0.031481
0.049198
0.049422
0.049439
0.049458
0.049472
0.049485
0.049499
0.049512
0.049525
0.049539
0.049551
0.024369
0.024591
0.024608
0.024623
0.024637
0.024650
0.024664
0.024677
0.024690
0.024703
0.024716
0.027308
0.027529
0.027545
0.027559
0.027573
0.027587
0.027600
0.027613
0.027630
0.027643
0.027656
0.024824
0.025034
0.025061
0.025075
0.025090
0.025103
0.025116
0.025130
0.025143
0.025156
0.025170
0.025182
0.025404
0.025421
0.025435
0.025450
0.025463
0.025476
0.025490
0.025503
0.025516
0.025529
0.025753
0.025973
0.025990
0.026003
0.026017
0.026030
0.026043
0.026056
0.026069
0.026082
0.026094
0.025184
0.025402
0.025419
0.025434
0.025447
0.025460
0.025474
0.025486
0.025499
0.025512
0.025525
0.026316
0.026540
0.026558
0.026572
0.026585
0.026599
0.026612
0.026625
0.026638
0.026651
0.026664
0.026025
0.026243
0.026261
0.026275
0.026289
0.026302
0.026316
0.026330
0.026343
0.026356
0.026368
0.025299
0.025517
0.025535
0.025549
0.025563
0.025576
0.025589
0.025603
0.025616
0.025629
0.025642
0.052368
0.052574
0.052600
0.052615
0.052628
0.052641
0.052655
0.052667
0.052680
0.052693
0.052706
0.025692
0.025909
0.025927
0.025941
0.025955
0.025968
0.025981
0.025995
0.026008
0.026021
0.026034
0.025429
0.025644
0.025661
0.025675
0.025688
0.025702
0.025714
0.025727
0.025740
0.025753
0.025766
0.024133
0.024340
0.024366
0.024380
0.024394
0.024408
0.024421
0.024434
0.024447
0.024460
0.024474
0.025694
0.025903
0.025928
0.025943
0.025956
0.025970
0.025983
0.025995
0.026009
0.026021
0.026035
0.033261
0.033501
0.033531
0.033550
0.033568
0.033586
0.033604
0.033622
0.033639
0.033658
0.033676
0.039856
0.040080
0.040097
0.040112
0.040125
0.040138
0.040151
0.040164
0.040177
0.040190
0.040203
0.025417
0.025636
0.025653
0.025667
0.025681
0.025694
0.025707
0.025720
0.025734
0.025747
0.025761
0.025245
0.025463
0.025481
0.025495
0.025508
0.025522
0.025535
0.025548
0.025561
0.025574
0.025587
0.026040
0.026262
0.026279
0.026293
0.026306
0.026320
0.026333
0.026347
0.026360
0.026373
0.026386
0.052237
0.052459
0.052477
0.052491
0.052505
0.052522
0.052535
0.052548
0.052561
0.052575
0.052588
0.025934
0.026165
0.026183
0.026197
0.026211
0.026224
0.026238
0.026251
0.026265
0.026283
0.026297
0.024855
0.025072
0.025089
0.025103
0.025116
0.025130
0.025143
0.025156
0.025169
0.025181
0.025194
0.024968
0.025198
0.025228
0.025256
0.025281
0.025307
0.025332
0.025356
0.025380
0.025404
0.025428
0.025565
0.025793
0.025822
0.025851
0.025875
0.025900
0.025925
0.025949
0.025973
0.025997
0.026021
0.025204
0.025434
0.025466
0.025492
0.025519
0.025543
0.025567
0.025591
0.025616
0.025640
0.025664
0.026124
0.026344
0.026371
0.026394
0.026419
0.026443
0.026467
0.026491
0.026515
0.026539
0.026562
0.026033
0.026265
0.026299
0.026325
0.026350
0.026375
0.026400
0.026424
0.026448
0.026472
0.026496
0.025094
0.025315
0.025334
0.025351
0.025367
0.025383
0.025400
0.025416
0.025432
0.025447
0.025463
0.024476
0.024688
0.024708
0.024735
0.024752
0.024767
0.024784
0.024799
0.024815
0.024830
0.024846
0.054019
0.054228
0.054256
0.054274
0.054290
0.054306
0.054322
0.054338
0.054353
0.054369
0.054384
0.025270
0.025494
0.025514
0.025532
0.025550
0.025566
0.025582
0.025599
0.025614
0.025630
0.025646
0.025187
0.025410
0.025429
0.025447
0.025463
0.025480
0.025494
0.025507
0.025520
0.025533
0.025546
0.025188
0.025415
0.025435
0.025452
0.025470
0.025485
0.025501
0.025518
0.025534
0.025549
0.025565
0.025896
0.026118
0.026139
0.026157
0.026174
0.026191
0.026206
0.026222
0.026237
0.026253
0.026269
0.026208
0.026428
0.026448
0.026466
0.026483
0.026499
0.026515
0.026530
0.026546
0.026561
0.026577
0.025059
0.025279
0.025307
0.025324
0.025339
0.025355
0.025371
0.025387
0.025402
0.025419
0.025434
0.024686
0.024913
0.024942
0.024958
0.024976
0.024992
0.025008
0.025023
0.025039
0.025054
0.025069
0.028871
0.029087
0.029106
0.029123
0.029140
0.029155
0.029171
0.029186
0.029202
0.029218
0.029233
0.025214
0.025429
0.025450
0.025467
0.025484
0.025500
0.025516
0.025531
0.025547
0.025563
0.025578
0.051368
0.051588
0.051608
0.051625
0.051641
0.051656
0.051672
0.051688
0.051704
0.051720
0.051736
0.024075
0.024290
0.024315
0.024333
0.024351
0.024367
0.024384
0.024400
0.024416
0.024434
0.024449
0.027294
0.027514
0.027535
0.027552
0.027568
0.027584
0.027600
0.027616
0.027633
0.027651
0.027667
0.025003
0.025215
0.025244
0.025261
0.025277
0.025293
0.025310
0.025326
0.025342
0.025357
0.025374
0.028681
0.028893
0.028911
0.028925
0.028939
0.028953
0.028966
0.028979
0.028992
0.029005
0.029018
0.025279
0.025499
0.025517
0.025531
0.025545
0.025558
0.025571
0.025584
0.025597
0.025610
0.025623
0.025515
0.025747
0.025768
0.025785
0.025801
0.025817
0.025835
0.025850
0.025866
0.025882
0.025897
0.024781
0.025001
0.025021
0.025038
0.025054
0.025070
0.025087
0.025102
0.025118
0.025133
0.025149
0.025742
0.025970
0.025989
0.026006
0.026022
0.026037
0.026053
0.026069
0.026084
0.026099
0.026115
0.024652
0.024873
0.024890
0.024905
0.024919
0.024932
0.024946
0.024959
0.024972
0.024985
0.024998
0.051251
0.051469
0.051486
0.051501
0.051515
0.051528
0.051541
0.051554
0.051567
0.051580
0.051593
0.024972
0.025193
0.025210
0.025224
0.025238
0.025251
0.025264
0.025277
0.025290
0.025303
0.025316
0.025289
0.025509
0.025527
0.025541
0.025554
0.025568
0.025581
0.025593
0.025606
0.025619
0.025631
0.025183
0.025414
0.025444
0.025473
0.025500
0.025525
0.025549
0.025574
0.025599
0.025622
0.025646
0.025300
0.025535
0.025567
0.025595
0.025620
0.025645
0.025669
0.025693
0.025717
0.025741
0.025764
0.025526
0.025745
0.025784
0.025810
0.025835
0.025859
0.025883
0.025907
0.025930
0.025954
0.025979
0.026277
0.026498
0.026546
0.026571
0.026596
0.026620
0.026644
0.026668
0.026692
0.026716
0.026739
0.026001
0.026229
0.026262
0.026287
0.026313
0.026337
0.026361
0.026386
0.026409
0.026434
0.026459
0.025092
0.025324
0.025357
0.025383
0.025409
0.025437
0.025463
0.025486
0.025510
0.025535
0.025558
0.025424
0.025637
0.025664
0.025678
0.025692
0.025705
0.025719
0.025732
0.025746
0.025759
0.025773
0.052641
0.052859
0.052876
0.052890
0.052904
0.052917
0.052930
0.052943
0.052956
0.052969
0.052983
0.024983
0.025185
0.025202
0.025225
0.025239
0.025252
0.025265
0.025279
0.025292
0.025305
0.025318
0.025635
0.025856
0.025874
0.025888
0.025902
0.025915
0.025928
0.025941
0.025954
0.025967
0.025980
0.026165
0.026388
0.026405
0.026419
0.026432
0.026446
0.026459
0.026473
0.026486
0.026500
0.026513
0.028363
0.028589
0.028607
0.028621
0.028634
0.028648
0.028661
0.028674
0.028687
0.028700
0.028713
0.026258
0.026474
0.026492
0.026506
0.026519
0.026533
0.026547
0.026560
0.026573
0.026587
0.026600
0.026826
0.027046
0.027063
0.027077
0.027090
0.027103
0.027116
0.027129
0.027142
0.027155
0.027168
0.024805
0.025015
0.025041
0.025056
0.025070
0.025084
0.025097
0.025110
0.025124
0.025137
0.025150
0.024549
0.024769
0.024787
0.024801
0.024814
0.024827
0.024840
0.024853
0.024866
0.024879
0.024892
0.024649
0.024863
0.024880
0.024895
0.024909
0.024923
0.024936
0.024950
0.024963
0.024976
0.024989
0.051075
0.051304
0.051334
0.051361
0.051386
0.051411
0.051435
0.051460
0.051483
0.051507
0.051531
0.024951
0.025181
0.025210
0.025236
0.025258
0.025283
0.025308
0.025331
0.025355
0.025379
0.025403
0.024539
0.024766
0.024799
0.024826
0.024851
0.024875
0.024900
0.024923
0.024946
0.024970
0.024994
0.025468
0.025695
0.025726
0.025754
0.025780
0.025805
0.025829
0.025853
0.025877
0.025901
0.025925
0.025053
0.025282
0.025312
0.025340
0.025364
0.025390
0.025414
0.025438
0.025462
0.025486
0.025510
0.024117
0.024344
0.024377
0.024402
0.024428
0.024452
0.024476
0.024500
0.024525
0.024548
0.024572
0.026053
0.026284
0.026316
0.026341
0.026366
0.026391
0.026416
0.026441
0.026464
0.026489
0.026513
0.025298
0.025531
0.025570
0.025594
0.025620
0.025645
0.025669
0.025693
0.025716
0.025740
0.025764
0.024891
0.025134
0.025163
0.025186
0.025211
0.025234
0.025258
0.025282
0.025306
0.025330
0.025354
0.024320
0.024547
0.024578
0.024604
0.024630
0.024654
0.024678
0.024703
0.024727
0.024750
0.024775
0.050987
0.051214
0.051246
0.051272
0.051297
0.051322
0.051345
0.051369
0.051393
0.051417
0.051440
0.024929
0.025156
0.025183
0.025208
0.025232
0.025256
0.025281
0.025306
0.025330
0.025353
0.025377
0.024897
0.025129
0.025157
0.025184
0.025209
0.025236
0.025260
0.025285
0.025309
0.025332
0.025356
0.024817
0.025043
0.025074
0.025102
0.025132
0.025159
0.025182
0.025206
0.025229
0.025253
0.025277
0.024885
0.025115
0.025147
0.025172
0.025197
0.025221
0.025247
0.025271
0.025295
0.025318
0.025342
0.024501
0.024719
0.024750
0.024773
0.024808
0.024832
0.024857
0.024880
0.024905
0.024928
0.024952
0.025313
0.025543
0.025576
0.025602
0.025627
0.025652
0.025676
0.025700
0.025724
0.025748
0.025772
0.024878
0.025089
0.025116
0.025130
0.025144
0.025157
0.025170
0.025183
0.025196
0.025209
0.025222
0.024521
0.024742
0.024758
0.024773
0.024787
0.024800
0.024813
0.024827
0.024840
0.024853
0.024866
0.024322
0.024537
0.024554
0.024568
0.024582
0.024595
0.024608
0.024622
0.024635
0.024648
0.024662
0.051243
