294	203	21	28
294	203	21	28
296	204	21	28
299	206	21	28
302	208	21	28
305	210	21	29
308	213	22	29
311	215	22	29
314	217	22	29
317	219	22	30
320	221	22	30
323	223	23	30
293	203	21	28
292	203	21	28
292	203	21	28
292	203	21	28
292	203	21	28
292	203	21	28
292	203	21	28
292	203	21	28
292	203	21	28
292	203	21	28
292	203	21	28
293	202	21	28
292	201	21	28
292	201	21	28
292	201	21	28
292	201	21	28
292	201	21	28
292	201	21	28
292	201	21	28
292	201	21	28
292	201	21	28
292	201	21	28
295	204	20	27
294	203	19	26
295	204	19	26
295	204	19	26
295	204	19	26
295	204	19	26
295	204	19	26
295	204	19	26
295	204	19	26
295	204	19	26
295	204	19	26
293	203	21	28
293	203	20	27
293	203	20	27
292	203	21	28
292	203	21	28
292	203	21	28
292	203	21	28
292	203	21	28
292	202	21	28
292	202	21	28
292	202	21	28
295	204	20	27
294	203	20	27
295	204	19	26
295	204	19	26
295	204	19	26
295	204	19	26
295	204	19	26
295	204	19	26
295	204	19	26
295	204	19	26
295	204	19	26
294	204	20	26
294	204	19	25
294	204	19	25
294	204	19	25
294	204	19	25
294	204	19	25
293	204	19	25
293	204	19	25
293	204	19	25
293	204	19	25
293	204	19	25
294	203	20	27
293	203	19	26
293	202	19	26
293	202	19	26
293	202	19	26
293	202	19	27
293	202	19	27
293	202	19	27
293	202	19	27
293	202	19	27
293	202	19	27
294	203	20	27
293	202	19	27
293	202	19	27
293	202	19	27
293	202	19	27
293	202	19	27
293	202	19	27
293	202	19	27
293	202	19	27
293	202	19	27
293	202	19	27
293	203	20	26
292	202	19	26
292	202	19	25
292	202	19	25
292	202	19	25
292	202	19	25
292	202	19	25
292	202	19	25
292	202	19	25
292	202	19	25
292	202	19	25
294	203	19	26
293	202	19	25
293	202	18	25
294	202	18	25
294	202	18	25
294	202	18	25
294	202	18	25
294	202	18	25
294	202	18	25
294	202	18	25
294	202	18	25
294	205	19	26
294	204	18	25
294	205	18	25
294	205	18	25
294	205	18	25
294	205	18	25
294	205	18	25
294	205	18	25
294	205	18	25
294	205	18	25
294	205	18	25
292	203	20	26
292	203	19	25
291	203	20	25
291	202	20	25
291	202	20	25
291	202	20	25
291	202	20	25
291	202	20	25
291	202	20	25
291	202	20	25
291	202	20	25
292	204	20	27
291	203	20	26
291	203	20	27
291	203	20	27
291	204	20	27
291	204	20	27
291	204	20	27
291	204	20	27
291	204	20	27
291	204	20	27
291	204	20	27
290	204	19	26
289	204	19	26
289	204	18	26
289	204	18	25
289	204	18	25
289	204	18	25
289	204	18	25
289	204	18	25
289	204	18	25
288	204	18	25
288	204	18	25
290	203	20	27
289	203	19	26
289	202	19	27
289	202	20	27
289	202	20	27
289	202	20	27
289	202	20	27
289	202	20	27
289	202	20	27
289	202	20	27
289	202	20	27
290	202	20	27
289	201	20	27
289	201	20	27
289	201	20	27
289	201	20	27
289	201	20	27
289	201	20	27
289	201	20	27
289	201	20	27
289	201	20	27
289	201	20	27
289	203	20	27
288	202	20	27
288	202	20	27
288	202	20	27
288	202	20	27
288	203	20	27
288	203	20	27
288	203	20	27
288	203	20	27
288	203	20	27
288	203	20	27
289	202	20	27
288	202	20	27
288	201	20	27
288	201	20	27
288	201	20	27
288	201	20	27
288	201	20	27
288	201	20	27
288	201	20	27
288	201	20	27
288	201	20	27
289	201	19	26
288	200	19	26
288	200	18	25
288	200	18	25
288	200	18	25
288	200	18	25
288	200	18	25
288	200	18	25
288	200	18	25
288	200	18	25
288	200	18	25
269	201	19	25
269	200	18	24
267	200	18	24
266	200	18	24
265	200	18	24
264	200	18	24
263	200	18	24
262	200	18	24
261	200	18	24
260	200	18	24
258	200	18	24
248	193	19	25
246	192	18	24
245	192	18	24
243	192	18	24
241	191	18	24
240	191	18	24
238	190	18	24
236	190	18	24
235	189	18	24
233	189	18	24
231	188	18	24
225	178	20	26
223	177	19	25
221	176	20	26
219	175	20	26
217	174	20	26
215	173	20	26
213	172	20	26
211	171	20	26
209	170	20	26
207	169	20	26
205	168	20	26
209	152	20	27
207	150	20	27
205	149	20	27
203	147	20	27
202	145	20	27
200	143	20	27
198	141	20	27
197	139	20	27
195	137	20	27
193	135	20	27
192	134	20	27
199	116	21	28
197	114	21	28
196	111	21	28
194	108	21	28
193	105	21	28
192	103	21	28
191	100	21	28
190	97	21	28
189	94	21	28
187	91	21	28
186	89	21	28
201	94	20	27
199	91	20	27
199	88	20	27
199	86	20	27
198	84	19	27
198	81	19	27
198	79	19	26
197	77	19	26
197	74	19	26
197	72	19	26
196	70	19	26
199	116	20	27
198	113	19	26
198	113	19	26
198	114	19	26
198	114	19	26
197	114	19	26
197	115	19	26
197	115	19	26
197	115	19	26
197	116	19	26
196	116	19	26
207	141	21	29
206	141	20	28
207	142	21	29
207	144	21	29
207	146	21	29
208	147	21	29
208	149	21	29
209	151	21	29
209	152	21	29
209	154	21	29
210	156	21	29
218	162	22	30
218	163	22	30
219	165	22	30
219	167	22	30
220	169	22	30
221	171	22	30
222	173	22	30
223	174	22	30
223	176	22	30
224	178	22	30
225	180	22	31
226	175	23	31
226	176	23	31
227	178	23	31
228	179	23	31
229	181	23	31
229	182	23	31
230	184	23	31
231	185	23	31
232	187	23	31
232	188	23	31
233	190	23	31
240	186	23	31
240	187	23	31
241	188	23	31
242	189	23	31
244	190	23	31
245	192	23	31
246	193	23	31
247	194	23	31
248	195	23	31
249	196	23	31
250	197	23	31
254	193	24	32
255	194	24	32
256	194	24	32
257	195	24	32
258	196	24	32
259	197	24	32
261	198	24	32
262	199	24	32
263	199	24	32
264	200	24	32
266	201	24	32
269	200	25	33
270	200	25	33
271	201	25	33
272	202	25	33
274	202	25	33
275	203	25	33
276	204	25	33
278	204	25	33
279	205	25	33
280	206	25	33
282	207	25	33
282	203	24	32
283	203	24	32
284	204	24	32
285	204	24	32
287	204	24	32
288	205	23	31
289	205	23	31
290	206	23	31
291	206	23	31
293	207	23	31
294	207	23	31
289	195	23	31
290	195	22	30
291	195	22	30
291	194	22	30
292	194	22	30
293	194	22	30
294	193	22	30
295	193	22	30
296	193	22	30
297	193	22	30
298	192	22	30
288	181	23	31
288	180	22	30
289	179	22	30
289	178	22	30
289	177	22	30
289	176	22	30
290	176	22	30
290	175	22	30
290	174	22	30
290	173	22	30
291	172	22	30
277	199	22	30
277	198	21	29
276	198	21	29
276	199	21	29
275	199	21	29
275	200	21	29
274	201	21	29
274	201	21	29
273	202	21	29
272	202	21	29
272	203	21	29
235	184	23	30
234	184	22	29
231	184	22	29
229	183	22	29
226	183	23	29
224	182	23	29
221	182	23	29
218	181	23	29
216	181	23	29
213	180	23	29
211	179	23	29
204	143	24	32
201	142	24	31
198	139	24	32
195	137	24	32
192	134	24	32
190	132	24	32
187	129	24	32
184	127	24	32
181	124	24	32
178	122	24	32
175	119	24	32
200	84	25	33
197	81	25	33
195	77	25	33
194	72	25	33
193	68	25	33
191	63	25	33
190	59	25	33
189	55	25	33
187	50	25	33
186	46	25	33
185	42	25	34
204	39	26	34
202	34	26	34
202	30	26	34
202	26	26	34
201	21	26	34
201	17	26	34
201	13	26	34
201	8	26	34
201	4	26	34
200	0	26	34
200	-4	26	34
231	2	26	35
230	-2	26	35
232	-6	26	35
233	-9	26	35
235	-13	26	35
236	-17	26	35
238	-20	26	35
239	-24	26	35
241	-28	26	35
242	-32	26	35
244	-35	26	35
281	-14	27	36
282	-17	27	36
285	-20	27	36
289	-22	27	36
292	-24	27	36
296	-26	27	36
299	-29	27	36
303	-31	27	36
306	-33	27	36
310	-36	27	36
313	-38	27	36
250	-18	26	35
253	-20	26	35
253	-21	26	35
252	-22	26	35
252	-23	25	35
252	-24	25	35
252	-25	25	34
251	-26	25	34
251	-27	25	34
251	-28	25	34
251	-29	25	34
226	7	27	36
225	5	26	35
224	6	27	36
222	8	27	36
220	9	27	36
219	10	27	36
217	11	27	36
215	12	27	36
214	13	27	36
212	14	27	36
210	15	27	36
213	23	28	37
211	24	28	37
209	25	28	37
208	26	28	37
207	28	28	37
205	29	28	37
204	31	28	37
202	32	28	37
201	33	28	37
199	35	28	37
198	36	28	37
205	38	28	38
203	39	28	38
202	40	28	38
201	42	28	38
200	43	28	38
199	45	28	38
198	46	28	38
197	47	28	38
196	49	28	38
195	50	28	38
194	52	28	38
199	59	27	36
198	60	27	36
197	62	26	36
196	63	26	35
195	65	26	35
195	67	26	35
194	68	26	35
193	70	26	35
193	72	26	35
192	74	26	35
191	75	26	35
197	77	28	37
196	78	27	36
195	80	27	36
195	82	28	36
195	83	28	36
194	85	28	36
194	87	28	37
194	88	28	37
193	90	28	37
193	92	28	37
193	93	28	37
197	102	27	36
196	103	27	36
196	105	26	35
196	107	26	35
196	109	26	35
196	111	26	35
196	113	26	35
195	115	26	35
195	117	26	35
195	120	26	35
195	122	26	35
203	128	28	38
202	130	27	37
203	132	27	38
203	134	28	38
203	136	28	38
204	139	28	38
204	141	28	38
204	143	28	38
204	145	28	38
205	148	28	38
205	150	28	38
222	158	29	39
222	160	29	39
223	162	29	39
224	165	29	39
225	167	29	39
227	170	29	39
228	173	29	39
229	175	29	39
230	178	29	39
231	180	29	39
233	183	29	39
245	187	29	39
246	189	29	39
247	192	29	39
249	194	29	39
251	197	29	39
253	200	29	39
255	202	29	39
256	205	29	39
258	207	29	39
260	210	29	39
262	213	29	39
282	159	28	38
283	161	28	38
286	161	27	37
289	160	27	37
292	160	27	37
294	159	27	37
297	159	27	37
300	158	27	37
303	157	27	37
306	157	27	37
308	156	27	37
254	117	29	39
256	116	28	38
256	113	28	38
255	111	29	39
255	108	29	39
255	105	29	39
254	102	29	39
254	100	29	39
253	97	29	39
253	94	29	39
253	92	29	39
270	123	28	38
269	120	28	38
270	119	27	37
270	118	27	37
271	117	27	37
271	116	27	37
272	116	27	37
272	115	27	37
273	114	27	37
273	113	27	37
274	112	27	37
259	91	29	39
259	90	28	38
259	88	28	38
258	86	29	39
258	84	29	39
258	82	29	39
257	80	29	39
257	78	29	39
257	76	29	39
256	74	29	39
256	72	29	39
313	68	30	40
312	66	30	40
315	63	30	40
318	61	30	40
321	59	30	40
323	57	30	40
326	55	30	40
329	53	30	40
332	51	30	40
335	49	30	40
337	46	30	40
312	62	31	41
314	59	31	41
316	58	31	41
317	57	31	41
318	56	31	41
319	55	31	41
320	54	31	41
322	52	31	41
323	51	31	41
324	50	31	41
325	49	31	41
312	63	30	40
313	61	30	40
313	61	30	40
313	61	30	40
314	60	30	40
314	60	30	40
315	60	29	39
315	59	29	39
315	59	29	39
316	59	29	39
316	58	29	39
311	71	29	39
311	70	28	38
311	71	28	38
311	71	28	38
311	71	28	38
311	72	28	38
311	72	28	38
311	72	28	38
311	73	28	38
311	73	28	38
311	73	28	38
314	79	30	40
314	79	29	39
314	79	29	39
314	80	29	39
314	81	30	40
314	81	30	40
314	82	30	40
315	83	30	40
315	83	30	40
315	84	30	40
315	84	30	40
314	68	30	40
314	68	30	40
314	68	30	40
314	67	30	40
314	67	30	40
314	67	30	40
314	66	30	40
314	66	30	40
314	66	30	40
314	65	30	40
314	65	30	40
313	63	31	41
313	62	31	41
313	62	31	41
313	61	31	41
312	61	31	41
312	60	31	41
312	60	31	41
312	59	31	41
312	59	31	41
312	58	31	41
312	58	31	41
317	58	32	43
316	57	32	43
317	57	32	43
317	56	32	43
317	56	32	43
317	55	32	43
317	55	32	43
318	54	32	43
318	54	32	44
318	53	32	44
318	53	32	44
318	57	33	45
318	56	33	45
318	56	33	45
318	56	33	45
318	55	33	45
318	55	33	45
318	55	33	45
319	55	33	46
319	54	33	46
319	54	33	46
319	54	33	46
318	58	33	44
318	57	33	44
318	57	33	44
318	57	33	44
318	57	33	44
318	57	33	44
318	57	33	44
318	57	33	44
318	57	33	44
318	57	33	44
318	57	33	44
316	55	34	45
316	54	34	45
315	54	34	45
315	54	34	45
315	54	34	45
315	54	34	45
315	54	34	45
315	53	34	45
315	53	34	45
315	53	34	45
315	53	34	45
319	54	35	47
318	53	35	47
319	53	35	47
319	53	35	47
319	53	35	47
319	53	35	47
319	53	35	47
319	53	35	47
319	52	35	47
319	52	35	48
319	52	35	48
326	68	34	45
326	67	34	45
326	68	34	45
327	69	34	45
327	70	34	44
327	70	33	44
328	71	33	44
328	72	33	44
329	72	33	44
329	73	33	44
330	74	33	44
323	52	34	45
323	52	33	44
323	52	33	44
323	51	33	44
323	51	33	44
323	50	33	44
323	49	33	44
323	49	33	44
323	48	33	44
323	48	33	44
323	47	33	44
320	52	34	45
320	51	33	44
319	51	33	44
319	50	33	44
319	50	33	44
319	50	33	44
319	49	33	44
318	49	33	44
318	49	33	44
318	49	33	44
318	48	33	44
320	51	35	47
319	50	34	46
319	50	35	47
319	50	35	47
319	50	35	47
319	50	35	47
319	49	35	47
319	49	35	47
319	49	35	47
319	49	35	47
319	49	35	47
321	52	36	48
320	51	36	48
320	51	36	48
320	51	36	48
321	51	36	48
321	51	36	48
321	51	36	48
321	51	36	48
321	51	36	48
321	51	36	48
321	51	36	49
319	54	36	48
319	54	36	48
318	54	36	48
318	54	36	48
318	54	36	48
318	54	36	48
318	54	36	48
318	54	36	48
318	54	36	48
318	54	36	48
318	55	36	48
305	58	37	49
304	58	37	49
304	58	37	49
303	58	37	49
302	58	37	49
301	59	37	49
300	59	37	49
299	59	37	49
299	60	37	49
298	60	37	49
297	60	37	49
315	64	35	47
314	64	35	47
314	64	34	46
314	65	34	46
314	65	34	46
314	66	34	46
315	66	34	46
315	66	34	46
315	67	34	46
315	67	34	46
315	68	34	46
317	61	35	47
317	61	34	46
317	61	34	46
317	61	34	46
317	61	34	46
318	61	34	46
318	61	34	46
318	61	34	46
318	61	34	46
319	61	34	46
319	61	34	46
317	62	36	48
317	62	35	47
317	62	36	48
317	62	36	48
317	62	36	48
317	62	36	48
317	62	36	48
317	62	36	48
317	62	36	48
318	62	36	48
318	62	36	48
317	61	37	49
317	61	37	49
317	60	37	49
317	60	37	49
317	60	37	49
317	60	37	49
317	60	37	49
317	60	37	49
317	60	37	49
317	60	37	49
317	60	37	49
319	58	36	48
319	57	36	48
319	57	36	48
319	57	36	48
319	57	36	48
319	57	35	47
319	57	35	47
319	56	35	47
319	56	35	47
319	56	35	47
320	56	35	47
319	62	35	46
319	61	34	45
319	61	34	45
319	62	34	45
319	62	34	45
319	62	34	45
319	62	34	45
319	62	34	45
319	62	34	45
319	62	34	44
319	63	34	44
312	59	35	47
312	59	34	46
311	59	34	46
311	58	34	46
310	58	34	46
310	58	34	46
310	58	34	46
309	58	34	46
309	58	34	46
309	58	34	46
308	58	34	46
317	60	35	46
316	59	34	46
316	59	34	45
316	59	34	45
316	59	34	45
317	59	34	45
317	59	34	45
317	59	34	45
317	59	34	45
317	59	34	45
317	59	34	45
316	58	36	48
316	58	35	47
316	57	36	48
316	57	36	48
316	57	36	48
316	57	36	48
316	57	36	48
316	57	36	48
316	57	36	48
316	57	36	48
316	57	36	48
308	58	35	46
308	57	35	46
307	57	35	46
307	57	34	45
306	57	34	45
306	57	34	45
305	57	34	45
305	57	34	45
304	57	34	45
304	57	34	45
304	57	34	45
331	58	35	46
330	57	34	45
331	57	34	45
332	57	34	45
333	57	34	45
334	57	34	45
335	57	34	45
337	57	34	45
338	57	34	45
339	57	34	45
340	57	34	45
327	60	35	47
328	59	34	46
328	60	34	47
328	60	34	47
328	60	34	47
329	60	34	47
329	60	34	47
329	60	34	47
330	60	34	47
330	60	34	47
330	60	34	47
331	61	35	47
331	61	34	47
331	61	34	47
331	61	34	47
332	61	34	47
332	61	34	47
332	61	34	47
333	61	34	47
333	61	34	47
333	61	34	47
333	62	34	47
326	59	34	45
326	59	33	45
326	59	33	44
325	58	33	44
325	58	33	44
325	58	33	44
325	58	33	44
325	58	33	44
325	58	33	44
324	58	33	44
324	58	33	44
320	63	35	47
319	62	34	46
319	63	34	46
318	63	35	47
318	63	35	47
318	63	35	47
317	63	35	47
317	64	35	47
316	64	35	47
316	64	35	47
316	64	35	47
326	58	35	46
325	58	35	46
325	57	35	46
325	57	35	46
326	57	35	46
326	57	35	45
326	57	35	45
326	57	35	45
326	56	35	45
326	56	35	45
326	56	35	45
318	63	35	47
318	62	35	46
317	62	35	47
317	63	35	47
317	63	35	47
316	63	35	47
316	63	35	47
316	63	35	47
315	64	35	47
315	64	35	47
314	64	35	47
328	59	35	46
327	59	35	46
328	59	35	46
328	58	35	45
328	58	35	45
329	58	35	45
329	58	35	45
329	58	35	45
330	58	35	45
330	58	35	45
331	58	35	45
314	59	35	46
314	58	35	45
313	58	35	45
313	58	35	45
312	58	35	45
312	58	35	45
311	58	35	45
310	58	35	45
310	58	35	45
309	58	35	45
309	58	35	45
323	57	36	48
322	56	35	47
322	56	36	48
322	56	36	48
323	56	36	48
323	56	36	48
323	56	36	48
323	56	36	48
323	55	36	48
324	55	36	48
324	55	36	48
322	54	35	46
322	53	35	46
322	53	35	46
322	53	34	45
322	53	34	45
322	52	34	45
322	52	34	45
322	52	34	45
322	52	34	45
322	52	34	45
322	51	34	45
319	82	33	45
319	81	32	44
318	83	32	44
318	84	32	44
318	86	32	44
318	87	32	44
318	89	32	44
318	90	32	44
318	91	32	44
317	93	31	44
317	94	31	44
320	54	33	44
319	55	32	43
319	54	32	43
319	53	32	43
319	52	32	43
319	51	32	43
319	51	32	43
319	50	32	43
319	49	32	43
319	48	32	43
319	47	32	43
320	55	32	43
319	54	31	42
319	53	31	42
319	53	31	42
319	52	31	42
319	52	31	42
319	51	31	42
319	51	31	42
320	51	31	42
320	50	31	42
320	50	31	42
319	56	33	45
319	55	32	44
318	55	32	44
318	55	32	45
318	55	33	45
318	55	33	45
318	55	33	45
318	55	33	45
318	54	33	45
318	54	33	45
318	54	33	45
322	57	33	45
321	56	33	45
322	56	33	45
322	57	33	45
322	57	33	45
322	57	33	45
322	57	33	45
322	57	33	45
322	57	33	45
323	57	33	45
323	57	33	45
322	57	35	46
322	57	35	46
322	57	35	46
322	57	35	46
322	57	35	46
322	57	35	46
322	57	35	46
322	57	35	46
322	57	35	46
322	57	35	46
322	57	36	46
321	56	34	45
321	56	34	45
321	55	34	45
320	55	34	45
320	55	34	44
320	55	34	44
320	55	34	44
320	55	34	44
320	55	34	44
320	55	34	44
320	55	34	44
319	55	35	47
318	54	34	46
318	54	35	47
318	54	35	47
318	54	35	47
318	54	35	47
318	54	35	47
318	54	35	47
318	54	35	47
317	54	35	47
317	54	35	47
317	55	35	47
316	54	35	47
316	54	35	47
316	54	35	47
316	54	35	47
316	54	35	47
316	54	35	47
315	54	35	47
315	54	35	47
315	54	35	47
315	54	35	47
316	55	36	48
315	54	36	48
315	54	36	48
315	54	36	48
315	54	36	48
315	54	36	48
315	54	36	48
315	54	36	48
314	54	36	48
314	54	36	48
314	54	36	48
315	54	35	47
314	53	35	47
314	53	35	47
314	53	35	47
314	53	34	46
314	53	34	46
314	53	34	46
314	53	34	46
314	53	34	46
314	53	34	46
313	53	34	46
315	55	35	46
314	54	34	45
314	54	34	45
314	55	34	45
314	55	34	45
314	55	34	45
314	55	34	45
314	55	34	45
314	55	34	45
314	55	34	45
314	55	34	45
314	55	36	48
313	55	35	47
313	55	36	48
313	55	36	48
313	55	36	48
313	55	36	48
313	55	36	48
313	55	36	48
313	55	36	48
313	55	36	48
313	55	36	48
311	64	36	48
310	64	36	48
310	64	36	48
310	65	36	48
310	65	36	48
310	66	36	48
309	66	36	48
309	67	36	48
309	67	36	48
309	68	36	48
309	68	36	48
312	51	35	46
311	51	35	46
311	51	34	45
311	50	34	45
311	50	34	45
311	49	34	45
311	49	34	45
311	48	34	45
311	48	34	45
311	47	34	45
311	47	34	45
323	61	36	48
322	60	35	47
323	60	35	47
324	61	36	48
324	61	36	48
325	61	36	48
326	62	36	48
326	62	36	48
327	62	36	48
327	62	36	48
328	63	36	48
333	64	36	48
333	64	36	48
334	64	36	48
335	64	36	48
336	65	36	48
336	65	36	48
337	65	36	48
338	66	36	48
339	66	36	48
340	66	36	48
341	67	36	48
319	71	37	49
319	71	37	49
319	71	37	49
318	72	37	49
318	72	37	49
318	73	37	49
317	73	37	49
317	74	37	49
316	74	37	49
316	75	37	49
315	75	37	49
309	45	38	50
308	45	38	50
307	44	38	50
306	43	38	50
306	41	38	50
305	40	38	50
304	39	38	50
303	38	38	50
302	36	38	50
302	35	38	50
301	34	38	50
320	56	37	49
319	54	37	49
319	54	37	49
319	54	37	49
320	54	37	49
320	54	36	48
320	54	36	48
320	54	36	48
321	54	36	48
321	55	36	48
321	55	36	48
338	60	38	51
338	60	37	50
339	60	38	51
340	60	38	51
341	60	38	51
342	61	38	51
344	61	38	51
345	61	38	51
346	62	38	51
347	62	38	51
348	62	38	51
319	54	37	49
320	54	37	49
319	54	37	49
319	53	36	48
318	53	36	48
317	53	36	48
317	53	36	48
316	53	36	48
316	52	36	48
315	52	36	48
315	52	36	48
307	56	36	48
306	55	35	47
305	55	35	47
304	55	35	47
303	55	35	47
302	55	35	47
301	55	35	47
300	55	35	47
299	55	35	47
298	55	35	47
297	55	35	47
358	68	37	49
356	67	36	48
359	68	36	48
361	69	36	48
364	70	36	48
366	70	37	48
369	71	37	49
371	72	37	49
373	72	37	49
376	73	37	49
378	74	37	49
348	57	36	48
350	57	36	48
351	57	35	47
351	57	35	47
352	56	35	47
352	56	35	47
353	56	35	47
353	55	35	47
354	55	35	47
355	55	35	47
355	54	35	47
294	62	38	50
294	61	37	49
291	61	38	50
288	61	38	50
285	61	38	50
283	62	38	50
280	62	38	50
277	62	38	50
274	62	38	50
271	62	38	50
268	62	38	50
281	63	38	50
278	63	38	50
276	63	38	50
274	63	38	50
272	63	38	50
269	63	38	50
267	63	38	50
265	63	38	50
263	63	38	50
261	64	38	50
259	64	38	50
333	66	38	51
330	66	38	51
333	66	38	51
335	66	38	51
337	66	38	51
339	66	38	51
341	67	38	51
343	67	38	51
345	67	38	51
348	67	38	51
350	68	38	51
387	92	40	53
389	92	40	53
393	93	40	53
397	95	40	53
401	96	40	53
405	98	40	53
409	99	40	53
413	101	40	53
417	102	40	54
421	104	40	54
425	105	41	54
393	100	41	54
397	101	41	54
399	102	41	54
401	103	41	54
403	104	41	54
405	105	41	54
407	107	41	54
409	108	41	54
411	109	41	54
413	110	41	55
415	111	42	55
391	101	40	53
393	102	40	53
393	102	40	53
394	103	40	53
394	103	40	53
395	103	40	53
395	104	40	53
396	104	40	53
396	105	40	53
397	105	39	53
398	106	39	53
389	97	41	55
389	97	40	54
389	97	41	55
389	97	41	55
389	97	41	55
389	97	41	55
389	97	41	55
389	97	41	55
389	96	41	55
389	96	41	55
389	96	41	55
389	99	40	53
389	98	40	53
389	98	40	53
388	99	39	52
388	99	39	52
388	99	39	52
388	99	39	52
388	99	39	52
388	99	39	52
388	99	39	52
388	99	39	52
387	97	41	54
386	97	40	53
386	96	41	53
386	96	41	53
386	96	41	53
386	96	41	54
386	96	41	54
386	96	41	54
386	96	41	54
386	96	41	54
385	96	41	54
383	95	41	54
382	94	41	54
382	94	41	54
382	94	41	54
382	94	41	54
381	94	41	54
381	94	41	54
381	94	41	54
380	93	41	54
380	93	41	54
380	93	41	54
367	84	39	52
366	83	39	52
365	83	38	51
364	82	38	51
363	81	38	51
362	81	38	51
361	80	38	51
360	79	38	51
359	79	38	51
358	78	38	51
357	77	38	51
334	73	38	51
333	72	37	50
330	71	37	50
328	70	37	50
326	69	37	50
323	68	37	50
321	67	37	50
319	66	37	50
317	66	37	50
314	65	37	50
312	64	36	49
309	69	39	52
306	68	38	51
304	67	38	51
302	66	38	51
299	66	38	51
297	65	38	51
295	65	38	51
292	64	38	51
290	63	39	52
288	63	39	52
285	62	39	52
285	67	40	53
282	66	40	53
280	66	40	53
278	65	40	53
275	65	40	53
273	65	40	53
271	64	40	53
269	64	40	53
266	64	40	53
264	63	40	53
262	63	40	53
282	67	40	53
279	66	40	53
278	66	40	53
277	66	40	53
276	66	40	53
275	66	40	53
274	66	40	53
273	66	40	53
272	65	40	53
271	65	40	53
270	65	40	53
302	78	38	51
300	77	38	51
301	78	37	50
302	79	37	50
303	79	37	50
304	80	37	50
304	80	37	50
305	81	37	50
306	81	37	50
307	82	37	50
307	83	37	50
310	80	37	49
310	80	36	48
311	80	36	48
312	81	36	48
313	81	36	48
314	82	36	48
315	82	36	48
315	82	36	47
316	83	36	47
317	83	36	47
318	83	35	47
306	63	36	48
306	63	35	47
306	62	35	47
307	61	35	47
307	60	35	47
307	60	35	47
307	59	35	47
307	58	35	47
307	57	35	47
307	56	35	46
307	56	35	46
295	64	35	46
295	63	34	45
294	62	34	45
293	62	34	45
293	62	34	45
292	61	34	45
292	61	34	45
291	61	34	44
290	60	34	44
290	60	34	44
289	60	34	44
317	63	36	48
316	62	35	47
317	62	35	47
318	62	35	47
319	62	35	47
320	62	35	48
321	61	36	48
322	61	36	48
322	61	36	48
323	61	36	48
324	61	36	48
313	62	36	48
313	61	36	48
314	61	36	48
314	61	36	48
314	61	36	48
314	61	36	48
315	61	36	48
315	61	36	48
315	61	36	48
315	60	36	48
316	60	36	48
309	60	35	47
309	59	35	47
309	59	34	46
308	59	34	46
308	59	34	46
308	59	34	46
308	59	34	46
308	58	34	46
308	58	34	46
307	58	34	46
307	58	34	46
305	58	35	47
304	57	34	46
304	57	34	46
304	57	34	46
303	57	34	46
303	57	34	46
303	56	34	46
302	56	34	46
302	56	34	46
302	56	34	46
302	56	34	46
307	73	35	47
306	72	34	46
306	73	34	46
306	74	34	46
306	75	34	46
306	75	34	46
306	76	34	46
306	77	34	46
306	78	34	46
306	78	34	46
306	79	34	46
310	56	34	45
309	56	33	44
310	56	33	44
310	55	33	44
310	54	33	44
310	54	33	44
310	53	33	44
311	53	33	44
311	52	33	44
311	52	33	44
311	51	33	43
315	74	35	47
315	73	34	46
315	74	34	46
315	74	35	47
316	75	35	47
316	76	35	47
316	76	35	47
317	77	35	47
317	78	35	47
318	78	35	47
318	79	35	47
322	65	34	45
322	65	34	45
322	65	33	44
323	65	33	44
323	65	33	44
324	65	33	44
325	64	33	44
325	64	33	44
326	64	33	44
326	64	33	44
327	64	33	44
315	68	35	47
315	67	34	46
315	67	34	46
315	67	35	47
315	68	35	47
314	68	35	47
314	68	35	47
314	68	35	47
314	68	35	47
314	68	35	47
314	68	35	47
311	61	36	48
310	61	36	48
310	60	36	48
310	60	36	48
309	59	36	48
309	59	36	48
309	59	36	48
308	58	36	48
308	58	36	48
308	58	36	48
307	57	36	48
310	60	36	48
309	59	36	48
309	59	36	48
309	59	36	48
309	58	36	48
308	58	36	48
308	58	36	48
308	58	36	48
308	58	36	48
308	57	36	48
307	57	36	48
309	60	35	46
308	59	35	46
308	59	34	45
308	59	34	45
308	59	34	45
308	59	34	45
308	59	34	45
308	59	34	45
307	59	34	45
307	59	34	45
307	59	34	45
306	60	36	48
305	59	35	47
305	59	35	47
305	59	36	48
305	59	36	48
305	59	36	48
304	59	36	48
304	59	36	48
304	59	36	48
304	59	36	48
303	59	36	48
309	48	37	49
308	47	37	49
308	47	37	49
308	46	37	49
309	45	37	49
309	45	37	49
309	44	37	49
309	43	37	49
309	43	37	49
309	42	37	49
309	41	37	49
314	49	37	49
314	48	37	49
314	48	37	49
314	47	37	49
315	47	37	49
315	47	37	49
315	47	37	49
316	46	37	49
316	46	37	49
316	46	37	49
317	46	37	49
324	62	36	48
324	61	36	48
325	62	35	47
325	63	35	47
326	63	35	47
327	64	35	47
327	65	35	47
328	65	35	47
329	66	35	47
329	66	35	47
330	67	35	47
324	60	35	46
324	60	34	45
324	60	34	45
325	61	34	45
325	61	34	45
325	61	34	45
326	61	34	45
326	61	34	45
326	62	34	45
327	62	34	44
327	62	34	44
310	69	35	46
310	69	34	45
309	69	34	45
308	70	34	45
308	70	34	45
307	71	34	45
306	71	34	45
306	72	34	45
305	73	34	45
304	73	34	45
304	74	34	45
310	64	36	48
309	64	35	47
308	64	36	48
308	64	36	48
308	64	36	48
308	64	36	48
307	64	36	48
307	64	36	48
307	64	36	48
306	64	36	48
306	64	36	48
309	64	36	48
308	63	36	48
308	63	36	48
308	63	36	48
308	63	36	48
308	63	36	48
307	63	36	48
307	63	36	48
307	63	36	48
307	63	36	48
307	63	36	48
309	62	35	46
308	61	35	46
308	61	34	45
308	61	34	45
308	61	34	45
308	61	34	45
308	61	34	45
308	61	34	45
308	61	34	45
308	60	34	45
308	60	34	45
309	61	33	45
308	60	32	44
308	60	32	44
308	60	32	44
308	60	32	44
308	60	32	44
308	60	32	44
308	60	32	44
308	60	32	44
308	59	31	44
308	59	31	43
310	55	35	46
309	54	34	45
310	54	34	45
310	54	34	45
310	53	35	45
310	53	35	45
310	53	35	45
310	52	35	45
310	52	35	46
310	51	35	46
310	51	35	46
314	50	36	48
314	49	36	48
314	49	36	48
314	48	36	48
314	48	36	48
315	47	36	48
315	47	36	48
315	46	36	48
315	46	36	48
316	46	36	49
316	45	36	49
326	58	37	49
326	57	37	49
327	57	37	49
327	58	37	49
328	58	37	49
329	58	37	49
330	58	37	49
330	59	37	49
331	59	37	49
332	59	37	50
333	59	37	50
312	62	37	49
312	62	37	49
312	62	37	49
311	63	37	49
311	63	37	49
310	63	37	49
310	64	37	49
310	64	37	49
309	64	37	49
309	65	37	49
308	65	37	49
292	67	35	47
291	67	35	47
290	67	34	46
288	68	34	46
287	68	34	46
286	69	34	46
284	69	34	46
283	69	34	46
282	70	34	46
280	70	34	46
279	71	34	46
295	66	35	46
293	66	34	45
293	66	34	45
292	66	34	45
292	66	34	45
291	66	34	45
291	66	34	45
291	67	34	45
290	67	34	45
290	67	34	45
289	67	34	44
297	65	36	48
296	65	35	47
296	65	35	47
296	65	36	48
296	65	36	48
296	65	36	48
296	64	36	48
296	64	36	48
296	64	36	48
296	64	36	48
296	64	36	48
305	67	35	47
304	66	35	47
305	67	35	47
305	67	34	47
306	67	34	47
306	67	34	46
307	67	34	46
307	67	34	46
308	67	34	46
308	67	34	46
309	67	34	46
301	64	36	48
301	64	35	47
301	63	36	48
301	63	36	48
301	63	36	48
301	63	36	48
301	63	36	48
301	63	36	48
301	63	36	48
301	63	36	48
301	62	36	48
301	76	35	47
300	75	35	47
300	76	35	47
300	77	34	46
300	77	34	46
300	78	34	46
300	78	34	46
300	79	34	46
300	80	34	46
300	80	34	46
300	81	34	46
316	72	37	49
315	72	36	48
316	72	37	49
317	72	37	49
318	72	37	49
319	72	37	49
320	72	37	49
320	72	37	49
321	72	37	49
322	73	37	49
323	73	37	49
309	63	36	48
309	63	36	48
309	62	36	48
309	62	36	48
309	61	36	48
309	61	36	48
309	60	36	48
309	60	36	48
309	59	36	48
309	58	35	47
309	58	35	47
303	65	36	48
302	64	35	47
302	64	35	47
302	64	35	47
301	64	35	47
301	64	35	47
301	63	35	47
300	63	35	47
300	63	35	47
299	63	35	47
299	63	35	47
309	63	35	46
308	62	34	45
308	62	34	45
308	62	34	45
309	62	34	45
309	62	34	45
309	62	34	45
309	62	34	45
309	61	34	45
309	61	34	45
310	61	34	44
305	60	35	47
305	59	34	46
305	59	34	46
304	59	34	46
304	59	34	46
304	58	34	46
304	58	34	46
304	58	34	46
304	58	34	46
304	58	34	46
304	57	34	46
304	61	36	48
303	60	35	48
303	60	36	48
303	60	36	48
303	60	36	48
303	60	36	48
303	60	36	48
303	60	36	48
303	60	36	48
302	60	36	48
302	60	36	48
302	62	36	48
301	61	36	48
301	62	36	48
301	62	36	48
301	62	36	48
301	62	36	48
301	62	36	48
300	62	36	48
300	62	36	48
300	62	36	48
300	62	36	48
299	76	37	49
298	76	37	49
298	76	37	49
298	77	37	49
298	78	37	49
297	79	37	49
297	80	37	49
297	80	37	49
297	81	37	49
297	82	37	49
296	83	37	49
299	58	35	47
298	58	35	47
298	58	34	46
298	57	34	46
298	56	34	46
298	56	34	46
298	55	34	46
298	54	34	46
298	54	34	46
298	53	34	46
297	53	34	46
310	72	37	49
309	71	36	48
310	71	36	48
311	72	37	49
311	72	37	49
312	73	37	49
312	73	37	49
313	74	37	49
313	74	37	49
314	74	37	49
315	75	37	49
316	66	35	47
316	66	35	47
317	66	34	46
317	66	34	46
318	66	34	46
318	66	34	46
319	65	34	46
320	65	34	46
320	65	34	46
321	65	34	46
321	65	34	46
311	74	36	48
311	73	35	47
311	74	35	47
311	74	35	47
311	75	35	47
311	75	35	47
311	75	36	48
311	76	36	48
311	76	36	48
311	76	36	48
311	77	36	48
305	56	35	47
304	56	35	47
304	55	34	46
304	54	34	46
303	53	34	46
303	53	34	46
303	52	34	46
302	51	34	46
302	50	34	46
301	49	34	46
301	48	34	46
321	73	35	47
320	72	34	46
321	72	34	46
322	73	34	46
322	73	34	46
323	74	34	46
324	74	34	46
324	75	34	46
325	76	34	46
326	76	34	46
327	77	34	46
320	62	34	45
320	62	33	44
321	62	33	44
321	61	33	44
321	61	33	44
321	61	33	44
322	60	33	44
322	60	33	44
322	60	33	44
323	60	33	44
323	59	33	43
300	67	35	47
300	66	34	46
299	66	34	46
298	66	34	47
297	66	35	47
296	67	35	47
295	67	35	47
294	67	35	47
293	67	35	47
292	67	35	47
291	67	35	47
324	67	37	49
322	67	37	49
323	67	37	49
324	67	37	49
325	67	37	49
326	67	37	49
327	67	37	49
328	67	37	49
328	67	37	50
329	67	38	50
330	67	38	50
369	86	38	51
369	86	38	51
372	87	38	51
375	88	38	51
378	89	38	51
381	90	38	51
384	91	38	52
387	92	38	52
390	93	38	52
393	94	39	52
396	95	39	52
335	48	38	51
337	49	38	51
337	47	38	51
336	45	38	51
336	44	38	51
335	42	38	51
334	40	38	51
334	39	38	51
333	37	38	51
332	36	38	51
332	34	38	51
282	64	39	52
281	62	39	52
278	62	39	52
274	62	39	52
271	62	39	52
267	62	39	52
264	62	39	52
261	62	39	52
257	63	39	52
254	63	39	52
250	63	39	52
300	57	38	50
296	57	38	50
296	56	38	49
295	56	38	49
295	56	37	49
294	56	37	49
294	55	37	49
293	55	37	49
293	55	37	49
292	55	37	49
292	54	37	49
293	67	36	48
292	66	35	47
292	67	35	47
291	67	35	47
291	68	35	47
290	68	35	47
290	68	35	47
290	69	35	47
289	69	35	46
289	70	34	46
288	70	34	46
382	97	38	50
381	97	37	49
386	99	37	49
391	101	37	49
395	103	38	49
400	104	38	50
405	106	38	50
410	108	38	50
415	110	38	50
419	112	38	50
424	114	38	50
385	98	39	52
389	99	39	52
392	100	39	52
394	101	39	52
396	102	39	52
399	103	39	52
401	104	39	52
403	105	39	52
406	105	39	53
408	106	39	53
410	107	39	53
381	95	41	54
383	95	41	54
383	95	41	54
384	96	41	54
384	96	41	54
385	96	41	54
386	96	41	54
386	96	41	55
387	96	42	55
387	96	42	55
388	96	42	55
380	97	41	54
380	97	41	54
380	97	41	54
380	97	41	54
380	97	41	54
380	97	41	54
380	97	41	54
380	97	41	54
380	97	41	54
381	98	41	54
381	98	41	54
379	95	41	54
379	95	41	54
378	95	41	54
378	94	41	54
378	94	41	54
378	94	41	54
378	94	41	54
378	94	41	54
378	94	41	54
378	94	41	54
378	94	41	54
371	91	39	52
370	90	39	52
370	90	38	51
369	90	38	51
369	90	38	51
369	89	38	51
368	89	38	51
368	89	38	51
367	89	38	51
367	88	38	51
366	88	38	51
366	91	38	50
365	90	37	49
365	90	37	49
364	90	37	49
364	90	37	49
363	90	37	49
363	90	37	49
362	90	37	48
362	89	37	48
361	89	37	48
361	89	36	48
344	76	38	50
343	75	37	49
342	75	37	49
340	74	37	49
339	73	37	49
337	72	37	49
336	71	37	49
335	70	37	49
333	69	37	49
332	68	37	49
330	68	37	49
314	72	36	48
312	71	35	47
310	70	35	47
308	69	35	47
305	69	35	47
303	68	35	47
301	68	35	47
298	67	35	47
296	66	35	47
294	66	34	46
292	65	34	46
291	74	35	47
288	73	34	46
286	73	34	46
284	73	34	46
282	73	34	46
279	72	34	46
277	72	34	46
275	72	34	46
273	72	34	46
271	72	34	45
268	72	33	45
274	74	36	48
271	73	35	47
269	73	35	47
268	73	35	47
266	73	35	47
264	73	35	47
262	73	35	47
260	73	35	47
259	73	35	47
257	73	36	47
255	73	36	48
284	80	35	47
282	79	35	47
282	80	34	46
281	80	34	46
281	80	34	46
281	81	34	46
281	81	34	46
281	81	34	46
281	82	34	46
281	82	34	46
281	82	34	46
305	83	36	48
304	83	35	47
306	83	35	47
307	83	36	48
308	84	36	48
309	84	36	48
310	84	36	48
312	85	36	48
313	85	36	48
314	85	36	48
315	86	36	48
313	80	36	48
314	80	36	48
315	80	36	48
316	80	36	48
317	80	36	48
318	80	36	48
319	80	36	48
320	80	36	48
321	80	36	48
322	79	36	48
323	79	36	48
304	65	35	47
305	64	35	47
304	64	34	46
304	63	34	46
304	62	34	46
304	61	34	46
304	60	34	46
304	59	34	46
304	58	34	46
303	58	34	46
303	57	34	46
299	66	34	45
298	65	33	44
298	64	33	44
298	64	33	44
297	64	33	44
297	63	33	44
296	63	33	44
296	63	33	44
296	62	33	44
295	62	33	43
295	62	33	43
316	64	34	45
315	63	33	44
316	63	33	44
317	63	33	44
317	63	33	44
318	62	33	44
319	62	33	44
320	62	33	44
321	62	33	44
321	61	33	44
322	61	33	44
309	63	35	47
309	62	34	46
309	62	35	47
309	62	35	47
309	62	35	47
309	62	35	47
309	62	35	47
309	62	35	47
309	61	35	47
309	61	35	47
309	61	35	47
303	59	36	48
302	58	36	48
302	58	36	48
302	58	36	48
301	58	36	48
301	57	36	48
301	57	36	48
300	57	36	48
300	56	36	48
299	56	36	48
299	56	36	48
299	59	35	47
298	58	35	47
298	58	35	47
297	58	35	47
297	58	35	47
297	58	34	47
296	58	34	47
296	58	34	47
295	57	34	46
295	57	34	46
295	57	34	46
306	49	37	49
305	48	36	48
305	48	37	49
306	47	37	49
306	47	37	49
306	46	37	49
306	45	37	49
307	45	37	49
307	44	37	49
307	44	37	49
307	43	37	49
307	48	36	48
307	47	36	48
307	47	36	48
307	46	36	48
307	46	36	48
307	46	36	48
308	45	36	48
308	45	36	48
308	45	36	48
308	44	36	48
308	44	35	48
315	64	37	49
315	63	36	48
315	64	37	49
316	65	37	49
316	66	37	49
317	66	37	49
317	67	37	49
318	68	37	49
318	69	37	49
319	69	37	49
319	70	37	49
321	59	35	47
321	59	35	47
322	59	34	46
322	59	34	46
323	60	34	46
323	60	34	46
324	60	34	46
324	60	34	46
325	60	34	46
325	60	34	46
326	60	34	46
306	62	36	48
306	62	35	47
305	62	35	47
305	62	35	47
304	62	35	47
304	62	35	47
303	62	35	47
302	63	35	47
302	63	35	47
301	63	36	48
301	63	36	48
303	63	36	48
302	63	36	48
301	63	36	48
301	63	36	48
300	63	36	48
300	63	36	48
300	63	36	48
299	63	36	48
299	64	36	48
298	64	36	48
298	64	36	48
302	61	35	47
301	61	35	47
301	61	34	46
301	60	34	46
300	60	34	46
300	60	34	46
300	60	34	46
300	60	34	46
299	60	34	46
299	60	34	46
299	60	34	46
300	62	36	48
299	61	35	47
299	61	35	47
299	61	36	48
299	61	36	48
299	62	36	48
298	62	36	48
298	62	36	48
298	62	36	48
298	62	36	48
298	62	36	48
296	68	35	46
295	68	35	46
295	68	34	45
295	68	34	45
294	69	34	45
294	69	34	45
294	69	34	45
294	70	34	45
293	70	34	45
293	70	34	45
293	71	34	45
299	52	34	45
298	52	33	44
298	51	33	44
298	50	33	44
298	50	33	44
298	49	33	44
298	48	33	44
298	47	33	44
299	47	33	44
299	46	33	44
299	45	33	44
310	57	35	47
310	56	34	46
310	56	34	46
311	56	34	47
311	56	34	47
312	55	35	47
313	55	35	47
313	55	35	47
314	55	35	47
315	55	35	47
315	55	35	47
317	59	35	46
317	58	35	46
318	59	35	46
318	59	35	46
319	59	35	46
320	59	35	46
321	59	35	45
321	59	35	45
322	59	35	45
323	59	35	45
323	60	35	45
316	59	35	46
316	59	35	45
316	59	35	45
317	59	35	45
317	59	35	45
317	59	35	45
317	59	35	45
317	59	35	45
318	59	35	45
318	59	35	45
318	59	35	45
305	61	35	47
305	61	35	46
304	61	35	47
304	61	35	47
303	61	35	47
302	61	35	47
302	61	35	47
301	61	35	47
301	61	35	47
300	62	35	47
300	62	35	47
305	62	34	45
304	62	34	45
304	62	33	44
303	62	33	44
303	62	33	44
303	62	33	44
303	62	33	44
302	62	33	44
302	62	33	44
302	63	33	44
302	63	33	44
303	62	33	45
302	62	32	44
302	62	32	44
302	62	32	44
302	62	32	44
301	62	32	44
301	62	32	44
301	62	32	44
301	62	32	44
301	62	32	44
300	62	32	44
302	62	35	46
301	62	34	45
301	62	34	45
301	62	35	46
301	62	35	46
301	62	35	46
301	62	35	46
301	62	35	46
300	62	35	46
300	62	35	46
300	62	35	46
299	78	35	47
298	78	35	47
298	78	35	47
298	79	35	47
298	80	35	47
298	81	35	47
297	82	35	47
297	83	35	47
297	84	35	47
297	85	35	47
296	86	35	47
301	59	35	47
300	59	35	47
300	59	35	47
300	58	35	47
300	57	35	47
300	57	35	47
300	56	35	47
300	55	35	47
300	55	35	47
300	54	35	47
300	53	35	47
312	72	37	49
312	71	37	49
312	71	37	49
313	72	37	49
313	72	37	49
314	72	37	49
315	73	37	49
315	73	37	49
316	73	37	49
317	74	37	49
317	74	38	50
318	64	35	47
318	64	35	47
319	64	35	47
319	63	34	47
320	63	34	46
321	63	34	46
321	63	34	46
322	62	34	46
322	62	34	46
323	62	34	46
324	62	34	46
310	65	34	45
310	64	33	44
310	64	33	44
310	64	33	44
310	64	33	44
309	64	33	44
309	64	33	44
309	64	33	44
309	64	33	43
308	64	33	43
308	64	33	43
289	65	35	47
288	64	34	46
287	64	34	46
286	64	34	46
284	64	34	47
283	64	34	47
282	64	35	47
281	64	35	47
279	64	35	47
278	64	35	47
277	64	35	47
287	64	35	47
285	63	35	47
285	63	35	47
284	63	35	47
283	63	35	47
283	63	35	47
282	63	35	47
281	63	35	47
280	63	35	47
280	63	35	47
279	63	35	47
291	64	36	48
290	63	36	48
290	63	36	48
290	63	36	48
290	63	36	48
290	63	36	48
290	63	36	48
290	63	36	48
290	63	36	48
290	63	36	48
290	63	36	48
296	66	35	46
295	65	35	46
296	66	35	45
296	66	35	45
296	66	34	45
297	66	34	45
297	66	34	45
297	66	34	45
298	66	34	45
298	66	34	45
298	66	34	45
290	61	36	48
290	61	35	47
290	60	36	47
289	60	36	48
289	60	36	48
289	60	36	48
289	59	36	48
289	59	36	48
288	59	36	48
288	59	36	48
288	59	36	48
295	77	36	48
294	76	36	48
294	77	36	48
295	78	36	48
295	79	36	48
295	79	36	48
295	80	36	48
295	81	36	48
296	82	36	48
296	82	36	48
296	83	36	48
306	79	36	48
306	79	36	48
306	80	36	48
307	80	36	48
308	81	36	48
308	81	36	48
309	82	36	48
310	82	36	48
311	83	36	48
311	83	36	48
312	84	36	48
302	66	36	48
302	66	36	48
302	65	36	48
302	65	36	48
302	64	36	48
303	64	36	48
303	63	36	48
303	63	36	48
303	62	36	48
303	62	36	48
303	61	36	48
293	70	35	46
293	69	35	46
292	69	34	45
292	69	34	45
291	69	34	45
291	69	34	45
290	69	34	45
290	69	34	45
289	69	34	45
289	69	34	45
288	68	34	45
300	65	33	45
299	64	32	44
299	64	32	44
299	64	32	44
299	64	32	44
300	63	32	44
300	63	32	44
300	63	32	44
300	63	31	44
300	62	31	44
300	62	31	43
299	65	35	46
299	64	34	45
299	64	34	45
299	64	34	45
299	64	35	45
299	64	35	45
299	64	35	45
299	64	35	45
299	63	35	45
299	63	35	46
299	63	35	46
297	62	35	47
297	61	35	47
296	61	35	47
296	61	35	47
296	61	35	47
296	61	35	47
296	60	35	47
296	60	35	47
296	60	35	47
296	60	35	47
296	60	35	47
292	61	36	48
291	60	36	48
291	60	36	48
291	60	36	48
290	60	36	48
290	60	36	48
290	60	36	48
289	59	36	48
289	59	36	48
289	59	36	48
288	59	36	48
295	55	35	46
294	54	35	46
294	54	35	46
294	54	35	45
294	53	34	45
294	53	34	45
294	52	34	45
294	52	34	45
294	52	34	45
294	51	34	45
294	51	34	45
297	45	35	46
297	44	34	45
297	43	34	45
297	43	34	45
297	42	34	45
297	41	34	45
297	41	34	45
297	40	34	45
298	39	34	45
298	38	34	45
298	38	34	45
308	69	35	47
308	68	34	46
308	69	34	47
309	70	34	47
310	71	34	47
310	72	34	47
311	73	34	47
312	74	34	47
312	75	34	47
313	76	34	47
314	77	34	47
313	70	35	47
313	71	34	47
314	71	34	47
314	72	34	47
315	72	34	47
315	73	34	47
316	73	34	47
317	74	34	47
317	74	34	47
318	75	34	47
318	76	34	47
302	74	36	48
302	74	35	48
302	74	36	48
301	75	36	48
301	75	36	48
300	76	36	48
300	76	36	48
300	77	36	48
299	77	36	48
299	77	36	48
299	78	36	48
303	57	35	47
302	57	35	47
302	56	35	47
302	55	34	47
302	55	34	46
301	54	34	46
301	53	34	46
301	52	34	46
301	51	34	46
301	51	34	46
301	50	34	46
316	81	35	47
315	80	34	46
316	81	34	46
317	82	34	46
317	83	34	46
318	84	34	46
319	84	34	46
319	85	34	46
320	86	34	46
321	87	34	46
321	88	34	46
312	72	34	45
312	72	33	44
312	72	33	44
312	72	33	44
312	72	33	44
313	72	33	44
313	72	33	44
313	72	33	44
313	72	33	44
313	72	33	44
313	72	33	43
297	73	35	47
297	72	34	46
296	72	34	46
295	72	34	47
294	72	35	47
293	72	35	47
292	72	35	47
292	72	35	47
291	72	35	47
290	72	35	47
289	72	35	47
343	80	37	49
342	79	37	49
344	80	37	49
346	80	37	49
348	81	37	49
350	81	37	49
353	81	37	49
355	82	37	49
357	82	37	50
359	83	38	50
361	83	38	50
387	95	38	51
389	95	38	51
392	96	38	51
396	97	38	51
399	98	38	51
403	99	38	51
406	100	38	52
409	101	38	52
413	102	38	52
416	103	39	52
420	104	39	52
359	56	40	53
362	57	40	53
362	55	40	53
362	53	40	53
362	51	40	53
361	50	40	53
361	48	40	54
361	46	41	54
361	44	41	54
361	43	41	54
361	41	41	54
290	60	41	55
289	58	41	55
285	57	41	55
281	57	41	55
277	56	41	55
273	55	41	55
269	55	41	56
265	54	41	56
261	53	41	56
257	53	42	56
253	52	42	56
312	53	40	53
307	52	40	53
307	51	40	53
306	51	40	53
306	50	40	53
305	50	40	53
304	49	40	52
304	49	40	52
303	48	40	52
303	47	40	52
302	47	40	52
370	81	41	54
369	80	40	53
372	81	41	53
375	83	41	54
378	84	41	54
382	85	41	54
385	87	41	54
388	88	41	54
391	89	41	54
394	91	41	54
398	92	41	54
398	109	40	53
401	110	40	53
404	112	40	52
407	114	39	52
410	116	39	52
413	119	39	52
416	121	39	52
419	123	39	52
422	125	39	52
425	127	39	52
428	129	39	52
398	109	38	51
401	111	37	50
402	112	37	50
403	112	37	50
404	113	37	50
405	114	37	50
406	115	37	50
407	116	37	50
409	117	37	50
410	118	36	49
411	119	36	49
395	106	40	53
396	106	39	52
396	107	39	52
396	107	39	52
396	107	40	53
396	107	40	53
397	107	40	53
397	107	40	53
397	107	40	53
397	107	40	53
397	107	40	53
393	103	41	55
393	103	41	55
393	102	41	55
392	102	41	55
392	102	41	55
392	102	41	55
392	102	41	55
392	102	41	55
392	101	41	56
392	101	41	56
392	101	41	56
391	101	40	53
390	100	40	53
390	100	40	53
390	100	40	53
390	100	40	52
390	100	40	52
390	99	39	52
389	99	39	52
389	99	39	52
389	99	39	52
389	99	39	52
386	98	38	51
385	97	37	50
385	97	37	50
385	97	37	50
384	97	37	50
384	96	37	50
384	96	37	50
383	96	37	50
383	96	37	49
383	95	36	49
382	95	36	49
381	98	38	50
380	97	37	49
380	97	37	49
379	97	37	49
379	97	37	49
378	97	37	49
378	97	37	49
378	97	37	49
377	97	37	49
377	96	37	48
376	96	37	48
353	82	38	50
352	81	37	49
350	80	37	49
349	80	37	49
347	79	37	49
345	78	37	49
343	77	37	49
342	76	37	49
340	75	37	49
338	74	37	49
337	73	37	49
321	75	38	51
319	74	37	50
316	73	37	50
314	72	37	51
311	71	37	51
309	70	37	51
306	70	37	51
304	69	37	51
301	68	37	51
299	67	37	51
296	66	37	51
291	77	37	49
288	76	36	49
285	76	36	48
283	75	36	48
280	75	36	48
277	75	36	48
275	75	36	48
272	75	36	48
269	74	36	48
266	74	36	48
264	74	36	48
275	80	35	47
272	79	34	46
270	79	34	46
268	80	34	46
266	80	34	46
264	80	34	46
262	80	34	46
260	80	34	45
258	80	33	45
256	80	33	45
254	80	33	45
275	80	35	47
273	80	34	46
272	80	34	46
271	80	34	46
270	80	34	46
270	80	34	46
269	80	34	46
268	80	34	46
268	80	34	46
267	80	34	46
266	80	34	46
301	81	36	48
300	81	35	47
301	81	35	47
302	81	36	48
303	81	36	48
305	81	36	48
306	81	36	48
307	81	36	48
308	81	36	48
310	81	36	48
311	81	36	48
328	70	37	49
329	70	37	49
331	69	37	49
333	68	37	49
335	68	37	49
337	67	37	49
339	67	37	49
341	66	37	49
343	66	37	49
345	65	37	49
348	64	37	49
303	64	38	51
305	63	38	51
304	62	38	51
304	62	38	51
303	61	38	51
303	61	38	51
302	60	38	51
301	59	38	51
301	59	38	52
300	58	38	52
300	58	38	52
305	68	38	51
304	67	38	51
304	67	38	51
303	67	38	51
303	67	38	51
303	67	38	51
303	67	38	51
303	67	38	51
302	67	38	51
302	67	38	51
302	67	38	51
308	64	37	49
307	63	37	49
307	63	36	48
307	63	36	48
308	63	36	48
308	63	36	48
308	63	36	48
308	62	36	48
308	62	36	48
308	62	36	48
308	62	36	48
314	64	35	47
314	63	34	46
314	63	34	46
314	63	34	46
315	63	34	46
315	63	34	46
316	63	34	46
316	63	34	45
316	63	34	45
317	63	33	45
317	63	33	45
306	62	35	47
306	61	34	46
306	61	34	46
305	61	34	46
305	61	34	46
305	61	34	46
305	61	34	46
304	61	34	46
304	60	34	46
304	60	34	46
303	60	34	46
292	64	36	48
291	63	35	47
290	63	35	47
289	63	36	48
288	64	36	48
288	64	36	48
287	64	36	48
286	64	36	48
285	64	36	48
284	64	36	48
283	64	36	48
308	61	35	47
307	61	35	47
307	60	35	47
308	60	34	46
308	60	34	46
309	60	34	46
309	60	34	46
310	60	34	46
310	60	34	46
311	59	34	46
311	59	34	46
310	61	35	46
310	60	34	45
310	60	34	45
311	60	34	45
311	60	34	45
312	60	34	45
312	60	34	45
312	60	34	45
313	60	34	45
313	60	34	45
313	60	34	45
309	61	36	48
309	60	35	47
309	60	36	48
309	60	36	48
309	60	36	48
309	60	36	48
309	60	36	48
309	60	36	48
309	60	36	48
310	60	36	48
310	60	36	48
308	62	35	47
308	61	35	47
308	62	35	47
308	62	34	47
307	62	34	47
307	62	34	47
307	62	34	47
307	62	34	46
307	62	34	46
307	62	34	46
307	62	34	46
317	66	34	45
316	66	33	44
317	66	33	44
317	66	33	44
318	66	33	44
318	67	33	44
319	67	33	44
319	67	33	44
320	67	33	44
320	68	33	44
321	68	33	43
312	61	34	45
312	61	33	44
312	61	33	44
312	60	33	44
312	60	33	44
312	60	33	44
312	60	33	44
312	60	33	44
312	60	33	44
311	59	33	44
311	59	33	44
317	62	33	44
316	61	32	43
317	61	32	43
317	61	32	43
317	61	32	43
317	61	32	43
318	61	32	43
318	61	32	43
