145	381	1027	146
145	381	1027	146
146	384	1036	147
147	388	1047	148
149	392	1057	150
150	396	1067	151
152	399	1077	153
153	403	1087	154
155	407	1097	156
156	411	1108	157
157	414	1118	158
159	418	1128	160
131	381	1027	146
129	381	1027	146
128	381	1027	146
127	381	1027	146
125	381	1027	146
124	381	1027	146
123	381	1027	146
122	381	1027	146
120	381	1027	146
119	381	1027	146
118	381	1027	146
144	377	987	140
143	376	986	139
143	376	984	139
143	376	981	139
144	376	979	138
144	376	977	138
144	375	974	138
145	375	972	137
145	375	969	137
145	375	967	137
146	374	965	136
103	388	1026	145
103	387	1023	144
101	388	1024	144
99	388	1025	144
97	389	1027	145
94	389	1028	145
92	390	1029	145
90	390	1030	145
88	391	1031	145
86	391	1032	145
84	392	1034	145
113	389	1006	143
110	389	1007	143
110	389	1006	143
110	390	1006	143
109	390	1005	143
109	390	1005	142
108	390	1004	142
108	391	1004	142
108	391	1003	142
107	391	1003	142
107	392	1002	142
126	383	1006	143
125	383	1005	142
126	383	1005	142
126	382	1004	142
127	382	1004	142
128	382	1004	142
128	382	1004	142
129	381	1003	142
130	381	1003	142
130	381	1003	142
131	381	1003	142
136	384	987	140
136	383	986	139
137	383	985	139
138	383	984	139
139	383	983	139
140	383	982	139
141	383	980	139
141	383	979	138
142	383	978	138
143	383	977	138
144	383	976	138
130	384	987	140
130	383	985	139
130	383	985	139
130	383	984	139
130	383	984	139
130	383	983	139
130	383	983	139
130	383	982	139
131	383	982	139
131	383	981	139
131	383	981	139
120	382	1006	143
120	381	1005	142
119	381	1006	143
118	381	1007	143
118	381	1008	143
117	381	1009	143
117	381	1009	143
116	381	1010	143
115	381	1011	143
115	381	1012	144
114	380	1013	144
110	381	1026	145
109	380	1026	145
108	380	1028	145
107	380	1029	145
106	380	1031	145
106	380	1033	145
105	380	1034	146
104	380	1036	146
103	380	1037	146
102	380	1039	146
102	379	1040	146
74	378	1068	151
73	377	1069	151
70	377	1072	151
68	377	1075	151
66	377	1078	152
63	377	1081	152
61	376	1084	153
59	376	1087	153
56	376	1090	154
54	376	1093	154
52	376	1096	154
63	369	1089	154
60	368	1091	154
59	368	1094	154
57	367	1096	155
55	367	1099	155
54	366	1101	155
52	365	1103	156
51	365	1106	156
49	364	1108	156
47	364	1111	157
46	363	1113	157
70	377	1089	154
68	376	1091	154
68	376	1092	154
67	376	1093	154
67	376	1094	154
67	377	1095	154
67	377	1095	154
67	377	1096	155
67	377	1097	155
66	377	1098	155
66	378	1099	155
0	375	1111	158
0	375	1111	158
-4	375	1113	158
-7	375	1114	158
-11	375	1116	158
-15	375	1117	159
-19	375	1119	159
-23	375	1120	159
-27	375	1122	159
-31	375	1123	160
-35	375	1125	160
14	385	1068	151
10	385	1069	151
9	385	1067	150
8	386	1065	150
7	386	1064	150
6	387	1062	150
5	387	1060	149
4	388	1058	149
3	388	1057	149
2	389	1055	149
1	389	1053	148
104	381	1026	145
103	381	1024	144
107	381	1021	144
112	381	1017	143
117	381	1014	143
122	381	1011	142
126	381	1008	142
131	381	1005	141
136	381	1001	141
141	381	998	140
146	381	995	140
18	378	1068	151
22	378	1064	150
20	377	1065	150
17	377	1066	150
15	377	1067	150
12	377	1068	151
9	377	1069	151
7	376	1070	151
4	376	1071	151
2	376	1072	151
0	376	1073	151
46	388	1026	145
43	387	1027	145
43	388	1025	144
43	388	1023	144
43	389	1021	144
43	389	1020	144
44	390	1018	143
44	390	1016	143
44	391	1015	143
44	391	1013	143
44	392	1011	142
77	385	1068	151
77	385	1066	150
79	385	1067	150
80	385	1069	151
82	385	1070	151
84	385	1072	151
86	385	1073	151
88	385	1075	152
90	385	1076	152
92	385	1078	152
94	385	1079	152
51	376	1089	154
52	376	1090	154
52	375	1092	154
51	375	1094	154
51	374	1096	155
50	374	1098	155
49	373	1100	155
49	373	1102	155
48	372	1104	156
48	372	1106	156
47	371	1107	156
14	373	1133	161
13	372	1134	161
10	372	1138	161
8	371	1141	162
6	371	1144	162
3	370	1147	163
1	370	1151	163
-1	370	1154	164
-3	369	1157	164
-5	369	1160	165
-8	368	1163	165
14	366	1133	161
11	365	1136	161
10	365	1137	161
9	364	1138	161
8	364	1140	162
7	363	1141	162
6	362	1142	162
5	362	1144	162
4	361	1145	162
3	361	1146	163
2	360	1148	163
0	378	1179	167
-1	377	1180	167
-2	377	1183	167
-3	378	1186	167
-4	378	1189	168
-5	379	1192	168
-6	379	1195	169
-7	380	1198	169
-8	380	1201	169
-9	381	1204	170
-11	381	1206	170
-28	368	1203	171
-29	368	1205	171
-31	368	1208	171
-33	367	1211	172
-35	367	1213	172
-37	367	1216	172
-39	366	1218	173
-41	366	1221	173
-43	366	1224	174
-45	365	1226	174
-46	365	1229	174
3	380	1156	164
0	379	1158	164
1	380	1156	164
2	380	1155	163
3	381	1153	163
4	381	1152	163
5	382	1150	163
6	382	1148	162
7	383	1147	162
8	383	1145	162
9	384	1143	162
-36	376	1203	171
-35	376	1201	170
-36	376	1203	171
-38	376	1204	171
-40	376	1206	171
-41	376	1208	171
-43	376	1210	172
-45	376	1211	172
-46	376	1213	172
-48	376	1215	172
-49	376	1217	173
26	380	1156	164
24	380	1157	164
26	380	1156	164
29	380	1154	163
32	380	1152	163
34	380	1150	163
37	381	1149	162
40	381	1147	162
42	381	1145	162
45	381	1143	162
48	381	1142	161
-29	376	1203	171
-26	376	1201	170
-28	376	1202	170
-29	375	1204	171
-31	375	1206	171
-33	375	1208	171
-35	375	1209	172
-36	375	1211	172
-38	375	1213	172
-40	375	1215	172
-42	375	1216	173
-62	360	1203	171
-63	359	1204	171
-66	358	1205	171
-69	357	1206	171
-72	356	1207	171
-74	356	1208	171
-77	355	1209	171
-80	354	1209	172
-83	353	1210	172
-85	352	1211	172
-88	351	1212	172
-43	370	1179	167
-45	369	1179	167
-45	369	1178	166
-45	369	1177	166
-46	369	1176	166
-46	369	1175	166
-46	369	1174	166
-46	369	1173	166
-46	369	1172	165
-46	370	1171	165
-46	370	1170	165
18	381	1133	161
17	381	1131	160
21	381	1128	160
24	382	1125	159
28	383	1122	159
31	384	1119	159
35	384	1116	158
38	385	1113	158
42	386	1110	157
45	386	1107	157
49	387	1104	157
-1	380	1156	164
2	380	1152	163
3	380	1152	163
3	381	1152	163
4	381	1152	163
4	381	1152	163
5	382	1152	163
5	382	1152	163
6	382	1152	163
6	382	1152	163
7	383	1152	163
13	380	1156	164
13	380	1155	163
14	380	1156	164
15	380	1156	164
15	380	1156	164
16	380	1156	164
17	380	1156	164
18	380	1156	164
19	380	1157	164
19	380	1157	164
20	380	1157	164
10	381	1133	161
10	381	1133	161
10	381	1131	160
11	381	1130	160
11	381	1129	160
11	381	1128	160
11	381	1127	160
11	381	1125	160
11	381	1124	159
12	381	1123	159
12	381	1122	159
32	385	1089	154
32	385	1087	153
33	385	1084	153
34	385	1081	152
35	385	1078	152
37	386	1075	152
38	386	1072	151
39	386	1069	151
40	386	1066	150
42	387	1063	150
43	387	1060	149
-4	381	1133	161
-2	381	1129	160
-4	381	1131	160
-5	381	1132	160
-7	380	1133	161
-8	380	1134	161
-9	380	1135	161
-11	380	1137	161
-12	380	1138	161
-14	380	1139	162
-15	380	1140	162
39	377	1089	154
37	376	1090	154
39	376	1088	153
40	376	1086	153
42	376	1084	153
44	375	1083	153
45	375	1081	152
47	375	1079	152
49	374	1077	152
50	374	1076	151
52	374	1074	151
13	376	1111	158
14	375	1109	157
14	375	1109	157
13	375	1109	157
12	375	1110	157
12	375	1110	158
11	374	1111	158
10	374	1111	158
10	374	1111	158
9	374	1112	158
9	374	1112	158
20	386	1068	151
19	385	1068	151
19	386	1066	150
19	386	1064	150
19	387	1062	150
19	387	1059	149
19	388	1057	149
19	388	1055	149
19	389	1053	148
19	389	1051	148
19	390	1049	148
-42	392	1089	154
-41	392	1086	153
-45	393	1087	153
-48	393	1087	153
-52	394	1087	153
-55	394	1087	153
-58	395	1087	153
-62	395	1088	153
-65	396	1088	153
-69	396	1088	153
-72	397	1088	153
-147	379	1068	151
-150	379	1068	151
-157	379	1067	150
-165	378	1066	150
-172	378	1065	150
-179	377	1064	150
-187	377	1063	150
-194	376	1062	150
-201	376	1061	150
-209	375	1060	149
-216	375	1059	149
-195	391	1089	154
-202	390	1088	153
-208	390	1088	153
-213	391	1089	154
-219	391	1090	154
-225	392	1090	154
-231	392	1091	154
-236	392	1092	154
-242	393	1093	154
-248	393	1093	154
-254	394	1094	154
-221	390	1111	158
-226	390	1111	158
-230	390	1113	158
-233	390	1114	158
-237	390	1116	158
-241	391	1118	159
-244	391	1119	159
-248	391	1121	159
-251	391	1122	160
-255	391	1124	160
-259	391	1126	160
-168	398	1111	158
-171	398	1112	158
-169	398	1113	158
-168	399	1113	158
-166	399	1114	158
-164	400	1115	158
-163	400	1115	158
-161	401	1116	158
-159	401	1117	159
-158	402	1117	159
-156	402	1118	159
-168	408	1068	151
-166	408	1068	151
-165	409	1066	150
-164	410	1064	150
-163	410	1062	150
-162	411	1059	149
-161	412	1057	149
-160	413	1055	149
-159	413	1053	148
-158	414	1051	148
-157	415	1049	147
-205	405	1111	158
-204	405	1108	157
-205	405	1110	157
-207	406	1111	158
-209	406	1112	158
-210	406	1114	158
-212	406	1115	158
-214	406	1117	158
-216	406	1118	159
-217	406	1119	159
-219	407	1121	159
-250	413	1111	158
-251	413	1112	158
-255	413	1113	158
-258	414	1113	158
-261	414	1114	158
-264	415	1115	158
-268	415	1116	158
-271	415	1116	158
-274	416	1117	159
-278	416	1118	159
-281	417	1119	159
-261	411	1133	161
-264	411	1133	161
-266	411	1135	161
-268	411	1136	161
-270	411	1138	161
-272	411	1139	161
-274	411	1141	162
-276	412	1142	162
-278	412	1144	162
-280	412	1145	162
-282	412	1146	162
-261	411	1133	161
-263	411	1134	161
-263	411	1135	161
-264	411	1135	161
-265	411	1136	161
-265	411	1136	161
-266	411	1137	161
-267	411	1138	161
-267	411	1138	161
-268	411	1139	161
-269	411	1140	161
-284	408	1179	167
-284	408	1179	167
-286	407	1182	167
-287	407	1185	167
-289	407	1187	168
-290	407	1190	168
-292	407	1193	168
-293	407	1196	169
-295	406	1198	169
-296	406	1201	169
-297	406	1204	170
-341	413	1227	174
-342	412	1229	174
-346	413	1233	174
-350	413	1237	175
-353	413	1241	175
-357	413	1245	176
-361	413	1248	177
-365	414	1252	177
-368	414	1256	178
-372	414	1260	178
-376	414	1264	179
-353	403	1251	177
-356	403	1254	177
-359	402	1257	177
-361	402	1260	178
-363	401	1263	178
-365	401	1266	179
-368	400	1269	179
-370	400	1272	179
-372	400	1275	180
-374	399	1278	180
-377	399	1280	181
-376	392	1280	181
-378	391	1282	181
-380	390	1285	181
-382	389	1288	182
-384	389	1290	182
-386	388	1293	182
-388	387	1296	183
-390	386	1298	183
-392	385	1301	183
-394	384	1304	184
-396	384	1307	184
-385	401	1280	181
-387	400	1282	181
-388	400	1283	181
-389	400	1284	181
-390	400	1285	181
-392	400	1286	181
-393	400	1287	182
-394	401	1288	182
-396	401	1289	182
-397	401	1290	182
-398	401	1291	182
-355	403	1254	178
-356	403	1255	178
-355	403	1253	178
-353	403	1252	177
-352	403	1251	177
-351	404	1250	177
-350	404	1249	177
-349	404	1248	177
-347	404	1247	177
-346	404	1245	177
-345	405	1244	177
-368	357	1280	181
-366	357	1278	180
-366	354	1279	180
-367	352	1280	181
-367	349	1281	181
-367	347	1282	181
-367	344	1283	181
-367	342	1284	181
-367	340	1285	181
-367	337	1285	181
-367	335	1286	181
-359	261	1280	181
-359	258	1280	181
-358	252	1281	181
-358	245	1281	181
-357	239	1282	181
-357	232	1282	181
-357	226	1283	181
-356	219	1283	181
-356	213	1284	181
-356	207	1284	181
-355	200	1284	181
-359	279	1280	181
-358	272	1280	181
-358	270	1280	181
-358	269	1280	181
-358	267	1280	181
-357	265	1281	181
-357	263	1281	181
-357	262	1281	181
-357	260	1281	181
-357	258	1281	181
-357	256	1281	181
-377	261	1280	181
-376	259	1280	181
-377	257	1280	181
-378	256	1280	181
-379	255	1280	181
-380	253	1280	181
-381	252	1280	181
-382	250	1280	181
-383	249	1280	181
-384	247	1280	181
-385	246	1280	181
-377	270	1280	181
-377	268	1280	181
-378	268	1280	181
-378	268	1280	181
-379	268	1280	181
-379	268	1280	181
-380	268	1280	181
-380	268	1280	181
-380	268	1280	181
-381	268	1280	181
-381	268	1280	181
-368	243	1280	181
-368	242	1280	181
-368	241	1280	181
-367	240	1280	181
-367	238	1280	181
-366	237	1280	181
-366	235	1280	181
-366	234	1280	181
-365	232	1280	181
-365	231	1280	181
-365	230	1280	181
-368	261	1280	181
-367	259	1280	181
-367	259	1280	181
-367	260	1280	181
-367	260	1280	181
-366	260	1280	181
-366	261	1280	181
-366	261	1280	181
-366	262	1280	181
-366	262	1280	181
-365	262	1280	181
-368	261	1280	181
-367	261	1280	181
-367	261	1280	181
-367	261	1280	181
-367	262	1280	181
-367	262	1280	181
-367	262	1280	181
-367	262	1280	181
-367	263	1280	181
-367	263	1280	181
-367	263	1280	181
-368	252	1280	181
-367	252	1280	181
-367	251	1280	181
-367	251	1280	181
-367	251	1280	181
-367	250	1280	181
-367	250	1280	181
-367	249	1280	181
-367	249	1280	181
-367	248	1280	181
-367	248	1280	181
-368	270	1280	181
-367	269	1280	181
-367	270	1280	181
-367	271	1280	181
-367	271	1279	180
-367	272	1279	180
-367	273	1279	180
-367	274	1279	180
-367	275	1279	180
-367	275	1279	180
-367	276	1279	180
-377	270	1280	181
-376	270	1279	180
-377	271	1279	180
-377	271	1279	180
-378	271	1279	180
-378	272	1279	180
-379	272	1279	180
-379	273	1279	180
-380	273	1279	180
-380	273	1279	180
-381	274	1279	180
-359	261	1280	181
-359	261	1279	180
-358	261	1279	180
-357	260	1279	180
-357	260	1279	180
-356	259	1279	180
-355	259	1279	180
-354	259	1279	180
-354	258	1279	180
-353	258	1279	180
-352	258	1279	180
-368	279	1280	181
-367	278	1279	180
-367	279	1279	180
-367	280	1279	180
-367	281	1279	180
-367	281	1279	180
-367	282	1279	180
-367	283	1279	180
-368	284	1279	180
-368	285	1279	180
-368	285	1279	180
-386	270	1280	181
-386	270	1279	180
-387	270	1279	180
-388	270	1279	180
-389	270	1279	180
-390	270	1279	180
-391	270	1279	180
-392	270	1279	180
-393	269	1279	180
-394	269	1279	180
-396	269	1279	180
-386	279	1280	181
-387	278	1279	180
-387	279	1279	180
-388	279	1279	180
-388	280	1279	180
-389	280	1279	180
-389	280	1279	180
-389	281	1279	180
-390	281	1279	180
-390	282	1279	180
-391	282	1279	180
-377	261	1280	181
-377	261	1279	180
-377	260	1279	180
-376	259	1279	180
-376	258	1279	180
-376	258	1279	180
-375	257	1279	180
-375	256	1279	180
-375	255	1279	180
-374	254	1279	180
-374	254	1279	180
-368	261	1280	181
-367	260	1279	180
-366	259	1279	180
-366	259	1279	180
-365	259	1279	180
-364	258	1279	180
-364	258	1279	180
-363	257	1279	180
-362	257	1279	180
-362	257	1279	180
-361	256	1279	180
-368	270	1280	181
-367	269	1279	180
-367	269	1279	180
-366	270	1279	180
-366	270	1279	180
-366	271	1279	180
-365	271	1279	180
-365	271	1279	180
-365	272	1279	180
-365	272	1279	180
-364	272	1279	180
-359	279	1280	181
-358	279	1279	180
-358	280	1279	180
-357	280	1279	180
-356	281	1279	180
-356	282	1280	181
-355	282	1280	181
-355	283	1280	181
-354	284	1280	181
-354	284	1280	181
-353	285	1280	181
-338	281	1254	178
-337	281	1254	178
-336	282	1252	177
-334	282	1251	177
-333	282	1249	177
-331	283	1248	177
-330	283	1246	177
-328	284	1245	177
-327	284	1243	176
-326	284	1242	176
-324	285	1241	176
-359	270	1280	181
-357	270	1278	180
-358	269	1279	180
-358	269	1280	181
-359	268	1280	181
-359	268	1281	181
-360	268	1282	181
-360	267	1283	181
-361	267	1284	181
-362	266	1284	181
-362	266	1285	181
-350	270	1280	181
-350	269	1280	181
-350	269	1281	181
-350	269	1281	181
-350	268	1282	181
-349	268	1282	181
-349	268	1282	181
-349	268	1283	181
-349	267	1283	181
-349	267	1284	181
-349	267	1284	181
-359	270	1280	181
-358	269	1280	181
-359	269	1280	181
-359	269	1280	181
-360	269	1280	181
-360	269	1281	181
-360	269	1281	181
-361	269	1281	181
-361	269	1281	181
-361	269	1281	181
-362	269	1281	181
-342	261	1280	181
-342	260	1280	181
-341	260	1280	181
-340	259	1280	181
-340	259	1280	181
-339	258	1280	181
-338	258	1280	181
-337	257	1280	181
-337	257	1280	181
-336	256	1280	181
-335	256	1280	181
-281	270	1280	181
-280	269	1280	181
-276	269	1280	181
-272	270	1280	181
-269	270	1280	181
-265	270	1280	181
-261	270	1280	181
-257	271	1280	181
-254	271	1280	181
-250	271	1280	181
-246	271	1280	181
-238	270	1280	181
-234	270	1280	181
-230	270	1280	181
-226	270	1280	181
-222	270	1280	181
-218	270	1280	181
-214	271	1280	181
-210	271	1280	181
-206	271	1280	181
-202	271	1280	181
-198	271	1280	181
-255	279	1280	181
-250	279	1280	181
-250	279	1280	181
-249	280	1280	181
-249	280	1280	181
-248	281	1280	181
-247	281	1280	181
-247	282	1280	181
-246	283	1280	181
-245	283	1280	181
-245	284	1280	181
-225	272	1254	178
-224	272	1254	178
-222	272	1252	177
-220	272	1251	177
-219	272	1249	177
-217	271	1248	177
-215	271	1246	177
-214	271	1245	177
-212	271	1243	176
-210	271	1242	176
-208	271	1241	176
-247	279	1280	181
-245	278	1278	180
-245	279	1279	180
-246	279	1280	181
-246	279	1280	181
-247	280	1281	181
-247	280	1282	181
-248	280	1283	181
-248	280	1284	181
-249	281	1284	181
-249	281	1285	181
-238	270	1280	181
-238	270	1280	181
-238	269	1281	181
-238	269	1281	181
-237	269	1282	181
-237	268	1282	181
-237	268	1282	181
-237	268	1283	181
-237	267	1283	181
-237	267	1284	181
-236	267	1284	181
-229	279	1280	181
-228	278	1280	181
-228	278	1280	181
-227	279	1280	181
-226	279	1280	181
-226	279	1281	181
-225	280	1281	181
-225	280	1281	181
-224	280	1281	181
-223	281	1281	181
-223	281	1281	181
-196	274	1230	174
-195	274	1230	174
-193	274	1227	173
-191	274	1224	173
-189	273	1221	172
-187	273	1219	172
-184	273	1216	172
-182	273	1213	171
-180	273	1211	171
-178	273	1208	170
-176	273	1205	170
-180	294	1182	168
-177	293	1179	167
-176	294	1175	167
-174	295	1171	166
-172	296	1167	166
-170	298	1163	165
-168	299	1159	165
-167	300	1155	164
-165	301	1152	164
-163	302	1148	163
-161	303	1144	163
-196	274	1230	174
-194	275	1226	173
-194	274	1227	173
-194	273	1228	173
-194	273	1229	173
-195	272	1230	174
-195	271	1231	174
-195	271	1232	174
-195	270	1233	174
-195	269	1234	174
-196	269	1235	174
-213	282	1230	174
-213	281	1231	174
-214	281	1231	174
-215	281	1232	174
-216	281	1233	174
-217	281	1233	174
-218	281	1234	174
-220	281	1235	174
-221	282	1235	174
-222	282	1236	174
-223	282	1237	174
-229	278	1279	181
-230	278	1279	181
-231	277	1282	181
-232	277	1285	181
-234	277	1288	182
-235	277	1291	182
-237	277	1294	183
-238	277	1297	183
-239	277	1300	184
-241	276	1303	184
-242	276	1306	184
-229	278	1279	181
-230	277	1281	181
-230	277	1283	181
-231	277	1284	181
-232	277	1285	181
-232	277	1287	182
-233	277	1288	182
-233	277	1289	182
-234	277	1290	182
-234	277	1292	182
-235	277	1293	183
-212	282	1230	174
-212	281	1231	174
-211	282	1229	173
-211	282	1226	173
-210	282	1224	173
-209	282	1222	172
-208	282	1219	172
-207	283	1217	172
-207	283	1215	171
-206	283	1212	171
-205	283	1210	171
-228	278	1279	181
-227	278	1276	180
-227	278	1278	180
-228	277	1279	181
-228	277	1281	181
-229	277	1283	181
-229	277	1284	181
-230	277	1286	182
-230	277	1287	182
-231	277	1289	182
-231	277	1291	182
-228	278	1279	181
-228	277	1280	181
-228	277	1281	181
-229	277	1282	181
-229	277	1283	181
-229	277	1284	181
-229	277	1284	181
-230	277	1285	181
-230	277	1286	182
-230	277	1287	182
-230	277	1288	182
-237	295	1279	181
-237	294	1279	181
-237	295	1280	181
-238	296	1280	181
-239	297	1280	181
-239	298	1281	181
-240	299	1281	181
-240	300	1281	181
-241	301	1281	181
-242	302	1282	181
-242	303	1282	181
-237	278	1279	181
-237	278	1279	181
-237	278	1279	181
-238	277	1279	181
-238	277	1279	181
-238	276	1279	181
-238	276	1279	181
-239	275	1279	181
-239	275	1279	181
-239	274	1279	181
-239	274	1280	181
-237	278	1280	181
-237	277	1280	181
-237	277	1280	181
-237	276	1280	181
-237	276	1280	181
-237	276	1280	181
-237	276	1280	181
-237	275	1280	181
-237	275	1280	181
-237	275	1280	181
-237	274	1280	181
-220	290	1230	174
-220	289	1230	174
-219	290	1227	173
-218	290	1224	173
-217	291	1221	172
-216	291	1219	172
-215	292	1216	172
-214	293	1213	171
-213	293	1210	171
-212	294	1208	170
-211	294	1205	170
-208	291	1206	171
-207	291	1203	170
-205	291	1200	170
-204	292	1198	169
-203	292	1195	169
-202	292	1193	169
-201	293	1190	168
-200	293	1187	168
-199	293	1185	168
-198	294	1182	167
-197	294	1180	167
-208	283	1206	171
-206	283	1203	170
-206	282	1202	170
-206	282	1201	170
-205	282	1200	170
-205	282	1199	170
-204	281	1198	170
-204	281	1197	169
-203	281	1196	169
-203	280	1195	169
-203	280	1194	169
-220	290	1230	174
-219	289	1228	173
-220	289	1230	173
-220	290	1231	174
-221	290	1232	174
-221	290	1233	174
-222	290	1234	174
-222	291	1235	174
-223	291	1236	174
-223	291	1237	174
-224	291	1238	175
-208	291	1206	171
-208	291	1207	171
-208	291	1206	171
-207	291	1205	170
-207	291	1204	170
-206	291	1203	170
-206	292	1202	170
-206	292	1202	170
-205	292	1201	170
-205	292	1200	170
-204	292	1199	170
-216	291	1206	171
-215	291	1205	170
-215	291	1204	170
-216	291	1204	170
-216	291	1203	170
-216	291	1203	170
-216	291	1203	170
-216	291	1202	170
-217	291	1202	170
-217	291	1201	170
-217	291	1201	170
-208	283	1206	171
-208	283	1205	170
-207	282	1205	170
-207	282	1205	170
-207	281	1205	170
-206	281	1205	170
-206	280	1204	170
-206	280	1204	170
-206	280	1204	170
-205	279	1204	170
-205	279	1204	170
-237	282	1230	174
-236	281	1229	173
-238	281	1231	174
-239	281	1232	174
-241	280	1233	174
-242	280	1235	174
-243	280	1236	174
-245	280	1237	174
-246	279	1238	175
-248	279	1240	175
-249	279	1241	175
-205	293	1182	168
-206	292	1183	168
-205	293	1181	167
-204	293	1179	167
-203	294	1177	167
-202	294	1175	167
-200	295	1172	166
-199	295	1170	166
-198	296	1168	166
-197	296	1166	166
-196	297	1164	165
-209	302	1159	164
-207	302	1156	163
-207	303	1154	163
-207	304	1152	163
-206	304	1150	162
-206	305	1147	162
-206	306	1145	162
-205	307	1143	161
-205	307	1140	161
-205	308	1138	160
-204	309	1136	160
-225	318	1159	164
-224	318	1156	163
-225	319	1155	163
-226	321	1154	163
-227	322	1154	163
-227	323	1153	163
-228	324	1152	162
-229	325	1151	162
-230	327	1150	162
-230	328	1149	162
-231	329	1148	162
-265	311	1159	164
-265	312	1158	163
-268	312	1157	163
-270	312	1157	163
-273	312	1157	163
-276	312	1157	163
-278	312	1156	163
-281	312	1156	163
-283	312	1156	163
-286	313	1155	163
-289	313	1155	163
-235	299	1114	158
-237	299	1113	157
-237	298	1111	157
-236	297	1108	157
-235	297	1106	156
-235	296	1103	156
-234	295	1100	156
-234	294	1098	155
-233	294	1095	155
-233	293	1093	155
-232	292	1090	154
-296	319	1159	164
-295	318	1156	163
-298	319	1157	163
-301	319	1159	164
-304	320	1160	164
-307	321	1161	164
-310	322	1163	164
-313	323	1164	164
-316	323	1165	164
-319	324	1167	165
-322	325	1168	165
-327	320	1159	164
-329	320	1160	164
-333	321	1161	164
-336	321	1161	164
-339	322	1162	164
-342	322	1163	164
-345	323	1164	164
-348	323	1164	164
-351	323	1165	164
-354	324	1166	164
-357	324	1167	165
-350	327	1159	164
-353	327	1159	164
-355	327	1160	164
-358	328	1160	164
-360	329	1160	164
-363	329	1160	164
-365	330	1161	164
-367	330	1161	164
-370	331	1161	164
-372	331	1161	164
-375	332	1162	164
-336	316	1114	158
-338	316	1114	158
-338	316	1111	157
-338	315	1109	157
-338	315	1107	157
-339	314	1104	156
-339	314	1102	156
-339	314	1099	156
-339	313	1097	155
-339	313	1094	155
-339	313	1092	155
-325	325	1092	155
-325	324	1089	154
-324	324	1087	154
-323	325	1084	154
-323	325	1082	153
-322	325	1080	153
-321	326	1077	153
-321	326	1075	152
-320	326	1073	152
-319	326	1071	152
-319	327	1068	151
-351	330	1114	158
-350	330	1111	157
-351	330	1111	157
-352	331	1112	157
-353	331	1112	157
-354	332	1112	157
-355	332	1113	157
-357	332	1113	157
-358	333	1113	158
-359	333	1114	158
-360	334	1114	158
-378	321	1136	161
-379	321	1136	161
-381	321	1137	161
-383	320	1139	161
-385	320	1140	161
-387	320	1142	161
-389	319	1143	162
-391	319	1145	162
-393	319	1146	162
-395	318	1148	162
-397	318	1149	162
-370	321	1136	161
-372	320	1137	161
-372	320	1138	161
-372	320	1138	161
-373	320	1139	161
-373	320	1140	161
-374	319	1140	161
-374	319	1141	161
-374	319	1142	161
-375	319	1142	161
-375	319	1143	162
-377	321	1136	161
-377	320	1136	161
-377	320	1136	161
-378	320	1137	161
-378	320	1137	161
-379	320	1137	161
-379	320	1137	161
-380	320	1137	161
-380	320	1138	161
-381	320	1138	161
-381	320	1138	161
-355	324	1092	155
-355	323	1092	155
-354	324	1089	154
-353	324	1087	154
-352	324	1085	154
-351	324	1082	153
-350	324	1080	153
-349	324	1077	153
-348	324	1075	152
-347	325	1073	152
-346	325	1070	152
-366	323	1114	158
-364	323	1111	157
-365	323	1111	157
-365	323	1111	157
-365	323	1112	157
-365	323	1112	157
-365	323	1112	157
-365	323	1112	157
-365	323	1112	157
-365	323	1112	157
-366	323	1112	157
-377	321	1136	161
-377	321	1136	161
-377	320	1137	161
-378	320	1138	161
-379	320	1140	161
-380	320	1141	161
-380	320	1143	161
-381	320	1144	162
-382	320	1146	162
-382	320	1147	162
-383	320	1148	162
-341	320	1159	164
-341	319	1160	164
-340	319	1162	164
-338	319	1164	164
-336	319	1166	164
-335	319	1168	165
-333	319	1169	165
-331	319	1171	165
-329	319	1173	165
-328	319	1175	166
-326	318	1177	166
-244	330	1114	158
-242	329	1115	158
-236	330	1114	158
-230	330	1112	157
-223	331	1110	157
-217	331	1109	157
-211	332	1107	157
-205	332	1105	156
-199	333	1103	156
-192	333	1102	156
-186	334	1100	156
-231	321	1136	161
-224	321	1134	160
-221	321	1134	160
-218	320	1134	160
-214	320	1135	160
-211	320	1135	160
-207	320	1135	161
-204	319	1136	161
-201	319	1136	161
-197	319	1137	161
-194	319	1137	161
-235	312	1159	164
-231	311	1159	164
-230	311	1160	164
-229	310	1162	164
-228	309	1163	164
-227	309	1165	164
-226	308	1166	165
-225	307	1168	165
-225	307	1170	165
-224	306	1171	165
-223	305	1173	165
-234	316	1206	171
-233	315	1207	171
-232	315	1210	171
-232	315	1214	172
-232	315	1217	172
-231	315	1220	173
-231	315	1223	173
-231	315	1227	174
-231	314	1230	174
-230	314	1233	175
-230	314	1236	175
-300	313	1254	178
-299	312	1257	178
-303	312	1261	179
-306	312	1265	179
-310	312	1269	180
-314	312	1273	180
-317	312	1277	181
-321	312	1281	182
-324	311	1285	182
-328	311	1289	183
-331	311	1293	183
-304	302	1280	181
-307	301	1284	181
-309	301	1287	181
-311	300	1290	182
-313	299	1293	182
-314	299	1296	183
-316	298	1299	183
-318	297	1302	184
-320	297	1305	184
-322	296	1308	184
-324	295	1311	185
-295	302	1280	181
-296	301	1283	181
-296	301	1284	181
-297	300	1285	181
-297	300	1286	181
-297	300	1287	181
-297	299	1288	182
-297	299	1289	182
-297	299	1291	182
-297	298	1292	182
-297	298	1293	182
-304	302	1280	181
-304	301	1281	181
-304	301	1281	181
-305	301	1281	181
-305	301	1282	181
-305	301	1282	181
-306	301	1282	181
-306	301	1283	181
-307	301	1283	181
-307	300	1283	181
-308	300	1284	181
-286	302	1280	181
-286	301	1280	181
-285	301	1280	181
-284	301	1280	181
-284	301	1280	181
-283	301	1280	181
-282	301	1280	181
-281	301	1280	181
-280	301	1280	181
-280	301	1281	181
-279	301	1281	181
-295	311	1280	181
-294	310	1280	181
-294	311	1280	181
-294	311	1280	181
-294	312	1280	181
-294	312	1280	181
-294	313	1280	181
-294	313	1280	181
-294	314	1280	181
-295	314	1280	181
-295	315	1280	181
-286	311	1280	181
-286	311	1280	181
-285	311	1280	181
-285	311	1280	181
-284	312	1280	181
-284	312	1280	181
-284	312	1280	181
-283	312	1280	181
-283	313	1280	181
-282	313	1280	181
-282	313	1280	181
-269	302	1280	181
-268	302	1280	181
-267	301	1280	181
-266	301	1280	181
-265	300	1280	181
-264	300	1280	181
-262	300	1280	181
-261	299	1280	181
-260	299	1280	181
-259	298	1280	181
-258	298	1280	181
-278	311	1280	181
-276	310	1280	181
-276	310	1280	181
-276	311	1280	181
-276	311	1280	181
-276	311	1280	181
-276	312	1280	181
-276	312	1280	181
-276	312	1280	181
-277	312	1280	181
-277	313	1280	181
-228	315	1230	174
-228	315	1230	174
-225	315	1227	173
-222	316	1224	173
-219	316	1221	172
-217	316	1218	172
-214	317	1216	172
-211	317	1213	171
-209	317	1210	171
-206	318	1207	170
-203	318	1205	170
-244	311	1279	181
-241	311	1276	180
-240	311	1277	180
-240	311	1279	181
-240	311	1280	181
-240	311	1282	181
-239	311	1283	181
-239	310	1285	181
-239	310	1286	182
-238	310	1288	182
-238	310	1289	182
-211	315	1230	174
-210	314	1231	174
-208	315	1229	173
-207	315	1227	173
-205	315	1225	173
-203	315	1223	173
-201	315	1221	172
-199	315	1220	172
-197	316	1218	172
-196	316	1216	172
-194	316	1214	171
-227	328	1279	181
-225	328	1277	180
-225	328	1278	180
-225	329	1280	181
-225	330	1282	181
-225	331	1284	181
-225	332	1286	182
-225	332	1287	182
-225	333	1289	182
-225	334	1291	182
-226	335	1293	183
-218	319	1280	181
-218	319	1281	181
-217	319	1282	181
-217	319	1283	181
-217	319	1284	181
-216	319	1285	181
-216	319	1286	181
-215	318	1287	182
-215	318	1288	182
-215	318	1289	182
-214	318	1290	182
-209	328	1280	181
-208	327	1280	181
-207	328	1281	181
-207	328	1281	181
-206	329	1281	181
-205	329	1282	181
-205	329	1282	181
-204	330	1282	181
-204	330	1283	181
-203	330	1283	181
-202	331	1283	181
-218	328	1280	181
-217	328	1280	181
-217	328	1280	181
-217	328	1280	181
-218	328	1280	181
-218	329	1280	181
-218	329	1280	181
-218	329	1280	181
-218	329	1280	181
-219	329	1281	181
-219	330	1281	181
-201	337	1280	181
-201	337	1280	181
-200	337	1280	181
-199	338	1280	181
-198	338	1280	181
-198	339	1280	181
-197	339	1280	181
-196	340	1280	181
-195	341	1280	181
-194	341	1280	181
-193	342	1280	181
-210	337	1280	181
-209	337	1280	181
-209	337	1280	181
-209	338	1280	181
-209	338	1280	181
-209	338	1280	181
-209	338	1280	181
-209	338	1280	181
-210	339	1280	181
-210	339	1280	181
-210	339	1280	181
-210	346	1280	181
-210	346	1280	181
-210	346	1280	181
-210	347	1280	181
-210	347	1280	181
-210	348	1280	181
-210	349	1280	181
-210	349	1280	181
-210	350	1280	181
-210	350	1280	181
-211	351	1280	181
-177	341	1230	174
-177	341	1230	174
-175	341	1227	173
-173	341	1224	173
-171	341	1221	172
-169	341	1218	172
-168	341	1216	172
-166	341	1213	171
-164	341	1210	171
-162	341	1207	170
-160	341	1205	170
-202	347	1279	181
-200	346	1276	180
-200	347	1277	180
-201	347	1279	181
-201	347	1280	181
-202	348	1282	181
-203	348	1283	181
-203	348	1285	181
-204	348	1286	182
-204	349	1288	182
-205	349	1289	182
-177	342	1230	174
-177	342	1231	174
-176	342	1229	173
-175	341	1227	173
-174	341	1225	173
-173	341	1223	173
-172	341	1221	172
-171	341	1220	172
-170	341	1218	172
-169	341	1216	172
-168	340	1214	171
-198	341	1254	178
-196	340	1252	177
-197	340	1252	177
-198	340	1252	177
-198	340	1253	177
-199	340	1253	178
-200	340	1254	178
-201	340	1254	178
-201	339	1254	178
-202	339	1255	178
-203	339	1255	178
-220	339	1280	181
-220	338	1280	181
-222	338	1282	181
-223	338	1283	181
-225	338	1285	181
-226	338	1287	181
-228	338	1289	182
-230	337	1290	182
-231	337	1292	182
-233	337	1294	182
-234	337	1295	183
-220	339	1280	181
-221	338	1281	181
-222	338	1282	181
-222	338	1283	181
-223	338	1283	181
-224	338	1284	181
-224	338	1285	181
-225	338	1286	181
-226	338	1286	181
-226	338	1287	181
-227	338	1288	182
-238	339	1280	181
-238	338	1280	181
-239	338	1280	181
-241	338	1281	181
-242	338	1281	181
-243	338	1281	181
-244	338	1281	181
-245	338	1282	181
-247	338	1282	181
-248	338	1282	181
-249	338	1282	181
-238	339	1280	181
-239	338	1280	181
-239	338	1280	181
-240	338	1280	181
-240	338	1280	181
-241	338	1280	181
-241	338	1280	181
-242	338	1280	181
-242	338	1280	181
-243	338	1280	181
-243	338	1280	181
-238	339	1280	181
-238	338	1280	181
-238	338	1280	181
-238	338	1280	181
-238	338	1280	181
-239	338	1280	181
-239	338	1280	181
-239	338	1280	181
-239	338	1280	181
-239	338	1280	181
-239	338	1280	181
-247	339	1280	181
-247	338	1280	181
-247	338	1280	181
-248	338	1280	181
-248	338	1280	181
-249	338	1280	181
-249	338	1280	181
-250	338	1280	181
-250	338	1280	181
-251	338	1280	181
-252	338	1280	181
-256	339	1280	181
-256	338	1280	181
-257	338	1280	181
-258	338	1280	181
-258	338	1280	181
-259	338	1280	181
-260	338	1280	181
-260	338	1280	181
-261	338	1280	181
-262	338	1280	181
-263	338	1280	181
-256	330	1280	181
-256	330	1280	181
-257	329	1280	181
-257	329	1280	181
-257	328	1280	181
-257	328	1280	181
-258	327	1280	181
-258	327	1280	181
-258	326	1280	181
-259	326	1280	181
-259	325	1280	181
-256	339	1280	181
-256	338	1280	181
-256	338	1280	181
-256	339	1280	181
-256	339	1280	181
-256	339	1280	181
-256	339	1280	181
-256	340	1280	181
-256	340	1280	181
-257	340	1280	181
-257	340	1280	181
-256	339	1280	181
-256	339	1280	181
-256	339	1279	180
-256	339	1279	180
-256	339	1279	180
-256	339	1279	180
-256	340	1279	180
-256	340	1279	180
-256	340	1279	180
-256	340	1279	180
-256	340	1279	180
-252	341	1254	178
-252	341	1254	178
-251	341	1252	177
-251	341	1251	177
-251	341	1249	177
-251	341	1248	177
-250	341	1246	177
-250	342	1245	177
-250	342	1243	176
-250	342	1242	176
-250	342	1241	176
-274	339	1280	181
-273	339	1278	180
-274	339	1279	180
-276	339	1280	181
-277	339	1280	181
-278	338	1281	181
-279	338	1282	181
-280	338	1283	181
-281	338	1284	181
-282	338	1284	181
-283	338	1285	181
-274	330	1280	181
-275	329	1280	181
-275	329	1281	181
-276	328	1281	181
-276	328	1282	181
-277	327	1282	181
-277	327	1282	181
-278	326	1283	181
-278	326	1283	181
-279	325	1284	181
-279	325	1284	181
-283	339	1280	181
-283	338	1280	181
-284	338	1280	181
-284	338	1280	181
-285	339	1280	181
-286	339	1281	181
-286	339	1281	181
-287	340	1281	181
-288	340	1281	181
-288	340	1281	181
-289	340	1281	181
-292	339	1280	181
-292	339	1280	181
-293	339	1280	181
-294	339	1280	181
-294	339	1280	181
-295	339	1280	181
-296	340	1280	181
-297	340	1280	181
-298	340	1280	181
-298	340	1280	181
-299	340	1280	181
-301	339	1280	181
-301	339	1280	181
-302	339	1280	181
-303	339	1280	181
-304	339	1280	181
-304	339	1280	181
-305	339	1280	181
-306	339	1280	181
-307	339	1280	181
-308	339	1280	181
-309	339	1280	181
-319	339	1280	181
-319	339	1280	181
-321	339	1280	181
-322	339	1280	181
-323	339	1280	181
-325	339	1280	181
-326	339	1280	181
-327	339	1280	181
-328	339	1280	181
-330	339	1280	181
-331	339	1280	181
-355	348	1280	181
-356	348	1280	181
-358	348	1280	181
-361	349	1280	181
-363	349	1280	181
-366	350	1280	181
-368	350	1280	181
-371	351	1280	181
-374	351	1280	181
-376	352	1280	181
-379	352	1280	181
-372	365	1280	181
-374	365	1280	181
-376	366	1280	181
-378	367	1280	181
-380	368	1280	181
-382	370	1280	181
-384	371	1280	181
-386	372	1280	181
-388	373	1280	181
-390	374	1280	181
-392	375	1280	181
-399	374	1280	181
-400	375	1280	181
-403	376	1280	181
-405	377	1280	181
-407	378	1280	181
-409	379	1280	181
-412	380	1280	181
-414	381	1280	181
-416	382	1280	181
-418	383	1280	181
-421	384	1280	181
-386	376	1254	178
-388	376	1254	178
-388	377	1252	177
-388	377	1251	177
-388	378	1249	177
-388	378	1248	177
-389	379	1246	177
-389	379	1245	177
-389	380	1243	176
-389	380	1242	176
-389	381	1241	176
-390	365	1280	181
-390	365	1278	180
-390	365	1279	180
-390	364	1280	181
-390	364	1280	181
-390	363	1281	181
-391	363	1282	181
-391	362	1283	181
-391	362	1284	181
-391	361	1284	181
-391	361	1285	181
-373	365	1280	181
-373	364	1280	181
-372	364	1281	181
-371	364	1281	181
-370	363	1282	181
-369	363	1282	181
-368	363	1282	181
-367	363	1283	181
-367	362	1283	181
-366	362	1284	181
-365	362	1284	181
-355	356	1280	181
-354	355	1280	181
-352	355	1280	181
-351	354	1280	181
-349	354	1280	181
-348	353	1281	181
-347	352	1281	181
-345	352	1281	181
-344	351	1281	181
-342	351	1281	181
-341	350	1281	181
-319	356	1280	181
-317	355	1280	181
-315	355	1280	181
-312	354	1280	181
-309	354	1280	181
-307	354	1280	181
-304	354	1280	181
-302	353	1280	181
-299	353	1280	181
-297	353	1280	181
-294	353	1280	181
-293	365	1280	181
-290	364	1280	181
-287	365	1280	181
-285	365	1280	181
-282	366	1280	181
-280	366	1280	181
-277	366	1280	181
-275	367	1280	181
-272	367	1280	181
-270	368	1280	181
-267	368	1280	181
-276	365	1280	181
-273	365	1280	181
-271	365	1280	181
-269	365	1280	181
-267	366	1280	181
-265	366	1280	181
-263	366	1280	181
-261	366	1280	181
-260	366	1280	181
-258	367	1280	181
-256	367	1280	181
-234	369	1230	174
-232	369	1230	174
-229	369	1227	173
-226	369	1224	173
-222	370	1221	172
-219	370	1218	172
-216	370	1216	172
-213	370	1213	171
-210	371	1210	171
-207	371	1207	170
-204	371	1205	170
-250	365	1279	181
-246	365	1276	180
-246	365	1277	180
-246	365	1279	181
-245	364	1280	181
-245	364	1282	181
-245	364	1283	181
-244	364	1285	181
-244	364	1286	182
-244	364	1288	182
-243	364	1289	182
-250	356	1280	181
-249	355	1281	181
-249	355	1282	181
-249	354	1283	181
-249	354	1284	181
-249	353	1284	181
-249	353	1285	181
-249	352	1286	181
-249	351	1287	182
-249	351	1288	182
-249	350	1289	182
-241	356	1280	181
-241	355	1280	181
-240	355	1281	181
-240	354	1281	181
-239	354	1281	181
-239	354	1282	181
-238	354	1282	181
-238	353	1282	181
-237	353	1283	181
-237	353	1283	181
-236	353	1283	181
-199	360	1230	174
-198	359	1230	174
-196	359	1227	173
-193	360	1224	173
-190	360	1222	172
-188	360	1219	172
-185	360	1216	172
-183	360	1214	171
-180	360	1211	171
-178	360	1208	171
-175	361	1206	170
-159	379	1182	168
-156	379	1179	167
-153	380	1175	167
-149	381	1171	166
-146	382	1167	166
-143	383	1163	165
-139	384	1159	165
-136	385	1156	164
-133	387	1152	164
-129	388	1148	163
-126	389	1144	163
-183	367	1230	174
-179	368	1226	173
-179	367	1227	173
-179	367	1228	173
-179	367	1229	173
-179	367	1230	174
-179	367	1231	174
-179	367	1232	174
-179	366	1233	174
-179	366	1234	174
-179	366	1235	174
-195	366	1254	178
-194	365	1255	178
-195	365	1257	178
-196	365	1259	178
-197	365	1261	179
-198	365	1263	179
-199	364	1265	179
-200	364	1267	179
-200	364	1269	180
-201	364	1271	180
-202	364	1273	180
-208	364	1280	181
-208	363	1282	181
-209	363	1284	181
-211	363	1286	181
-212	363	1288	182
-213	363	1291	182
-214	362	1293	182
-215	362	1295	183
-216	362	1298	183
-217	362	1300	183
-218	362	1302	183
-175	368	1230	174
-176	367	1232	174
-174	367	1230	174
-173	368	1228	173
-171	368	1226	173
-170	368	1224	173
-169	368	1222	172
-167	368	1221	172
-166	368	1219	172
-165	369	1217	172
-163	369	1215	171
-191	364	1279	181
-189	364	1277	180
-189	364	1278	180
-190	363	1280	181
-190	363	1282	181
-190	363	1284	181
-190	363	1285	181
-190	363	1287	182
-191	363	1289	182
-191	362	1291	182
-191	362	1292	182
-173	355	1280	181
-173	354	1281	181
-172	354	1282	181
-171	353	1283	181
-170	353	1284	181
-169	352	1285	181
-169	351	1286	181
-168	351	1287	182
-167	350	1288	182
-166	350	1289	182
-165	349	1290	182
-164	355	1280	181
-163	354	1280	181
-162	354	1281	181
-161	353	1281	181
-160	353	1281	181
-159	353	1282	181
-158	353	1282	181
-157	352	1282	181
-157	352	1283	181
-156	352	1283	181
-155	352	1283	181
-146	364	1280	181
-145	363	1280	181
-143	364	1280	181
-142	364	1280	181
-141	365	1280	181
-139	365	1280	181
-138	365	1280	181
-137	366	1280	181
-135	366	1280	181
-134	367	1281	181
-133	367	1281	181
-137	355	1280	181
-135	355	1280	181
-134	355	1280	181
-133	354	1280	181
-132	354	1280	181
-131	354	1280	181
-130	353	1280	181
-129	353	1280	181
-128	353	1280	181
-127	353	1280	181
-126	352	1280	181
-107	365	1254	178
-105	364	1254	178
-103	365	1252	177
-101	365	1251	177
-99	365	1249	177
-97	366	1248	177
-95	366	1246	177
-93	367	1245	177
-91	367	1243	176
-89	367	1242	176
-87	368	1241	176
-111	364	1280	181
-108	364	1278	180
-108	364	1279	180
-107	364	1280	181
-107	364	1280	181
-106	364	1281	181
-105	365	1282	181
-105	365	1283	181
-104	365	1284	181
-103	365	1284	181
-103	365	1285	181
-90	366	1254	178
-89	366	1254	178
-88	366	1253	177
-86	366	1252	177
-85	366	1251	177
-84	366	1250	177
-82	366	1249	177
-81	367	1248	177
-80	367	1247	177
-78	367	1246	177
-77	367	1245	177
-102	373	1280	181
-100	373	1278	180
-100	373	1279	180
-100	374	1280	181
-100	374	1281	181
-101	374	1282	181
-101	375	1283	181
-101	375	1284	181
-101	376	1285	181
-101	376	1286	181
-101	377	1287	181
-84	373	1280	181
-84	373	1280	181
-83	373	1281	181
-82	373	1281	181
-81	374	1282	181
-80	374	1282	181
-79	374	1283	181
-78	374	1283	181
-77	374	1284	181
-77	374	1284	181
-76	375	1285	181
-101	368	1230	174
-100	368	1230	174
-100	367	1227	173
-101	367	1225	173
-101	367	1222	172
-102	367	1220	172
-102	367	1217	172
-103	366	1214	171
-103	366	1212	171
-104	366	1209	171
-105	366	1206	170
-141	388	1182	168
-141	387	1179	167
-144	388	1175	167
-146	389	1171	166
-149	390	1167	166
-151	391	1163	165
-154	392	1160	165
-156	393	1156	164
-159	394	1152	164
-161	395	1148	163
-164	396	1144	163
-215	376	1230	174
-217	377	1226	173
-222	376	1227	173
-227	376	1228	173
-233	376	1229	173
-238	376	1230	174
-243	375	1231	174
-248	375	1232	174
-253	375	1233	174
-259	375	1234	174
-264	375	1235	174
-183	388	1182	168
-188	387	1183	168
-188	388	1181	167
-189	388	1179	167
-189	389	1177	167
-189	389	1175	167
-190	390	1173	166
-190	390	1171	166
-191	391	1169	166
-191	391	1167	166
-191	392	1165	165
-153	391	1136	161
-153	391	1134	160
-151	391	1130	160
-149	392	1127	159
-148	392	1123	159
-146	393	1120	158
-144	393	1116	158
-142	393	1113	157
-140	394	1109	157
-139	394	1106	156
-137	395	1102	156
-191	396	1182	168
-189	396	1178	167
-190	396	1179	167
-191	397	1180	167
-193	397	1181	168
-194	398	1182	168
-195	398	1184	168
-196	398	1185	168
-198	399	1186	168
-199	399	1187	168
-200	400	1188	169
-203	386	1206	171
-204	386	1207	171
-205	386	1209	171
-206	385	1211	171
-208	385	1213	171
-209	384	1215	172
-211	384	1217	172
-212	384	1219	172
-213	383	1221	173
-215	383	1223	173
-216	382	1225	173
-172	397	1159	164
-173	396	1161	164
-172	397	1159	164
-170	397	1157	163
-169	397	1155	163
-168	398	1153	163
-167	398	1152	162
-166	399	1150	162
-165	399	1148	162
-163	399	1146	162
-162	400	1145	161
-168	407	1136	161
-166	407	1134	160
-165	408	1132	160
-165	408	1129	160
-164	409	1127	159
-163	410	1125	159
-162	411	1123	159
-161	411	1121	158
-160	412	1118	158
-160	413	1116	158
-159	414	1114	157
-150	409	1114	158
-149	409	1111	157
-147	410	1109	157
-146	410	1107	157
-145	411	1105	156
-143	411	1103	156
-142	411	1101	156
-141	412	1099	155
-140	412	1097	155
-138	413	1095	155
-137	413	1092	155
-168	399	1136	161
-166	399	1133	160
-167	399	1134	160
-167	398	1134	160
-168	398	1135	160
-168	397	1135	160
-169	397	1135	160
-169	396	1136	161
-169	396	1136	161
-170	396	1137	161
-170	395	1137	161
-168	407	1136	161
-168	406	1136	161
-168	406	1136	161
-169	407	1137	161
-169	407	1137	161
-169	407	1137	161
-169	407	1137	161
-170	408	1138	161
-170	408	1138	161
-170	408	1138	161
-170	408	1139	161
-146	410	1092	155
-146	410	1092	155
-145	410	1089	154
-144	410	1087	154
-142	411	1085	154
-141	411	1082	153
-140	411	1080	153
-139	412	1078	153
-138	412	1076	152
-137	412	1073	152
-136	412	1071	152
-168	399	1136	161
-166	399	1133	160
-167	398	1135	160
-168	398	1136	161
-168	397	1137	161
-169	397	1139	161
-170	396	1140	161
-171	396	1141	161
-171	395	1143	162
-172	395	1144	162
-173	394	1146	162
-157	408	1114	158
-157	407	1115	158
-157	407	1114	158
-157	408	1114	158
-157	408	1113	157
-156	408	1113	157
-156	408	1113	157
