1.892358
0.041051
0.041341
0.041360
0.041376
0.041391
0.041406
0.041421
0.041435
0.041455
0.041489
0.041518
0.027547
0.027788
0.027815
0.027830
0.027844
0.027858
0.027872
0.027886
0.027900
0.027913
0.027927
0.025787
0.026042
0.026087
0.026115
0.026143
0.026170
0.026198
0.026226
0.026253
0.026281
0.026310
0.024799
0.025035
0.025052
0.025067
0.025080
0.025094
0.025108
0.025121
0.025134
0.025148
0.025161
0.023953
0.024170
0.024197
0.024211
0.024225
0.024238
0.024252
0.024265
0.024278
0.024292
0.024305
0.025963
0.026193
0.026211
0.026227
0.026241
0.026254
0.026267
0.026280
0.026293
0.026306
0.026319
0.024479
0.024703
0.024720
0.024734
0.024747
0.024760
0.024776
0.024789
0.024802
0.024815
0.024828
0.024064
0.024279
0.024296
0.024309
0.024332
0.024345
0.024358
0.024371
0.024384
0.024397
0.024410
0.025687
0.025914
0.025931
0.025945
0.025958
0.025971
0.025984
0.025997
0.026011
0.026025
0.026037
0.050161
0.050382
0.050399
0.050413
0.050426
0.050439
0.050452
0.050468
0.050481
0.050494
0.050507
0.023126
0.023344
0.023361
0.023375
0.023388
0.023401
0.023415
0.023428
0.023442
0.023455
0.023468
0.025433
0.025654
0.025671
0.025685
0.025699
0.025715
0.025728
0.025742
0.025755
0.025768
0.025781
0.023210
0.023413
0.023439
0.023453
0.023467
0.023481
0.023494
0.023508
0.023521
0.023533
0.023546
0.023157
0.023379
0.023396
0.023410
0.023423
0.023440
0.023453
0.023466
0.023479
0.023492
0.023504
0.023304
0.023526
0.023543
0.023558
0.023572
0.023585
0.023598
0.023611
0.023624
0.023637
0.023650
0.026027
0.026256
0.026273
0.026287
0.026301
0.026315
0.026328
0.026341
0.026356
0.026370
0.026383
0.025277
0.025505
0.025523
0.025537
0.025551
0.025564
0.025577
0.025590
0.025603
0.025616
0.025629
0.026263
0.026528
0.026562
0.026582
0.026603
0.026623
0.026644
0.026665
0.026688
0.026711
0.026734
0.022549
0.022763
0.022781
0.022798
0.022812
0.022825
0.022838
0.022851
0.022864
0.022877
0.022890
0.054086
0.054314
0.054331
0.054345
0.054359
0.054372
0.054385
0.054399
0.054412
0.054425
0.054438
0.027967
0.028191
0.028207
0.028222
0.028235
0.028249
0.028262
0.028275
0.028289
0.028302
0.028315
0.026159
0.026384
0.026403
0.026417
0.026431
0.026444
0.026457
0.026470
0.026483
0.026496
0.026510
0.025978
0.026188
0.026214
0.026228
0.026242
0.026256
0.026269
0.026283
0.026296
0.026309
0.026322
0.025837
0.026064
0.026082
0.026096
0.026109
0.026123
0.026136
0.026149
0.026162
0.026175
0.026189
0.026020
0.026245
0.026262
0.026276
0.026290
0.026306
0.026320
0.026333
0.026346
0.026359
0.026372
0.025774
0.025989
0.026015
0.026029
0.026042
0.026056
0.026070
0.026083
0.026096
0.026109
0.026123
0.026038
0.026265
0.026283
0.026298
0.026312
0.026326
0.026339
0.026353
0.026366
0.026379
0.026393
0.028674
0.028905
0.028923
0.028938
0.028952
0.028965
0.028978
0.028991
0.029004
0.029018
0.029031
0.028206
0.028435
0.028452
0.028466
0.028480
0.028493
0.028506
0.028519
0.028532
0.028545
0.028558
0.052393
0.052623
0.052641
0.052655
0.052669
0.052682
0.052695
0.052708
0.052721
0.052733
0.052746
0.025010
0.025222
0.025249
0.025263
0.025277
0.025290
0.025303
0.025316
0.025329
0.025342
0.025355
0.024990
0.025213
0.025230
0.025245
0.025259
0.025272
0.025285
0.025298
0.025311
0.025324
0.025337
0.024567
0.024780
0.024809
0.024823
0.024837
0.024850
0.024863
0.024877
0.024890
0.024902
0.024916
0.025137
0.025366
0.025383
0.025398
0.025411
0.025425
0.025438
0.025452
0.025465
0.025478
0.025491
0.025574
0.025801
0.025819
0.025833
0.025846
0.025859
0.025872
0.025886
0.025899
0.025912
0.025926
0.025051
0.025276
0.025293
0.025307
0.025321
0.025334
0.025347
0.025361
0.025373
0.025387
0.025400
0.024901
0.025129
0.025146
0.025160
0.025174
0.025187
0.025200
0.025213
0.025227
0.025243
0.025257
0.024458
0.024698
0.024716
0.024730
0.024745
0.024758
0.024771
0.024785
0.024798
0.024811
0.024824
0.027667
0.027900
0.027917
0.027931
0.027944
0.027958
0.027972
0.027985
0.027999
0.028012
0.028026
0.053508
0.053736
0.053754
0.053773
0.053787
0.053801
0.053814
0.053828
0.053841
0.053854
0.053867
0.025059
0.025279
0.025297
0.025311
0.025325
0.025338
0.025351
0.025365
0.025378
0.025392
0.025405
0.025008
0.025230
0.025247
0.025262
0.025275
0.025288
0.025301
0.025314
0.025327
0.025341
0.025354
0.025107
0.025319
0.025344
0.025358
0.025372
0.025386
0.025399
0.025413
0.025426
0.025439
0.025452
0.025197
0.025421
0.025437
0.025452
0.025465
0.025478
0.025491
0.025504
0.025517
0.025530
0.025544
0.025276
0.025494
0.025511
0.025526
0.025540
0.025554
0.025568
0.025581
0.025594
0.025607
0.025620
0.024713
0.024932
0.024950
0.024964
0.024977
0.024991
0.025004
0.025018
0.025031
0.025044
0.025058
0.024820
0.025033
0.025059
0.025074
0.025089
0.025102
0.025115
0.025129
0.025142
0.025155
0.025168
0.024791
0.025016
0.025033
0.025047
0.025060
0.025074
0.025087
0.025100
0.025113
0.025130
0.025143
0.025370
0.025592
0.025609
0.025624
0.025637
0.025651
0.025664
0.025677
0.025690
0.025703
0.025716
0.052457
0.052669
0.052695
0.052709
0.052723
0.052736
0.052750
0.052763
0.052776
0.052789
0.052802
0.025598
0.025821
0.025839
0.025853
0.025867
0.025880
0.025893
0.025907
0.025920
0.025933
0.025946
0.026001
0.026223
0.026241
0.026255
0.026269
0.026282
0.026295
0.026308
0.026321
0.026334
0.026347
0.025964
0.026185
0.026202
0.026216
0.026230
0.026243
0.026257
0.026270
0.026283
0.026296
0.026309
0.026422
0.026640
0.026656
0.026671
0.026685
0.026698
0.026711
0.026724
0.026737
0.026750
0.026763
0.027034
0.027256
0.027273
0.027288
0.027303
0.027317
0.027330
0.027343
0.027356
0.027369
0.027382
0.026545
0.026765
0.026782
0.026796
0.026809
0.026822
0.026835
0.026849
0.026861
0.026875
0.026888
0.027137
0.027357
0.027375
0.027389
0.027403
0.027417
0.027430
0.027443
0.027456
0.027469
0.027483
0.026307
0.026531
0.026547
0.026561
0.026575
0.026588
0.026602
0.026615
0.026628
0.026642
0.026655
0.026440
0.026665
0.026682
0.026696
0.026710
0.026724
0.026737
0.026750
0.026763
0.026776
0.026789
0.057279
0.057498
0.057515
0.057529
0.057543
0.057556
0.057569
0.057582
0.057596
0.057609
0.057623
0.027680
0.027908
0.027926
0.027941
0.027955
0.027968
0.027982
0.027995
0.028008
0.028027
0.028039
0.026796
0.027032
0.027049
0.027063
0.027077
0.027090
0.027104
0.027118
0.027133
0.027146
0.027159
0.026578
0.026795
0.026822
0.026836
0.026850
0.026864
0.026877
0.026891
0.026904
0.026917
0.026930
0.028932
0.029227
0.029255
0.029288
0.029311
0.029335
0.029357
0.029379
0.029401
0.029423
0.029444
0.036600
0.036833
0.036850
0.036865
0.036879
0.036892
0.036905
0.036918
0.036932
0.036945
0.036958
0.028738
0.028963
0.028990
0.029004
0.029018
0.029032
0.029046
0.029059
0.029073
0.029086
0.029099
0.026882
0.027117
0.027135
0.027149
0.027163
0.027176
0.027189
0.027203
0.027216
0.027229
0.027242
0.027075
0.027291
0.027317
0.027331
0.027345
0.027358
0.027371
0.027384
0.027397
0.027410
0.027423
0.026156
0.026386
0.026403
0.026417
0.026431
0.026444
0.026458
0.026471
0.026484
0.026497
0.026510
0.057423
0.057655
0.057672
0.057686
0.057700
0.057713
0.057726
0.057739
0.057752
0.057765
0.057778
0.026013
0.026243
0.026260
0.026275
0.026289
0.026302
0.026316
0.026329
0.026342
0.026356
0.026369
0.025493
0.025719
0.025736
0.025751
0.025776
0.025795
0.025810
0.025823
0.025837
0.025850
0.025863
0.025827
0.026050
0.026067
0.026082
0.026096
0.026109
0.026122
0.026135
0.026149
0.026162
0.026175
0.026145
0.026355
0.026381
0.026396
0.026409
0.026423
0.026436
0.026449
0.026466
0.026480
0.026493
0.025807
0.026026
0.026043
0.026057
0.026070
0.026083
0.026097
0.026109
0.026123
0.026135
0.026148
0.025899
0.026121
0.026139
0.026153
0.026166
0.026180
0.026193
0.026206
0.026219
0.026232
0.026245
0.025875
0.026094
0.026111
0.026125
0.026139
0.026152
0.026165
0.026179
0.026191
0.026204
0.026217
0.026294
0.026515
0.026533
0.026547
0.026561
0.026575
0.026588
0.026601
0.026615
0.026628
0.026641
0.027250
0.027470
0.027496
0.027510
0.027524
0.027537
0.027550
0.027563
0.027576
0.027590
0.027603
0.056844
0.057069
0.057087
0.057101
0.057115
0.057132
0.057145
0.057158
0.057172
0.057185
0.057198
0.026731
0.026969
0.026993
0.027015
0.027037
0.027056
0.027075
0.027100
0.027120
0.027139
0.027153
0.027079
0.027290
0.027317
0.027331
0.027344
0.027358
0.027371
0.027384
0.027397
0.027410
0.027423
0.027232
0.027504
0.027545
0.027581
0.027602
0.027638
0.027674
0.027708
0.027742
0.027763
0.027778
0.027843
0.028076
0.028099
0.028123
0.028147
0.028172
0.028195
0.028219
0.028243
0.028266
0.028290
0.026932
0.027156
0.027179
0.027203
0.027227
0.027251
0.027276
0.027301
0.027325
0.027350
0.027374
0.025656
0.025890
0.025922
0.025949
0.025975
0.026000
0.026024
0.026049
0.026073
0.026098
0.026122
0.025863
0.026086
0.026112
0.026137
0.026162
0.026187
0.026211
0.026236
0.026260
0.026285
0.026308
0.024560
0.024785
0.024812
0.024837
0.024862
0.024886
0.024909
0.024934
0.024957
0.024981
0.025005
0.023868
0.024091
0.024120
0.024143
0.024168
0.024194
0.024218
0.024242
0.024267
0.024290
0.024314
0.054739
0.054973
0.055007
0.055032
0.055058
0.055083
0.055107
0.055131
0.055154
0.055179
0.055202
0.024047
0.024279
0.024310
0.024337
0.024363
0.024388
0.024412
0.024436
0.024461
0.024485
0.024509
0.025260
0.025485
0.025505
0.025523
0.025540
0.025557
0.025573
0.025589
0.025605
0.025620
0.025636
0.023887
0.024111
0.024131
0.024150
0.024166
0.024182
0.024198
0.024214
0.024230
0.024245
0.024261
0.024999
0.025212
0.025229
0.025243
0.025257
0.025270
0.025284
0.025297
0.025310
0.025322
0.025335
0.023876
0.024090
0.024107
0.024121
0.024135
0.024150
0.024163
0.024176
0.024190
0.024203
0.024216
0.023668
0.023879
0.023896
0.023910
0.023924
0.023937
0.023951
0.023964
0.023978
0.023990
0.024004
0.023914
0.024132
0.024148
0.024162
0.024176
0.024190
0.024203
0.024217
0.024230
0.024243
0.024256
0.023805
0.024020
0.024036
0.024050
0.024064
0.024077
0.024090
0.024103
0.024116
0.024129
0.024142
0.026006
0.026328
0.026367
0.026401
0.026434
0.026466
0.026499
0.026531
0.026564
0.026595
0.026628
0.058695
0.058925
0.058942
0.058956
0.058969
0.058983
0.058996
0.059010
0.059023
0.059036
0.059049
0.024082
0.024293
0.024319
0.024334
0.024348
0.024362
0.024376
0.024389
0.024402
0.024415
0.024429
0.023835
0.024055
0.024072
0.024087
0.024101
0.024114
0.024127
0.024140
0.024153
0.024169
0.024183
0.024152
0.024373
0.024391
0.024405
0.024420
0.024433
0.024446
0.024460
0.024473
0.024486
0.024499
0.023481
0.023701
0.023718
0.023733
0.023747
0.023761
0.023774
0.023787
0.023800
0.023813
0.023827
0.025785
0.025992
0.026018
0.026033
0.026047
0.026060
0.026073
0.026087
0.026100
0.026113
0.026125
0.022933
0.023153
0.023170
0.023184
0.023198
0.023211
0.023225
0.023238
0.023252
0.023273
0.023293
0.023864
0.024079
0.024096
0.024110
0.024123
0.024136
0.024149
0.024162
0.024175
0.024188
0.024201
0.023859
0.024074
0.024091
0.024106
0.024119
0.024133
0.024146
0.024159
0.024173
0.024185
0.024198
0.023678
0.023889
0.023906
0.023921
0.023934
0.023948
0.023961
0.023974
0.023987
0.024000
0.024013
0.053999
0.054210
0.054227
0.054241
0.054255
0.054268
0.054281
0.054294
0.054308
0.054321
0.054335
0.025611
0.025816
0.025842
0.025857
0.025871
0.025884
0.025898
0.025911
0.025924
0.025937
0.025950
0.025595
0.025802
0.025818
0.025841
0.025855
0.025868
0.025881
0.025894
0.025907
0.025920
0.025934
0.023718
0.023936
0.023954
0.023968
0.023982
0.023995
0.024009
0.024022
0.024035
0.024049
0.024062
0.023725
0.023950
0.023974
0.023998
0.024021
0.024046
0.024071
0.024095
0.024119
0.024144
0.024168
0.024946
0.025173
0.025206
0.025232
0.025258
0.025282
0.025307
0.025330
0.025354
0.025378
0.025402
0.023810
0.024041
0.024076
0.024102
0.024127
0.024151
0.024175
0.024199
0.024225
0.024248
0.024273
0.024401
0.024645
0.024665
0.024679
0.024697
0.024717
0.024740
0.024763
0.024788
0.024811
0.024836
0.023384
0.023610
0.023637
0.023660
0.023685
0.023709
0.023733
0.023758
0.023782
0.023805
0.023829
0.024941
0.025159
0.025187
0.025213
0.025249
0.025274
0.025299
0.025323
0.025347
0.025371
0.025395
0.054424
0.054649
0.054682
0.054707
0.054730
0.054753
0.054779
0.054803
0.054827
0.054851
0.054875
0.024691
0.024935
0.024965
0.024989
0.025014
0.025038
0.025062
0.025086
0.025111
0.025134
0.025158
0.023912
0.024132
0.024157
0.024183
0.024206
0.024231
0.024257
0.024281
0.024309
0.024334
0.024358
0.023851
0.024069
0.024094
0.024120
0.024144
0.024168
0.024192
0.024217
0.024240
0.024264
0.024288
0.024807
0.025036
0.025069
0.025093
0.025119
0.025143
0.025168
0.025193
0.025218
0.025241
0.025265
0.023518
0.023727
0.023764
0.023788
0.023813
0.023837
0.023861
0.023885
0.023910
0.023933
0.023957
0.024227
0.024452
0.024492
0.024516
0.024541
0.024566
0.024590
0.024614
0.024638
0.024662
0.024686
0.023953
0.024176
0.024210
0.024234
0.024259
0.024284
0.024308
0.024333
0.024357
0.024381
0.024405
0.024592
0.024831
0.024862
0.024889
0.024914
0.024940
0.024964
0.024988
0.025013
0.025036
0.025060
0.024253
0.024493
0.024523
0.024552
0.024576
0.024601
0.024626
0.024651
0.024674
0.024698
0.024721
0.056091
0.056318
0.056351
0.056376
0.056400
0.056424
0.056450
0.056473
0.056497
0.056520
0.056543
0.024667
0.024934
0.024975
0.025001
0.025025
0.025051
0.025075
0.025098
0.025122
0.025146
0.025170
0.025414
0.025655
0.025684
0.025711
0.025736
0.025762
0.025787
0.025811
0.025835
0.025857
0.025882
0.024620
0.024871
0.024900
0.024928
0.024955
0.024981
0.025006
0.025031
0.025056
0.025080
0.025104
0.024682
0.024917
0.024955
0.024982
0.025007
0.025031
0.025055
0.025078
0.025102
0.025125
0.025149
0.025484
0.025717
0.025758
0.025783
0.025809
0.025834
0.025858
0.025882
0.025907
0.025930
0.025954
0.024596
0.024815
0.024832
0.024856
0.024869
0.024882
0.024895
0.024908
0.024921
0.024934
0.024947
0.024204
0.024458
0.024476
0.024490
0.024504
0.024518
0.024531
0.024544
0.024558
0.024571
0.024584
0.023698
0.023905
0.023931
0.023945
0.023958
0.023972
0.023985
0.023998
0.024011
0.024024
0.024037
0.024403
0.024629
0.024646
0.024660
0.024674
0.024688
0.024701
0.024715
0.024729
0.024742
0.024755
0.053952
0.054163
0.054188
0.054203
0.054216
0.054230
0.054243
0.054256
0.054269
0.054282
0.054295
0.024697
0.024931
0.024959
0.024973
0.024987
0.025001
0.025014
0.025028
0.025041
0.025054
0.025068
0.023953
0.024176
0.024196
0.024213
0.024235
0.024267
0.024292
0.024308
0.024322
0.024335
0.024348
0.024378
0.024589
0.024615
0.024629
0.024642
0.024656
0.024669
0.024682
0.024694
0.024708
0.024721
0.024464
0.024678
0.024695
0.024710
0.024724
0.024737
0.024750
0.024763
0.024776
0.024789
0.024801
0.024927
0.025126
0.025152
0.025166
0.025180
0.025193
0.025206
0.025219
0.025233
0.025246
0.025260
0.023889
0.024105
0.024122
0.024137
0.024151
0.024164
0.024177
0.024190
0.024204
0.024217
0.024230
0.023631
0.023841
0.023857
0.023872
0.023885
0.023899
0.023912
0.023926
0.023940
0.023953
0.023966
0.023905
0.024120
0.024137
0.024152
0.024165
0.024178
0.024191
0.024204
0.024217
0.024230
0.024243
0.023777
0.023995
0.024012
0.024026
0.024040
0.024053
0.024066
0.024080
0.024093
0.024106
0.024119
0.054604
0.054815
0.054832
0.054847
0.054860
0.054873
0.054886
0.054900
0.054913
0.054926
0.054939
0.023934
0.024148
0.024164
0.024179
0.024193
0.024206
0.024219
0.024233
0.024246
0.024260
0.024272
0.024329
0.024553
0.024577
0.024592
0.024606
0.024619
0.024633
0.024646
0.024659
0.024677
0.024691
0.024031
0.024256
0.024274
0.024288
0.024302
0.024315
0.024329
0.024342
0.024356
0.024369
0.024383
0.025251
0.025484
0.025517
0.025542
0.025568
0.025593
0.025617
0.025641
0.025664
0.025689
0.025718
0.025117
0.025346
0.025379
0.025406
0.025431
0.025456
0.025480
0.025504
0.025529
0.025552
0.025576
0.023859
0.024071
0.024108
0.024132
0.024158
0.024181
0.024205
0.024229
0.024252
0.024277
0.024301
0.023633
0.023851
0.023874
0.023899
0.023924
0.023949
0.023974
0.023999
0.024024
0.024048
0.024072
0.024504
0.024727
0.024758
0.024785
0.024812
0.024837
0.024861
0.024885
0.024909
0.024934
0.024958
0.024442
0.024680
0.024711
0.024738
0.024764
0.024788
0.024813
0.024838
0.024862
0.024887
0.024911
0.056871
0.057100
0.057133
0.057159
0.057185
0.057210
0.057235
0.057260
0.057284
0.057308
0.057332
0.025734
0.025968
0.026001
0.026026
0.026053
0.026078
0.026102
0.026126
0.026150
0.026174
0.026198
0.024016
0.024240
0.024271
0.024294
0.024319
0.024343
0.024367
0.024391
0.024415
0.024442
0.024468
0.024654
0.024881
0.024911
0.024935
0.024961
0.024984
0.025008
0.025033
0.025057
0.025080
0.025105
0.023804
0.024029
0.024061
0.024085
0.024110
0.024133
0.024157
0.024180
0.024204
0.024227
0.024250
0.024170
0.024403
0.024432
0.024461
0.024486
0.024511
0.024536
0.024560
0.024584
0.024608
0.024632
0.024419
0.024625
0.024659
0.024684
0.024710
0.024734
0.024758
0.024782
0.024806
0.024830
0.024855
0.024518
0.024739
0.024767
0.024792
0.024817
0.024843
0.024867
0.024891
0.024915
0.024939
0.024962
0.023915
0.024137
0.024167
0.024191
0.024216
0.024240
0.024265
0.024288
0.024313
0.024337
0.024361
0.024204
0.024443
0.024473
0.024501
0.024528
0.024554
0.024579
0.024603
0.024627
0.024651
0.024675
0.055253
0.055485
0.055517
0.055543
0.055570
0.055595
0.055619
0.055643
0.055667
0.055691
0.055715
0.024770
0.025032
0.025063
0.025086
0.025111
0.025135
0.025159
0.025183
0.025207
0.025231
0.025255
0.023783
0.024010
0.024040
0.024067
0.024093
0.024119
0.024144
0.024168
0.024192
0.024216
0.024240
0.024554
0.024784
0.024813
0.024842
0.024867
0.024892
0.024917
0.024941
0.024965
0.024990
0.025013
0.024685
0.024905
0.024930
0.024955
0.024981
0.025004
0.025029
0.025053
0.025076
0.025101
0.025126
0.024722
0.024942
0.024971
0.024996
0.025021
0.025045
0.025070
0.025094
0.025118
0.025142
0.025166
0.024073
0.024304
0.024336
0.024363
0.024387
0.024412
0.024436
0.024460
0.024484
0.024507
0.024532
0.029825
0.030056
0.030087
0.030113
0.030139
0.030164
0.030188
0.030212
0.030237
0.030262
0.030285
0.024542
0.024761
0.024781
0.024798
0.024814
0.024830
0.024846
0.024861
0.024877
0.024893
0.024909
0.024947
0.025165
0.025185
0.025203
0.025219
0.025234
0.025251
0.025267
0.025282
0.025297
0.025313
0.054738
0.054950
0.054967
0.054981
0.054995
0.055008
0.055022
0.055035
0.055048
0.055061
0.055075
0.025262
0.025486
0.025504
0.025519
0.025533
0.025546
0.025559
0.025572
0.025585
0.025598
0.025611
0.025057
0.025262
0.025288
0.025302
0.025315
0.025328
0.025341
0.025354
0.025368
0.025381
0.025394
0.025518
0.025739
0.025756
0.025770
0.025783
0.025796
0.025810
0.025822
0.025836
0.025848
0.025861
0.023777
0.023994
0.024011
0.024025
0.024039
0.024052
0.024065
0.024079
0.024092
0.024106
0.024119
0.025652
0.025873
0.025890
0.025904
0.025918
0.025932
0.025946
0.025959
0.025973
0.025985
0.025999
0.026741
0.027002
0.027021
0.027035
0.027049
0.027063
0.027077
0.027090
0.027103
0.027117
0.027129
0.026683
0.026901
0.026919
0.026933
0.026947
0.026960
0.026973
0.026987
0.026999
0.027012
0.027025
0.025018
0.025239
0.025256
0.025270
0.025284
0.025301
0.025322
0.025343
0.025363
0.025383
0.025403
0.024233
0.024446
0.024463
0.024477
0.024490
0.024503
0.024517
0.024530
0.024543
0.024556
0.024569
0.055007
0.055221
0.055238
0.055252
0.055265
0.055279
0.055293
0.055306
0.055319
0.055332
0.055345
0.026471
0.026691
0.026708
0.026723
0.026737
0.026751
0.026764
0.026778
0.026791
0.026805
0.026818
0.026910
0.027130
0.027147
0.027161
0.027175
0.027189
0.027202
0.027215
0.027229
0.027242
0.027255
0.027346
0.027580
0.027598
0.027613
0.027627
0.027640
0.027653
0.027666
0.027679
0.027693
0.027706
0.026366
0.026580
0.026597
0.026610
0.026633
0.026647
0.026660
0.026673
0.026686
0.026699
0.026712
0.026277
0.026503
0.026521
0.026536
0.026550
0.026563
0.026577
0.026590
0.026603
0.026616
0.026629
0.026030
0.026255
0.026284
0.026306
0.026321
0.026335
0.026352
0.026366
0.026379
0.026393
0.026406
0.026940
0.027161
0.027177
0.027192
0.027205
0.027219
0.027232
0.027245
0.027258
0.027271
0.027284
0.026576
0.026800
0.026817
0.026831
0.026844
0.026857
0.026870
0.026883
0.026896
0.026909
0.026922
0.025928
0.026149
0.026166
0.026180
0.026194
0.026208
0.026222
0.026235
0.026248
0.026261
0.026275
0.057845
0.058069
0.058085
0.058100
0.058113
0.058127
0.058140
0.058153
0.058166
0.058179
0.058192
0.027166
0.027424
0.027451
0.027466
0.027480
0.027493
0.027507
0.027520
0.027533
0.027546
0.027560
0.026247
0.026479
0.026496
0.026510
0.026524
0.026538
0.026551
0.026564
0.026577
0.026590
0.026603
0.028103
0.028331
0.028348
0.028363
0.028376
0.028390
0.028403
0.028416
0.028430
0.028444
0.028457
0.027037
0.027261
0.027279
0.027293
0.027307
0.027320
0.027334
0.027347
0.027360
0.027373
0.027386
0.027517
0.027736
0.027754
0.027768
0.027782
0.027795
0.027808
0.027822
0.027836
0.027849
0.027863
0.026332
0.026554
0.026572
0.026586
0.026600
0.026613
0.026626
0.026639
0.026652
0.026665
0.026679
0.026445
0.026653
0.026680
0.026694
0.026707
0.026721
0.026734
0.026748
0.026762
0.026775
0.026788
0.026428
0.026646
0.026663
0.026678
0.026691
0.026705
0.026718
0.026731
0.026744
0.026757
0.026770
0.024673
0.024893
0.024910
0.024925
0.024938
0.024951
0.024965
0.024979
0.024992
0.025005
0.025018
0.055286
0.055493
0.055519
0.055534
0.055547
0.055561
0.055574
0.055587
0.055600
0.055613
0.055626
0.023877
0.024091
0.024108
0.024122
0.024137
0.024150
0.024163
0.024176
0.024190
0.024203
0.024216
0.024172
0.024383
0.024400
0.024414
0.024428
0.024444
0.024457
0.024470
0.024483
0.024496
0.024509
0.023937
0.024142
0.024167
0.024182
0.024195
0.024209
0.024223
0.024236
0.024249
0.024262
0.024276
0.024410
0.024631
0.024648
0.024663
