125	2	71	220
125	4	69	215
126	4	69	217
127	4	70	219
128	4	71	221
129	4	71	223
131	4	72	225
132	4	73	227
133	4	73	229
134	4	74	231
136	4	75	234
137	4	75	236
121	2	69	215
120	1	69	215
120	1	69	215
119	1	69	215
119	1	69	215
119	1	69	215
118	0	69	215
118	0	69	215
118	0	69	215
117	0	69	215
117	0	69	215
101	0	72	224
100	0	72	224
99	0	72	224
97	0	72	225
96	0	72	225
95	0	72	226
93	-1	72	226
92	-1	73	227
91	-1	73	227
89	-1	73	228
88	-1	73	228
81	2	72	224
79	1	72	224
78	1	72	224
76	1	72	224
74	1	72	225
73	1	72	225
71	2	72	225
69	2	72	225
68	2	72	226
66	2	72	226
64	2	72	226
64	2	70	219
62	2	70	219
60	2	69	219
59	2	69	218
57	2	69	218
55	2	69	218
54	2	69	218
52	2	69	218
51	2	69	217
49	2	69	217
47	2	69	217
63	-1	72	224
61	0	71	223
60	-1	71	223
60	-1	72	224
59	-1	72	224
58	-1	72	224
57	-1	72	224
57	-1	72	224
56	-2	72	225
55	-2	72	225
55	-2	72	225
61	7	72	224
60	6	72	224
59	7	72	224
59	7	72	224
59	7	72	224
59	8	72	224
58	8	72	224
58	9	72	224
58	9	72	224
57	9	72	224
57	10	72	224
73	7	72	224
72	7	72	224
73	7	72	224
73	7	72	224
74	7	72	224
74	8	72	224
75	8	72	224
76	8	72	224
76	8	72	224
77	8	72	224
77	8	72	224
92	17	72	224
92	17	72	224
93	17	72	224
95	18	72	224
96	19	72	224
97	19	72	224
99	20	72	224
100	20	72	224
101	21	72	224
103	22	72	224
104	22	72	224
99	10	72	224
100	10	72	224
101	10	72	224
102	10	72	224
103	10	72	224
104	10	72	224
105	9	72	224
106	9	72	224
106	9	72	224
107	9	72	224
108	9	72	224
111	24	72	224
111	23	72	224
112	24	72	224
113	25	72	224
114	25	72	224
115	26	72	224
117	27	72	224
118	27	72	224
119	28	72	224
120	29	72	224
121	30	72	224
150	55	70	219
150	55	70	219
153	57	69	218
156	59	69	218
158	61	69	218
161	63	69	217
163	65	69	217
166	67	69	217
168	69	69	217
171	71	69	216
174	73	69	216
149	-15	72	224
151	-12	71	223
152	-15	71	223
153	-18	72	224
154	-21	72	224
155	-24	72	224
156	-28	72	224
157	-31	72	224
158	-34	72	224
159	-37	72	224
160	-40	72	225
132	-27	72	224
133	-30	72	224
132	-32	72	224
131	-34	72	224
131	-36	72	224
130	-38	72	224
129	-40	72	224
129	-42	72	224
128	-44	72	224
128	-47	72	224
127	-49	72	224
113	16	69	215
112	13	69	215
110	15	68	214
109	17	68	214
108	18	68	213
106	20	68	213
105	21	68	212
104	23	68	212
102	25	67	211
101	26	67	211
99	28	67	210
160	3	70	219
158	4	69	218
160	4	69	218
162	4	69	218
164	4	69	218
166	5	69	218
168	5	69	218
170	5	69	218
172	5	69	218
174	5	69	218
176	5	69	218
195	27	68	211
197	27	67	211
199	28	67	210
202	29	67	210
205	30	67	209
208	32	67	209
211	33	67	208
214	34	67	208
217	36	67	208
220	37	67	207
223	38	67	207
200	-5	69	215
202	-3	68	214
204	-4	68	214
205	-6	68	214
207	-7	68	214
208	-8	68	214
210	-9	68	214
211	-10	68	214
213	-12	68	214
214	-13	68	214
216	-14	68	214
234	25	66	206
235	23	66	206
237	24	65	205
240	25	65	205
242	26	65	204
244	27	65	204
247	29	65	203
249	30	65	203
252	31	64	202
254	32	64	202
256	33	64	201
264	17	64	198
266	18	63	197
269	18	63	196
271	18	63	196
274	18	63	195
276	18	63	194
279	18	62	194
282	18	62	193
284	18	62	192
287	18	62	192
290	18	62	191
287	25	61	191
289	25	60	190
291	25	60	189
294	25	60	189
296	26	60	188
298	26	59	187
301	27	59	187
303	27	59	186
305	28	59	185
308	28	58	185
310	28	58	184
302	23	59	183
304	23	58	182
306	23	58	181
307	23	58	180
309	23	58	180
311	23	57	179
312	23	57	178
314	23	57	178
316	23	57	177
318	24	57	176
319	24	56	176
295	21	58	180
296	21	57	179
296	20	57	178
297	20	57	178
297	20	57	177
297	20	57	177
297	20	57	177
298	20	56	176
298	20	56	176
298	20	56	175
298	20	56	175
279	30	57	176
279	29	56	175
278	30	56	175
277	30	56	174
276	31	56	174
275	31	56	174
274	32	56	173
274	32	56	173
273	33	56	172
272	33	56	172
271	33	55	172
270	24	57	176
269	24	56	175
268	24	56	175
267	24	56	175
266	24	56	175
265	23	56	175
264	23	56	174
263	23	56	174
262	23	56	174
261	23	56	174
261	23	56	174
282	39	54	169
281	38	53	168
281	39	53	168
281	40	53	167
282	41	53	167
282	41	53	167
282	42	53	166
282	43	52	166
283	44	52	165
283	44	52	165
283	45	52	164
279	51	55	173
279	51	54	172
279	52	54	172
279	53	54	172
279	54	54	172
279	55	54	172
279	56	54	172
279	57	54	172
279	58	54	172
279	59	54	172
279	60	54	172
277	55	53	166
277	56	52	166
276	56	52	165
276	57	52	165
276	57	52	164
276	58	52	164
276	59	52	164
276	59	52	163
276	60	52	163
276	61	52	163
275	61	51	162
267	57	53	166
266	57	52	165
266	57	52	165
265	58	52	165
265	58	52	165
264	58	52	165
263	59	52	164
263	59	52	164
262	59	52	164
262	60	52	164
261	60	52	164
257	53	53	166
256	53	52	165
255	53	52	165
254	53	52	165
253	53	52	165
253	52	52	165
252	52	52	165
251	52	52	165
250	52	52	165
249	52	52	165
249	52	52	165
254	53	52	163
253	52	51	162
252	52	51	162
252	52	51	162
251	52	51	162
251	52	51	162
250	52	51	162
250	52	51	161
249	52	51	161
249	52	51	161
248	52	51	161
255	52	51	159
254	51	50	158
254	51	50	158
254	51	50	158
254	51	50	157
254	51	50	157
253	51	50	157
253	51	50	157
253	51	50	156
253	51	50	156
253	51	50	156
254	50	53	166
253	49	52	165
253	49	52	165
253	49	53	166
253	49	53	166
253	49	53	166
253	49	53	167
253	49	53	167
253	48	53	167
253	48	53	167
253	48	53	168
251	51	52	163
250	50	52	163
250	50	52	163
250	50	52	163
250	50	52	163
250	50	52	163
249	50	51	163
249	50	51	163
249	50	51	163
249	50	51	163
249	50	51	162
252	49	52	163
251	48	51	162
251	48	51	162
251	48	51	162
251	48	51	162
251	48	51	162
251	48	51	162
251	48	51	162
251	48	51	162
251	48	51	162
251	48	51	162
245	43	54	169
244	42	53	168
244	42	54	169
244	42	54	169
243	41	54	169
243	41	54	170
243	41	54	170
242	40	54	170
242	40	54	171
241	39	54	171
241	39	54	171
242	43	52	163
241	42	52	163
241	42	52	163
240	42	51	162
240	42	51	162
240	41	51	162
239	41	51	162
239	41	51	162
239	41	51	162
238	41	51	161
238	41	51	161
214	40	53	166
213	39	52	165
211	39	52	165
210	39	52	165
208	39	53	166
206	38	53	166
205	38	53	166
203	38	53	166
201	38	53	166
200	38	53	166
198	37	53	166
213	36	55	173
211	35	55	173
210	35	55	173
209	35	55	173
208	34	55	174
208	34	55	174
207	34	55	175
206	33	55	175
205	33	55	176
205	33	56	176
204	32	56	176
214	42	54	169
213	41	54	169
213	41	54	169
212	42	54	169
212	42	54	169
212	42	54	169
212	42	54	169
212	42	54	169
211	43	54	169
211	43	54	169
211	43	54	169
217	39	55	173
216	39	54	172
216	39	55	173
217	39	55	173
217	39	55	173
217	38	55	173
217	38	55	173
217	38	55	174
217	38	55	174
217	38	55	174
217	38	55	174
220	46	53	166
220	45	53	166
220	46	52	165
220	46	52	165
220	46	52	165
221	47	52	164
221	47	52	164
221	48	52	164
221	48	52	164
221	48	52	163
222	49	52	163
214	48	55	173
214	48	54	172
213	48	54	172
213	48	55	173
213	49	55	173
213	49	55	173
213	49	55	173
212	49	55	174
212	50	55	174
212	50	55	174
212	50	55	174
224	46	53	166
223	46	53	166
224	46	52	165
224	46	52	165
225	46	52	165
225	46	52	165
225	46	52	164
226	46	52	164
226	46	52	164
227	46	52	164
227	46	52	163
227	51	51	159
227	50	50	158
227	51	50	158
228	51	50	157
228	51	50	157
228	52	50	156
229	52	50	156
229	52	50	155
230	52	49	155
230	53	49	154
230	53	49	154
224	51	53	166
224	51	52	165
224	51	52	165
224	51	52	165
224	51	52	165
224	51	53	166
224	51	53	166
224	51	53	166
224	52	53	166
224	52	53	166
224	52	53	167
227	28	54	169
226	28	54	169
227	26	54	169
227	25	54	169
227	24	54	169
227	23	54	170
227	21	54	170
227	20	54	170
227	19	54	171
228	18	54	171
228	16	54	171
235	43	57	176
235	41	57	176
235	42	57	176
236	42	57	177
236	42	57	177
237	42	57	178
237	43	58	178
238	43	58	179
238	43	58	179
239	43	58	180
239	44	58	180
241	44	54	169
241	44	54	169
242	44	54	169
242	44	54	169
243	45	53	168
243	45	53	168
244	45	53	168
244	45	53	168
245	46	53	168
245	46	53	168
246	46	53	167
254	44	57	176
254	44	56	175
255	44	57	176
256	44	57	176
257	44	57	176
258	44	57	176
259	44	57	177
260	44	57	177
261	44	57	177
262	45	57	178
262	45	57	178
225	20	54	169
225	20	54	169
224	18	54	169
223	17	53	168
222	16	53	168
221	14	53	168
219	13	53	168
218	12	53	167
217	10	53	167
216	9	53	167
214	8	53	167
225	24	54	169
223	22	53	168
223	22	53	168
222	21	53	168
221	21	53	168
221	21	53	168
220	20	53	168
220	20	53	167
219	20	53	167
218	19	53	167
218	19	53	167
263	46	54	169
262	45	53	168
264	46	53	168
266	47	53	168
268	49	53	168
270	50	53	168
271	51	53	168
273	52	53	168
275	53	53	168
277	54	53	168
279	55	53	168
225	53	55	173
226	54	54	172
225	55	55	173
224	55	55	173
223	56	55	173
222	57	55	173
220	58	55	174
219	59	55	174
218	60	55	174
217	61	55	174
215	62	55	174
207	53	54	169
205	53	54	169
204	54	54	169
202	54	53	168
200	54	53	168
199	55	53	168
197	55	53	168
195	55	53	168
194	56	53	168
192	56	53	168
190	57	53	168
207	58	53	166
205	58	52	165
204	58	52	165
204	59	52	165
203	59	52	165
202	59	52	164
202	60	52	164
201	60	52	164
200	60	52	164
200	61	52	163
199	61	52	163
211	37	53	166
210	37	52	165
210	36	52	165
210	35	52	165
210	34	52	165
210	33	52	165
210	32	52	165
210	31	52	165
210	30	52	165
210	29	52	164
210	28	52	164
248	36	54	169
247	34	53	168
250	34	54	169
252	33	54	169
254	33	54	169
256	32	54	169
258	32	54	169
260	31	54	169
262	31	54	169
264	30	54	169
266	30	54	170
236	38	57	176
238	37	57	176
238	37	57	176
238	37	57	177
238	37	57	177
239	37	57	177
239	37	57	178
239	37	58	178
239	36	58	179
240	36	58	179
240	36	58	180
235	36	57	176
235	35	57	176
235	35	57	176
235	35	57	176
235	35	57	177
235	35	57	177
235	35	57	177
234	35	57	177
234	35	57	177
234	35	57	178
234	34	57	178
234	38	59	183
233	37	59	183
233	37	59	183
233	38	59	184
233	38	59	184
233	38	59	184
233	38	59	185
233	38	59	185
233	38	60	186
233	38	60	186
233	38	60	187
233	47	58	180
232	47	58	180
232	47	58	180
232	48	58	180
232	48	58	180
232	49	58	180
232	49	58	180
232	50	58	180
232	50	58	180
232	51	58	180
232	51	58	180
203	6	58	180
202	6	58	180
201	4	57	180
199	2	57	179
197	0	57	179
196	-1	57	179
194	-3	57	179
192	-5	57	179
191	-7	57	179
189	-9	57	179
187	-11	57	179
182	-6	55	173
180	-8	54	172
178	-9	54	172
176	-11	54	172
174	-12	54	171
172	-14	54	171
170	-16	54	171
168	-17	53	170
166	-19	53	170
164	-20	53	169
163	-22	53	169
172	-6	57	176
170	-7	56	175
168	-8	56	175
167	-8	56	175
166	-9	56	175
164	-10	56	175
163	-10	57	175
162	-11	57	175
160	-11	57	175
159	-12	57	175
158	-13	57	175
162	3	59	183
160	2	59	182
159	2	59	183
158	3	59	183
157	3	59	184
156	3	59	184
155	3	59	185
154	4	59	185
153	4	59	185
152	4	60	186
151	5	60	186
155	14	59	183
153	14	59	183
153	15	59	183
152	15	59	183
151	16	59	183
150	17	59	184
150	18	59	184
149	19	59	184
148	19	59	184
147	20	59	184
146	21	59	185
157	16	57	176
156	16	57	176
156	17	56	175
155	17	56	175
155	18	56	175
155	18	56	174
155	19	56	174
155	19	56	174
154	19	56	173
154	20	56	173
154	20	56	173
160	7	54	169
159	7	53	168
159	7	53	168
160	6	53	167
160	6	53	167
160	6	53	166
160	5	52	165
160	5	52	165
160	5	52	164
160	4	52	164
161	4	52	163
149	7	53	166
149	6	52	165
148	6	52	165
148	6	52	164
147	6	52	164
146	5	52	163
146	5	52	163
145	5	51	163
145	5	51	162
144	5	51	162
144	5	51	161
139	-5	51	159
138	-5	50	158
137	-5	50	158
136	-6	50	157
136	-7	50	157
135	-8	50	156
134	-8	50	155
133	-9	49	155
132	-10	49	154
132	-10	49	154
131	-11	49	153
149	-2	50	156
148	-2	49	155
148	-2	49	155
148	-3	49	154
148	-3	49	154
149	-3	49	153
149	-3	49	153
149	-3	49	153
149	-3	48	152
150	-3	48	152
150	-4	48	152
153	-1	49	153
153	-1	48	152
153	-1	48	152
153	-1	48	152
154	-1	48	151
154	-1	48	151
155	0	48	151
155	0	48	150
155	0	48	150
156	0	48	150
156	0	47	149
155	5	51	159
155	5	50	158
155	5	50	158
155	5	51	159
156	6	51	159
156	6	51	159
156	6	51	159
156	7	51	159
157	7	51	160
157	7	51	160
157	8	51	160
76	29	53	166
76	29	53	166
72	30	53	166
67	32	53	167
63	33	53	167
59	35	53	168
54	36	53	168
50	38	53	169
46	39	54	169
41	41	54	170
37	42	54	170
46	31	54	169
41	32	54	169
38	33	54	169
34	34	54	170
30	34	54	170
27	35	54	171
23	36	54	171
20	37	54	171
16	37	54	172
12	38	55	172
9	39	55	172
7	30	57	176
3	30	57	176
0	30	57	176
-3	31	57	177
-7	31	57	177
-10	31	57	178
-14	31	58	179
-17	31	58	179
-21	32	58	180
-24	32	58	180
-28	32	59	181
-7	35	59	183
-10	35	59	183
-12	35	59	184
-14	35	59	184
-16	36	59	185
-19	36	60	185
-21	36	60	186
-23	37	60	187
-25	37	60	187
-27	37	60	188
-29	38	60	188
-14	37	61	191
-16	37	61	191
-17	37	61	192
-18	37	61	192
-19	38	61	193
-20	38	61	194
-21	38	62	195
-23	38	62	195
-24	39	62	196
-25	39	62	197
-26	39	62	197
-21	40	64	198
-22	40	64	198
-22	40	64	199
-23	40	64	200
-24	41	64	200
-25	41	65	201
-26	41	65	201
-26	41	65	202
-27	42	65	203
-28	42	66	203
-29	42	66	204
-10	67	62	195
-10	67	62	195
-10	68	62	195
-10	70	62	195
-9	72	62	195
-9	73	62	196
-9	75	62	196
-8	76	62	196
-8	78	62	196
-8	80	62	196
-7	81	62	196
-3	67	60	187
-2	68	59	187
-2	69	59	186
-1	70	59	186
0	70	59	185
0	71	59	185
0	72	59	184
0	72	59	184
1	73	59	184
1	74	58	183
2	74	58	183
9	60	61	191
9	60	60	190
10	60	60	190
11	60	60	190
12	60	60	190
13	60	60	190
14	59	60	190
15	59	60	190
15	59	60	190
16	59	60	190
17	59	60	190
112	7	64	198
112	6	63	198
118	3	64	198
125	0	64	198
131	-2	64	199
137	-5	64	199
143	-8	64	200
149	-11	65	200
155	-14	65	200
161	-17	65	201
167	-20	65	201
202	22	66	206
208	18	66	206
215	18	66	207
223	17	66	207
231	17	66	208
238	16	66	208
246	16	67	209
254	15	67	210
261	15	67	210
269	14	67	211
276	14	67	212
219	30	66	206
226	29	66	206
230	29	66	206
234	30	66	207
238	30	66	207
242	31	66	207
246	31	66	207
250	31	66	208
254	32	66	208
258	32	66	208
262	32	66	208
215	25	69	215
219	25	69	215
220	25	69	215
221	25	69	216
222	25	69	216
223	25	69	217
224	25	70	218
225	24	70	218
226	24	70	219
228	24	70	219
229	24	70	220
221	7	70	219
222	6	70	219
222	5	70	220
223	4	70	220
223	3	70	220
224	2	70	221
225	1	70	221
225	0	71	222
226	0	71	222
227	-1	71	223
227	-2	71	223
223	-24	72	223
223	-25	72	223
223	-27	72	223
224	-29	72	224
224	-31	72	224
224	-33	72	225
225	-35	72	225
225	-38	73	225
225	-40	73	226
226	-42	73	226
226	-44	73	227
200	-3	72	223
200	-5	72	223
199	-4	72	223
197	-4	72	223
196	-4	72	223
195	-4	72	224
194	-3	72	224
193	-3	72	224
192	-3	72	224
190	-3	72	224
189	-2	72	224
140	-1	72	224
138	0	72	224
134	0	72	224
131	0	72	224
127	0	72	224
123	0	72	224
119	0	72	224
115	1	72	224
111	1	72	224
107	2	72	224
104	2	72	225
77	-6	72	224
73	-5	72	224
67	-5	72	224
62	-5	72	224
57	-6	72	224
52	-6	72	224
47	-6	72	224
42	-6	72	224
37	-6	72	224
31	-6	72	224
26	-6	72	224
20	-6	72	224
14	-6	72	224
9	-6	72	224
4	-6	72	224
0	-6	72	224
-6	-6	72	224
-11	-6	72	224
-16	-6	72	224
-21	-6	72	224
-27	-6	72	224
-32	-6	72	224
22	-11	72	224
16	-11	72	224
14	-11	72	224
12	-11	72	224
10	-11	72	224
8	-12	72	224
7	-12	72	224
5	-12	72	224
3	-13	72	224
1	-13	72	224
0	-13	72	224
46	-4	72	224
44	-4	72	224
44	-4	72	224
45	-3	72	224
46	-3	72	224
47	-3	72	224
47	-3	72	224
48	-2	72	224
49	-2	72	224
50	-2	72	224
50	-1	72	224
79	-2	72	224
79	-1	72	224
82	-1	72	224
84	-1	72	224
86	-1	72	224
88	0	72	224
91	0	72	224
93	0	72	224
95	0	72	224
97	0	72	224
100	0	72	224
109	-2	72	224
111	-1	72	224
113	-1	72	224
116	-1	72	224
119	-1	72	224
121	-1	72	224
124	-1	72	224
127	-1	72	224
129	-1	72	224
132	-1	72	224
135	0	72	224
123	11	72	224
125	11	71	224
127	11	71	224
129	12	71	224
131	13	71	224
132	14	71	224
134	14	71	224
136	15	71	224
138	16	71	224
140	17	71	224
142	17	71	224
129	18	69	215
130	18	69	215
131	19	68	214
132	20	68	214
133	20	68	213
134	21	68	213
135	22	68	212
136	23	68	212
137	23	67	211
138	24	67	211
139	25	67	210
139	8	70	219
139	8	69	218
140	8	69	218
141	8	69	218
142	7	69	218
143	7	69	218
144	7	69	218
145	7	69	218
146	6	69	218
147	6	69	218
148	6	69	218
152	0	72	224
152	0	71	223
153	0	72	224
155	-1	72	224
156	-2	72	224
157	-2	72	225
158	-3	72	225
159	-3	72	225
160	-4	72	226
161	-5	72	226
162	-5	72	226
171	0	72	224
172	0	72	224
173	0	72	224
175	-1	72	224
176	-1	72	224
177	-1	72	224
179	-1	72	224
180	-2	72	225
182	-2	72	225
183	-2	72	225
185	-2	72	225
183	3	70	219
184	2	70	219
185	2	69	218
187	2	69	218
188	3	69	218
189	3	69	218
190	3	69	217
192	3	69	217
193	3	69	217
194	3	69	217
195	3	69	217
182	1	72	224
183	1	71	223
183	1	71	223
184	0	72	224
184	0	72	224
184	0	72	224
185	0	72	224
185	0	72	224
186	0	72	224
186	0	72	225
187	0	72	225
182	3	72	224
182	2	72	224
182	3	72	224
182	3	72	224
182	3	72	224
182	3	72	224
183	3	72	224
183	3	72	224
183	3	72	224
183	3	72	224
183	3	72	224
183	5	70	219
183	5	70	219
183	5	69	218
183	5	69	218
183	5	69	218
183	5	69	218
183	5	69	217
183	5	69	217
183	6	69	217
183	6	69	217
183	6	69	216
188	5	69	215
188	5	68	214
188	5	68	214
188	5	68	214
189	5	68	213
189	5	68	213
189	5	68	213
189	5	68	212
190	5	68	212
190	5	68	212
190	5	67	211
185	8	69	215
185	8	68	214
185	8	68	214
185	8	68	214
185	8	68	214
185	8	68	214
185	8	68	213
185	9	68	213
185	9	68	213
185	9	68	213
185	9	68	213
187	7	69	215
186	7	68	214
187	7	68	214
187	7	68	214
187	7	68	214
187	7	68	214
187	7	68	214
187	7	68	214
187	7	68	214
187	7	68	214
187	7	68	214
186	12	66	206
186	12	65	205
186	12	65	205
186	12	65	204
186	12	65	204
186	13	65	203
185	13	65	203
185	13	64	202
185	13	64	202
185	14	64	201
185	14	64	201
185	14	65	202
184	14	64	201
184	14	64	201
184	14	64	200
184	14	64	200
184	15	64	199
184	15	64	199
184	15	64	198
184	15	63	198
184	16	63	197
184	16	63	197
186	12	68	211
185	12	67	210
185	12	67	210
185	12	68	211
186	12	68	211
186	12	68	211
186	12	68	212
186	12	68	212
186	12	68	212
186	12	68	213
186	12	68	213
185	9	69	215
185	8	69	215
184	8	69	215
184	8	69	216
184	8	69	216
184	8	69	216
184	8	69	217
184	7	69	217
184	7	69	218
184	7	70	218
184	7	70	218
187	12	69	215
186	11	69	215
187	11	69	215
187	11	69	215
187	12	69	215
187	12	69	216
187	12	69	216
187	12	69	216
187	12	69	216
187	12	69	216
187	12	69	216
189	11	69	215
189	11	69	215
189	11	69	215
189	11	69	215
189	11	69	215
189	11	69	215
189	11	69	215
190	11	69	215
190	11	69	215
190	11	69	215
190	11	69	215
190	11	68	211
190	10	68	211
190	10	67	210
190	10	67	210
190	10	67	210
190	10	67	210
190	10	67	210
190	10	67	209
190	10	67	209
191	10	67	209
191	10	67	209
187	9	69	215
187	8	68	214
186	8	68	214
186	8	69	215
186	8	69	215
186	8	69	215
186	8	69	215
186	8	69	215
186	8	69	215
186	8	69	215
186	7	69	215
188	11	68	211
187	10	68	211
187	10	67	210
187	11	67	210
187	11	67	210
187	11	67	210
187	11	67	210
187	11	67	210
187	11	67	210
187	11	67	209
187	11	67	209
190	11	68	211
189	11	67	210
190	11	67	210
190	11	67	210
190	11	67	210
190	11	67	210
190	11	67	210
190	11	67	210
190	11	67	210
190	11	67	210
191	11	67	210
196	9	68	211
196	9	67	210
196	8	67	210
196	8	67	210
197	8	67	210
197	8	67	210
198	8	67	210
198	8	67	210
198	8	67	210
199	8	67	210
199	8	67	210
201	3	70	219
201	2	69	218
201	2	70	219
202	2	70	219
202	1	70	220
203	1	70	220
203	1	70	221
204	0	70	221
204	0	70	222
204	0	70	222
205	0	70	222
207	3	69	215
207	2	69	215
207	2	69	215
208	2	69	215
208	2	69	215
209	1	69	215
209	1	69	215
210	1	69	215
211	1	69	215
211	1	69	215
212	1	69	215
211	1	69	215
211	0	68	214
211	0	68	214
212	0	68	214
212	0	68	214
213	0	68	214
213	0	68	214
214	0	68	214
214	0	68	214
214	0	68	214
215	0	68	214
216	2	72	224
216	1	71	223
216	1	72	224
217	1	72	224
217	1	72	225
218	1	72	225
218	1	72	226
219	1	72	226
219	1	73	227
219	1	73	227
220	1	73	228
216	2	72	224
216	1	72	224
216	1	72	224
216	2	72	224
216	2	72	225
217	2	72	225
217	2	72	225
217	2	72	225
217	2	72	226
217	2	72	226
217	2	72	226
202	4	72	224
202	4	72	224
201	4	72	224
200	4	72	224
200	4	72	224
199	4	72	224
198	4	72	224
197	4	72	224
197	4	72	224
196	4	72	224
195	5	72	224
194	8	69	215
193	8	69	215
192	8	68	214
191	8	68	214
190	8	68	213
190	9	68	213
189	9	68	212
188	9	68	212
187	10	67	211
187	10	67	211
186	10	67	210
193	2	72	224
192	2	71	223
191	2	71	223
191	1	72	224
191	1	72	224
190	1	72	224
190	1	72	224
190	0	72	225
189	0	72	225
189	0	72	225
188	0	72	226
193	0	72	224
192	0	72	224
192	0	72	224
192	0	72	224
192	0	72	224
192	-1	72	224
192	-1	72	225
191	-1	72	225
191	-1	72	225
191	-2	72	225
191	-2	72	225
194	0	69	215
193	0	69	215
193	0	68	214
193	0	68	214
193	0	68	213
193	0	68	213
193	0	68	212
194	0	68	212
194	0	68	212
194	0	67	211
194	-1	67	211
191	5	66	206
191	4	65	205
190	5	65	204
190	5	65	204
190	5	65	203
190	5	64	202
190	6	64	202
190	6	64	201
189	6	64	200
189	6	63	199
189	7	63	199
206	27	69	215
205	27	68	214
206	28	68	214
207	29	68	214
208	31	68	214
208	32	69	215
209	33	69	215
210	35	69	215
211	36	69	215
211	37	69	215
212	39	69	216
183	38	72	223
183	39	72	223
182	40	72	223
181	41	72	224
180	42	72	224
180	44	72	225
179	45	73	226
178	46	73	226
177	47	73	227
176	48	73	227
175	50	73	228
152	38	70	219
151	39	70	219
148	39	70	219
146	40	70	219
144	40	70	219
142	41	70	219
140	41	70	219
138	41	70	219
135	42	70	219
133	42	70	219
131	43	70	219
150	38	72	223
147	38	71	223
146	38	72	223
145	38	72	223
144	38	72	223
143	39	72	223
142	39	72	224
141	39	72	224
140	39	72	224
139	39	72	224
138	39	72	224
143	40	72	224
141	40	72	224
141	40	72	224
140	40	72	224
139	40	72	224
139	40	72	224
138	40	72	224
137	41	72	225
136	41	72	225
136	41	72	225
135	41	72	225
148	40	72	224
147	40	72	224
147	40	72	224
147	40	72	224
147	40	72	224
147	40	72	224
147	40	72	224
147	40	72	224
147	40	72	224
147	40	72	224
147	40	72	224
153	40	72	224
153	40	72	224
153	40	72	224
153	40	72	224
153	40	72	224
154	40	72	224
154	40	72	224
154	40	72	224
155	40	72	224
155	40	72	224
155	40	72	224
153	26	72	224
153	26	72	224
153	25	72	224
153	24	72	224
153	23	72	224
153	22	72	224
154	22	72	224
154	21	72	224
154	20	72	224
154	19	72	224
154	19	72	224
157	24	72	224
157	23	72	224
157	22	72	224
157	22	72	224
157	21	72	224
158	21	72	224
158	20	72	224
158	20	72	224
159	20	72	224
159	19	72	224
159	19	72	224
165	26	72	224
165	25	72	224
165	25	72	224
166	25	72	224
166	25	72	224
167	25	72	224
168	25	72	224
168	25	72	224
169	25	72	224
169	25	72	224
170	25	72	224
167	21	72	224
167	20	72	224
167	20	72	224
168	20	72	224
168	20	72	224
168	19	72	224
169	19	72	224
169	19	72	224
169	19	72	224
170	18	72	224
170	18	72	224
155	16	72	224
155	15	72	224
154	15	72	224
154	14	72	224
153	14	72	224
153	14	72	224
152	13	72	224
152	13	72	224
151	12	72	224
150	12	72	224
150	12	72	224
127	11	72	224
126	10	72	224
124	10	71	224
122	9	71	224
121	9	71	224
119	8	71	224
117	8	71	224
115	7	71	224
113	7	71	224
111	7	71	223
110	6	71	223
110	6	72	224
108	5	71	223
106	5	71	223
104	4	71	223
103	4	71	223
101	3	71	223
99	3	71	223
97	2	71	223
96	2	71	223
94	1	71	223
92	1	71	223
96	-7	72	224
94	-7	71	223
92	-8	71	223
91	-9	71	223
89	-10	71	223
88	-11	71	223
87	-11	71	223
85	-12	71	223
84	-13	71	223
82	-14	71	223
81	-15	71	223
69	5	69	215
67	4	69	215
65	4	68	214
63	4	68	214
61	4	68	213
59	5	68	213
57	5	68	212
55	5	68	212
53	6	67	211
51	6	67	211
49	6	67	210
44	10	69	215
41	10	68	214
39	10	68	214
37	11	68	214
35	11	68	213
33	12	68	213
30	12	68	213
28	13	68	213
26	13	68	212
24	13	68	212
21	14	68	212
43	3	72	224
40	3	71	223
39	3	72	224
38	3	72	224
37	2	72	225
37	2	72	225
36	2	72	225
35	2	72	226
34	2	72	226
33	1	73	227
32	1	73	227
71	1	69	215
70	0	69	215
71	0	69	215
72	0	68	214
73	0	68	214
75	0	68	214
76	0	68	213
77	0	68	213
78	0	68	213
80	-1	68	213
81	-1	68	212
55	5	72	224
56	4	71	223
56	4	72	224
55	5	72	224
55	5	72	224
55	5	72	225
54	5	72	225
54	5	72	225
54	5	72	226
54	5	72	226
53	5	72	226
17	-1	69	215
16	0	69	215
14	-1	69	215
12	-1	68	214
9	-1	68	214
7	-1	68	214
5	-2	68	213
2	-2	68	213
0	-2	68	213
-1	-2	68	212
-3	-3	68	212
10	0	68	211
7	0	67	210
6	0	67	210
4	0	67	209
3	0	67	209
2	0	67	209
0	0	67	208
0	0	67	208
-2	0	67	207
-3	0	67	207
-4	0	66	207
54	-10	70	219
52	-10	69	218
54	-10	69	218
56	-11	70	219
58	-11	70	219
60	-12	70	219
62	-12	70	220
64	-13	70	220
66	-14	70	220
68	-14	70	220
70	-15	70	221
108	2	69	215
109	1	69	215
113	1	69	215
117	2	69	215
121	2	69	215
125	3	68	215
129	3	68	214
133	3	68	214
137	4	68	214
141	4	68	214
145	5	68	214
155	5	72	224
158	5	71	223
163	5	72	224
167	6	72	224
171	6	72	225
175	6	72	225
180	7	72	226
184	7	72	226
188	8	73	227
192	8	73	227
197	8	73	227
148	17	72	224
152	17	72	224
153	18	72	224
154	19	72	224
156	19	72	225
157	20	72	225
158	21	72	225
160	22	72	225
161	23	72	225
162	23	72	226
163	24	72	226
132	24	69	215
133	24	69	215
132	25	68	214
132	26	68	214
131	27	68	213
131	27	68	213
130	28	68	213
129	29	68	212
129	29	68	212
128	30	67	211
128	31	67	211
107	23	66	206
106	23	65	205
104	23	65	204
103	24	65	204
101	24	65	203
99	24	64	202
97	24	64	202
96	25	64	201
94	25	64	200
92	25	63	199
91	25	63	199
96	34	68	211
94	34	67	210
92	34	67	210
91	35	67	210
90	36	67	210
88	36	67	210
87	37	67	210
86	38	67	210
84	38	67	210
83	39	67	210
82	40	67	210
101	23	70	219
99	23	70	218
99	23	70	219
99	23	70	219
98	22	70	220
98	22	70	220
98	22	70	221
98	21	70	221
98	21	70	222
97	21	71	222
97	20	71	223
100	19	69	215
99	18	69	215
99	18	69	215
99	17	69	215
99	17	69	215
99	17	69	215
99	16	69	215
99	16	69	215
99	15	69	215
99	15	69	215
99	15	69	215
110	12	72	224
109	11	72	223
110	11	72	224
110	10	72	224
111	9	72	225
112	9	72	225
112	8	72	226
113	8	72	226
113	7	73	227
114	7	73	227
114	6	73	228
101	-3	72	224
101	-3	72	224
101	-4	72	224
101	-5	72	224
100	-6	72	225
100	-7	72	225
100	-8	72	225
99	-9	72	225
99	-10	72	225
99	-11	72	226
99	-13	72	226
54	3	70	219
53	1	70	219
51	1	69	219
48	1	69	218
45	1	69	218
42	1	69	218
39	1	69	218
37	1	69	217
34	1	69	217
31	1	69	217
28	0	69	217
40	7	72	224
37	6	71	223
35	7	71	223
33	7	72	224
31	7	72	224
29	7	72	224
27	8	72	224
25	8	72	224
23	8	72	224
21	8	72	225
19	8	72	225
31	5	72	224
29	5	72	224
27	5	72	224
26	5	72	224
25	5	72	224
24	5	72	224
22	5	72	224
21	5	72	224
20	5	72	224
19	5	72	224
17	5	72	224
57	3	72	224
55	3	72	224
56	2	72	224
57	2	72	224
58	2	72	224
59	2	72	224
60	2	72	224
61	2	72	224
62	2	72	224
63	2	72	224
64	1	72	224
90	13	72	224
90	12	72	224
93	13	72	224
95	13	72	224
98	14	72	224
100	14	72	224
102	15	72	224
105	15	72	224
107	16	72	224
109	16	72	224
112	17	72	224
110	6	72	224
112	6	72	224
114	6	72	224
116	6	72	224
118	6	72	224
120	5	72	224
122	5	72	224
124	5	72	224
127	5	72	224
129	5	72	224
131	5	72	224
104	8	72	224
106	7	72	224
106	7	72	224
107	7	72	224
107	7	72	224
107	7	72	224
108	7	72	224
108	7	72	224
109	7	72	224
109	7	72	224
110	7	72	224
90	6	72	224
90	6	72	224
89	5	72	224
89	5	72	224
88	5	72	224
87	5	72	224
87	5	72	224
86	5	72	224
85	5	72	224
85	5	72	224
84	5	72	224
92	11	72	224
91	10	72	224
91	11	72	224
90	11	72	224
90	11	72	224
90	11	72	224
90	12	72	224
89	12	72	224
89	12	72	224
89	12	72	224
89	13	72	224
68	2	72	224
67	2	72	224
66	1	72	224
65	1	72	224
63	1	72	224
62	0	72	224
60	0	72	224
59	0	72	224
58	0	72	224
56	0	72	224
55	-1	72	224
22	0	72	224
20	0	72	224
17	0	72	224
14	0	72	224
11	-1	71	223
7	-1	71	223
4	-1	71	223
1	-2	71	223
-1	-2	71	223
-4	-2	71	223
-7	-3	71	223
-5	0	72	224
-8	0	71	223
-10	0	71	223
-13	0	71	223
-16	0	71	223
-19	0	71	223
-22	0	71	223
-25	0	71	223
-27	-1	71	223
-30	-1	71	223
-33	-1	71	223
-25	7	72	224
-27	6	71	223
-30	7	71	223
-32	7	71	223
-34	7	71	223
-36	8	71	223
-38	8	71	223
-40	9	71	223
-43	9	71	223
-45	9	71	223
-47	10	71	223
-30	7	72	224
-32	7	71	223
-33	7	71	223
-34	7	71	223
-35	7	71	223
-36	8	71	223
-37	8	71	223
-38	8	71	223
-39	8	71	223
-40	8	71	223
-42	8	71	223
-9	16	69	215
-10	16	69	215
-9	16	68	214
-8	17	68	214
-7	17	68	213
-6	18	68	213
-6	18	68	212
-5	19	68	212
-4	20	67	211
-3	20	67	211
-2	21	67	210
-5	32	66	206
-4	32	65	205
-3	33	65	204
-2	34	65	204
-2	35	65	203
-1	37	64	202
0	38	64	201
0	39	64	201
0	40	64	200
0	41	63	199
1	42	63	199
6	45	66	206
6	46	65	205
7	47	65	204
8	48	65	204
9	49	65	204
10	50	65	204
10	52	65	203
11	53	65	203
12	54	65	203
13	55	64	202
14	56	64	202
125	48	66	206
125	49	65	205
132	49	65	205
139	50	65	205
146	51	65	205
153	51	65	205
160	52	65	205
167	53	65	205
174	53	65	205
181	54	65	204
188	54	65	204
120	35	69	215
126	35	68	214
129	35	69	215
132	34	69	215
135	34	69	216
138	33	69	216
140	33	69	217
143	32	69	217
146	32	70	218
149	31	70	218
151	31	70	219
153	21	68	211
155	20	68	211
158	19	68	211
161	18	68	211
163	17	68	211
166	16	68	211
169	15	68	211
171	14	68	211
174	13	68	211
177	12	68	211
179	11	68	211
123	36	65	202
125	34	65	201
125	35	64	201
124	35	64	200
123	36	64	200
123	36	64	199
122	36	64	199
121	37	64	198
121	37	63	198
120	38	63	197
120	38	63	197
120	33	64	198
119	33	63	197
118	33	63	197
118	33	63	196
117	33	63	196
116	33	63	195
116	33	63	195
115	33	63	194
115	33	62	194
114	33	62	193
114	34	62	193
119	4	66	206
118	4	65	205
118	2	65	205
117	0	65	206
117	0	66	206
117	-2	66	206
116	-3	66	206
116	-5	66	207
116	-7	66	207
116	-8	66	207
115	-10	66	207
111	9	68	211
110	7	68	211
110	6	68	211
109	6	68	212
109	6	68	212
108	5	68	212
108	5	68	213
107	4	68	213
106	4	69	214
106	3	69	214
105	3	69	215
117	15	66	206
116	14	66	206
116	14	66	206
116	15	66	206
116	15	65	206
116	15	65	206
117	15	65	205
117	15	65	205
117	16	65	205
117	16	65	205
117	16	65	205
122	35	64	198
122	35	63	197
122	36	63	197
122	37	63	196
123	38	63	196
123	40	63	195
123	41	63	195
124	42	63	194
124	43	62	194
124	45	62	193
125	46	62	193
117	25	61	191
117	26	60	190
117	26	60	189
117	26	60	189
116	26	60	188
116	26	59	188
116	26	59	187
116	26	59	186
116	26	59	186
116	26	59	185
116	26	58	184
107	39	59	183
106	38	58	182
106	39	58	181
105	40	58	181
104	41	58	180
104	41	57	179
103	42	57	178
103	43	57	178
102	43	57	177
101	44	57	176
101	45	56	176
89	28	57	176
88	28	56	175
87	28	56	174
85	28	56	173
84	27	56	173
83	27	56	172
82	27	55	172
80	26	55	171
79	26	55	170
78	26	55	170
76	26	55	169
86	34	55	173
84	33	54	172
84	33	54	171
83	34	54	171
82	34	54	171
81	34	54	170
81	34	53	170
80	34	53	169
79	34	53	169
79	34	53	168
78	35	53	168
84	36	53	166
83	36	52	165
82	36	52	165
82	36	52	164
82	36	52	163
81	36	52	163
81	37	51	162
81	37	51	162
80	37	51	161
80	37	51	161
80	37	51	160
85	36	54	169
84	36	53	168
84	36	53	168
84	36	53	168
84	36	53	168
84	36	53	168
84	36	53	168
84	36	53	168
84	36	53	168
84	36	53	168
84	36	53	168
92	38	52	163
91	38	51	162
92	38	51	162
92	38	51	162
93	38	51	161
93	38	51	161
93	38	51	161
94	38	51	161
94	39	51	160
94	39	51	160
95	39	51	160
98	41	54	169
98	41	53	168
98	41	53	168
99	41	54	169
99	41	54	169
100	42	54	169
100	42	54	169
101	42	54	169
101	42	54	170
102	42	54	170
102	43	54	170
118	36	57	176
118	36	57	176
119	36	57	176
121	35	57	177
122	35	57	177
123	35	57	178
125	35	58	178
126	35	58	179
127	34	58	179
129	34	58	180
130	34	58	180
149	36	57	176
150	35	57	176
152	35	57	176
154	35	57	176
157	35	57	177
159	35	57	177
161	35	57	177
163	35	57	177
166	35	57	177
168	35	57	178
170	34	57	178
151	25	57	176
153	24	57	176
154	24	57	176
155	23	57	176
156	22	57	176
157	22	57	176
158	21	57	176
159	21	57	176
160	20	57	176
161	19	57	176
162	19	57	176
171	27	59	183
172	26	59	183
173	26	59	183
174	26	59	183
176	25	59	184
177	25	59	184
179	25	59	185
180	25	59	185
182	25	59	185
183	24	59	186
185	24	60	186
160	19	61	191
161	18	61	191
161	18	61	192
161	17	61	192
161	17	61	193
161	16	61	193
161	16	61	194
161	15	62	195
161	15	62	195
161	14	62	196
161	14	62	196
164	19	62	195
163	18	62	195
164	18	62	196
164	18	62	196
164	17	62	197
164	17	62	197
164	17	62	198
164	17	62	198
164	17	63	198
165	16	63	199
165	16	63	199
177	16	64	198
177	15	64	198
177	15	64	198
178	15	64	199
179	15	64	199
180	14	64	199
181	14	64	200
181	14	65	200
182	14	65	200
183	13	65	201
184	13	65	201
173	12	66	206
173	11	66	206
173	11	66	206
174	11	66	207
174	10	66	208
174	10	66	208
174	10	67	209
174	9	67	209
174	9	67	210
174	9	67	210
174	8	67	211
171	12	68	211
171	11	68	211
171	11	68	212
170	11	68	212
170	11	68	213
170	11	68	213
170	11	69	214
170	10	69	214
170	10	69	215
170	10	69	215
170	10	69	216
158	7	70	219
157	6	70	219
157	6	70	220
156	6	70	220
155	5	70	221
154	5	70	222
154	5	71	222
153	4	71	223
152	4	71	223
151	4	71	224
150	4	71	225
132	3	72	224
131	2	72	224
129	2	72	225
127	1	72	225
125	1	72	226
124	1	72	226
122	0	73	227
120	0	73	227
118	0	73	228
116	0	73	228
115	0	73	229
120	8	72	224
118	7	72	224
116	7	72	224
115	7	72	224
113	8	72	225
112	8	72	225
111	8	72	225
109	8	72	225
108	8	72	225
106	8	72	226
105	8	72	226
117	8	72	224
115	8	72	224
114	8	72	224
114	8	72	224
113	8	72	224
112	8	72	224
112	8	72	224
111	8	72	224
110	8	72	224
109	8	72	224
109	8	72	224
130	3	72	224
129	3	72	224
129	2	72	224
130	2	72	224
130	2	72	224
131	2	72	224
131	1	72	224
132	1	72	224
132	1	72	224
133	1	72	224
133	0	72	224
167	8	72	224
167	7	72	224
169	7	72	224
172	8	72	224
174	8	72	224
176	8	72	224
179	8	72	224
181	8	72	224
183	8	72	224
185	9	72	224
188	9	72	224
155	15	69	215
157	15	69	215
157	15	68	214
158	16	68	214
