387	50	35	32
387	49	35	31
390	49	35	31
394	49	35	31
398	50	36	31
402	50	36	32
406	51	36	32
409	51	37	32
413	52	37	33
417	52	37	33
421	53	38	33
425	53	38	34
340	42	35	31
335	41	35	31
331	40	35	31
327	40	35	31
322	39	35	31
318	38	35	31
314	38	35	31
310	37	35	31
305	36	35	31
301	36	35	31
297	35	35	31
356	43	35	32
352	42	35	32
352	42	35	32
351	42	35	32
351	41	35	32
350	41	35	32
349	41	35	32
349	41	35	32
348	41	35	32
348	41	35	32
347	41	35	32
364	47	36	33
363	46	36	33
363	47	36	33
364	47	36	33
364	47	36	33
365	47	36	33
365	47	36	33
365	47	36	33
366	48	36	33
366	48	36	33
367	48	36	33
411	43	37	34
411	43	37	34
414	43	37	34
417	42	37	34
419	42	37	34
422	42	37	34
425	42	37	34
428	42	37	34
431	42	37	34
433	42	37	34
436	41	37	34
436	53	39	36
438	52	39	36
441	53	39	36
444	53	39	36
446	54	39	36
449	54	39	36
451	55	39	36
454	55	39	36
457	56	40	37
459	56	40	37
462	57	40	37
450	79	41	37
452	79	41	37
454	81	41	37
456	82	41	37
457	84	41	37
459	86	41	37
461	87	41	37
463	89	42	37
465	91	42	37
466	92	42	38
468	94	42	38
447	66	42	39
448	67	42	39
449	67	42	39
449	67	42	39
450	67	42	39
450	67	42	39
451	67	42	39
451	67	42	40
452	67	43	40
452	67	43	40
453	67	43	40
454	50	44	40
454	50	44	40
454	49	44	40
455	48	44	40
455	47	44	40
456	46	44	40
456	45	44	40
457	44	45	40
458	43	45	40
458	42	45	41
459	41	45	41
447	17	45	41
447	16	45	41
447	13	45	41
447	11	45	41
446	9	45	41
446	6	45	41
446	4	45	41
446	2	45	41
446	0	45	41
445	-2	46	41
445	-4	46	42
451	14	47	43
450	11	47	43
450	10	47	43
451	9	47	43
451	8	47	43
451	7	47	43
451	6	47	43
451	4	48	43
451	3	48	44
451	2	48	44
451	1	48	44
429	7	49	44
429	5	49	44
427	5	49	44
426	4	49	44
425	3	49	44
424	2	49	44
423	2	50	44
422	1	50	44
420	0	50	44
419	0	50	45
418	0	50	45
447	10	50	46
445	9	50	46
446	9	50	46
446	9	50	46
447	8	50	46
447	8	50	46
448	8	50	46
448	8	50	47
449	8	51	47
449	8	51	47
450	8	51	47
480	16	53	48
480	15	53	48
482	16	53	48
484	16	53	48
486	16	53	48
488	17	53	48
491	17	54	49
493	17	54	49
495	18	54	49
497	18	54	49
499	18	55	49
465	21	55	50
467	21	55	50
467	21	55	50
467	22	55	50
467	22	55	50
467	23	56	50
467	23	56	51
467	23	56	51
467	24	56	51
467	24	56	51
467	25	56	51
462	21	57	52
462	21	57	52
461	21	57	52
461	21	57	52
461	21	57	52
461	22	57	52
460	22	58	53
460	22	58	53
460	22	58	53
460	22	58	53
459	22	58	53
459	61	59	54
458	61	59	54
458	63	59	54
458	65	59	54
457	67	59	54
457	70	59	54
457	72	60	55
457	74	60	55
456	77	60	55
456	79	60	55
456	81	60	55
474	64	62	56
473	66	62	56
474	67	62	56
475	68	62	56
475	69	62	56
476	70	63	56
477	72	63	57
478	73	63	57
478	74	63	57
479	75	64	57
480	76	64	57
487	76	64	59
487	77	64	59
488	78	64	59
489	79	64	59
490	80	64	59
491	81	65	60
493	82	65	60
494	83	65	60
495	84	65	60
496	85	65	61
497	86	66	61
487	55	67	61
488	56	67	61
488	55	67	61
488	54	67	61
489	53	67	61
489	53	68	62
490	52	68	62
490	51	68	62
491	50	68	62
491	50	69	62
491	49	69	63
431	83	69	63
431	82	69	63
428	83	69	63
425	84	69	63
422	85	69	63
419	86	70	63
416	88	70	64
413	89	70	64
410	90	70	64
407	91	70	64
404	92	71	64
407	41	69	63
404	42	69	63
401	40	69	63
398	38	69	63
395	36	69	63
393	35	69	63
390	33	69	63
387	31	69	63
385	29	69	63
382	27	69	63
379	26	69	63
437	80	72	66
434	78	72	66
434	79	72	66
435	80	72	66
436	82	72	66
436	83	72	66
437	84	73	67
438	86	73	67
438	87	73	67
439	88	73	67
440	89	73	67
474	63	75	69
474	64	75	69
477	64	75	69
479	63	75	69
482	63	75	69
484	63	76	70
487	63	76	70
489	62	76	70
492	62	76	70
494	62	77	71
497	61	77	71
462	94	78	72
464	93	78	72
464	95	78	72
465	96	78	72
465	98	79	73
466	99	79	73
466	101	79	73
466	102	79	73
467	104	80	74
467	105	80	74
468	107	80	74
435	84	82	74
435	85	82	74
433	85	82	74
432	85	82	74
431	85	83	74
429	86	83	75
428	86	83	75
426	86	84	75
425	86	84	75
423	86	84	75
422	86	85	76
435	76	85	78
433	76	85	78
432	75	85	78
432	75	85	78
431	74	86	79
430	74	86	79
430	73	86	79
429	73	87	80
428	72	87	80
428	72	87	80
427	71	88	80
428	11	88	81
427	10	88	81
426	6	88	81
426	2	88	81
425	0	89	82
424	-4	89	82
424	-8	89	82
423	-12	89	83
423	-16	90	83
422	-20	90	83
421	-23	90	83
420	10	92	84
419	6	92	84
418	4	92	84
418	2	92	84
417	0	93	85
416	0	93	85
416	-2	93	85
415	-4	94	85
414	-5	94	86
413	-7	94	86
413	-9	95	86
431	9	94	86
430	7	94	86
430	6	94	86
431	6	94	86
431	5	95	86
431	4	95	87
432	4	95	87
432	3	95	87
432	2	96	87
433	2	96	88
433	1	96	88
410	7	98	89
410	6	98	89
409	6	98	89
408	5	98	89
407	5	99	89
406	5	99	90
405	4	99	90
404	4	100	90
403	4	100	90
402	4	100	91
401	3	101	91
430	5	101	93
429	4	101	93
429	4	101	93
430	4	101	93
430	4	102	94
431	3	102	94
432	3	102	94
432	3	103	95
433	3	103	95
434	3	103	95
434	2	103	96
412	5	101	93
412	4	101	93
412	4	101	93
411	4	101	93
410	4	101	93
410	4	101	93
409	4	101	93
408	4	101	94
408	4	102	94
407	4	102	94
406	4	102	94
456	8	106	96
455	7	106	96
457	8	106	96
459	8	106	96
461	8	107	96
463	8	107	96
465	8	107	97
468	8	107	97
470	8	108	97
472	9	108	97
474	9	108	97
435	23	110	100
437	23	110	100
436	24	110	100
436	24	111	100
436	25	111	101
436	26	111	101
436	27	112	101
436	28	112	102
435	29	112	102
435	30	113	102
435	31	113	102
435	93	114	104
434	93	114	104
434	98	114	104
434	102	115	105
434	106	115	105
434	110	115	105
433	115	116	106
433	119	116	106
433	123	116	106
433	128	117	107
432	132	117	107
440	40	119	109
439	44	119	109
439	43	119	109
440	42	120	110
440	41	120	110
440	39	121	111
440	38	121	111
440	37	121	111
441	36	122	112
441	35	122	112
441	34	123	113
459	49	124	113
459	47	124	113
460	47	124	113
461	47	125	114
462	47	125	114
463	47	126	114
464	46	126	115
466	46	127	115
467	46	127	116
468	46	127	116
469	45	128	116
384	100	124	113
385	99	124	113
381	102	124	113
377	105	124	113
374	108	124	113
370	110	125	113
366	113	125	114
363	116	125	114
359	119	125	114
355	122	125	114
352	124	126	114
387	98	124	113
383	100	124	113
381	101	124	113
380	103	124	113
378	104	124	113
377	105	124	113
375	106	124	113
374	107	124	113
372	108	124	113
371	109	124	113
369	111	124	113
384	187	129	118
382	188	129	118
381	193	129	118
381	198	129	118
380	203	129	118
379	209	130	119
379	214	130	119
378	219	130	119
377	225	131	120
377	230	131	120
376	235	131	120
445	135	134	123
444	140	134	123
447	139	134	123
450	139	135	124
453	138	135	124
457	137	135	124
460	137	136	125
463	136	136	125
466	136	137	126
469	135	137	126
472	135	137	126
458	136	139	127
461	135	139	127
463	134	139	127
465	134	140	128
467	133	140	128
469	133	141	128
472	132	141	129
474	132	142	129
476	131	142	130
478	131	142	130
480	130	143	130
444	141	142	130
446	140	142	130
446	140	142	130
446	140	143	131
446	140	143	131
446	140	143	131
446	140	144	131
446	141	144	132
446	141	144	132
446	141	145	132
446	141	145	133
439	125	148	135
439	125	148	135
438	124	148	135
438	123	149	136
437	122	149	136
437	121	150	136
437	120	150	137
436	120	151	137
436	119	151	138
435	118	152	138
435	117	152	138
440	64	145	133
439	63	145	133
439	59	145	133
439	55	145	133
439	51	145	133
439	48	145	133
439	44	145	133
438	40	145	133
438	36	145	133
438	33	145	133
438	29	145	133
429	71	142	130
428	67	142	130
428	65	141	129
427	64	141	129
426	63	141	129
426	62	141	129
425	61	141	129
425	59	140	129
424	58	140	128
423	57	140	128
423	56	140	128
446	33	148	135
445	31	147	134
446	29	148	135
446	26	148	135
447	24	148	135
448	21	148	135
448	19	149	135
449	17	149	136
449	14	149	136
450	12	149	136
451	9	150	136
457	66	145	133
457	63	145	133
458	64	145	133
459	65	145	133
460	65	145	133
461	66	145	133
462	67	145	133
463	68	144	133
464	69	144	133
465	69	144	133
466	70	144	133
429	7	148	135
429	7	147	134
428	5	148	135
427	2	148	135
426	0	148	135
425	-3	148	135
424	-6	148	135
422	-8	148	135
421	-11	148	135
420	-14	149	135
419	-17	149	135
366	7	154	141
364	4	154	141
360	2	154	141
356	1	154	141
352	0	155	142
348	0	155	142
344	-2	156	142
340	-3	156	143
336	-4	156	143
332	-6	157	144
328	-7	157	144
342	14	160	147
337	12	160	147
334	12	160	147
331	12	161	148
328	12	161	148
325	12	162	149
322	12	162	149
319	12	163	150
316	12	163	150
313	12	164	151
310	12	164	151
301	68	164	149
297	67	164	149
294	71	164	149
291	74	165	150
287	77	165	150
284	80	166	150
280	83	166	151
277	86	167	151
273	89	167	151
270	92	167	151
267	95	168	152
375	201	160	147
371	204	160	147
374	212	160	147
377	221	160	147
379	230	160	147
382	238	160	147
385	247	160	147
388	256	160	147
390	265	159	147
393	273	159	147
396	282	159	147
286	183	167	152
288	191	166	151
285	194	167	152
281	197	167	152
278	199	167	152
274	202	168	153
271	205	168	153
267	208	168	153
264	210	169	153
260	213	169	154
257	216	169	154
317	162	174	159
313	164	174	159
313	164	174	159
313	163	175	160
313	163	175	160
313	162	176	161
313	162	177	161
313	162	177	162
313	161	178	162
313	161	178	163
313	160	179	163
310	162	181	165
309	161	181	165
309	161	182	166
309	160	182	166
309	160	183	167
309	160	183	167
309	159	184	168
308	159	185	168
308	159	185	169
308	158	186	169
308	158	187	170
294	179	188	172
293	178	188	172
292	179	189	173
291	180	189	173
290	181	190	174
289	181	191	174
288	182	191	175
287	183	192	176
286	184	193	176
286	185	193	177
285	185	194	177
282	201	196	179
281	201	196	179
279	203	197	180
278	205	198	180
277	206	198	181
276	208	199	182
275	209	200	182
274	211	200	183
273	213	201	183
272	214	202	184
271	216	202	185
291	236	203	186
289	237	203	186
289	240	204	187
290	242	205	187
290	245	205	188
290	248	206	189
290	250	206	189
290	253	207	190
290	255	208	191
290	258	208	191
290	261	209	192
291	255	212	193
291	257	212	193
291	259	213	194
291	261	214	194
291	263	214	195
291	266	215	196
291	268	216	196
291	270	217	197
291	272	217	198
291	274	218	198
291	276	219	199
278	270	220	201
278	272	220	201
277	273	221	202
276	275	222	203
276	277	222	203
275	278	223	204
274	280	224	205
273	281	225	205
273	283	225	206
272	285	226	207
271	286	227	207
225	236	229	209
224	237	229	209
221	236	230	210
217	235	231	211
214	233	232	211
211	232	232	212
208	231	233	213
204	229	234	213
201	228	235	214
198	227	236	215
195	226	236	216
160	233	225	205
156	231	225	205
151	230	225	205
146	230	225	205
141	229	226	205
136	228	226	205
131	227	226	206
126	226	226	206
121	225	226	206
116	225	226	206
111	224	226	206
200	173	234	214
194	172	234	214
195	168	234	214
195	164	235	215
195	161	235	215
195	157	236	215
195	154	236	216
195	150	237	216
196	146	237	217
196	143	238	217
196	139	238	218
227	164	243	222
227	160	243	222
229	158	244	223
230	156	244	223
232	154	245	224
234	152	246	225
236	150	247	225
238	147	247	226
240	145	248	227
241	143	249	227
243	141	249	228
216	166	253	231
217	163	253	231
218	163	254	232
218	162	255	233
218	162	256	233
218	161	257	234
218	160	257	235
219	160	258	236
219	159	259	237
219	159	260	237
219	158	261	238
188	177	263	241
188	176	263	241
186	176	264	242
185	177	265	243
183	177	266	244
181	178	267	245
180	178	268	246
178	179	269	246
177	179	270	247
175	180	270	248
174	180	271	249
220	204	269	246
218	204	269	246
219	206	270	247
220	207	271	248
221	209	271	248
222	211	272	249
223	213	273	249
224	214	273	250
225	216	274	251
226	218	275	251
228	220	276	252
143	175	279	255
144	176	279	255
140	175	280	256
136	175	281	257
132	174	282	257
129	173	282	258
125	172	283	259
121	171	284	259
118	170	285	260
114	169	286	261
110	169	286	262
99	160	274	250
95	159	274	250
91	157	274	250
86	156	274	250
82	155	274	250
78	153	274	250
74	152	275	250
70	151	275	250
66	149	275	250
62	148	275	250
57	147	275	250
112	161	285	261
107	159	285	261
106	159	285	261
105	158	286	262
105	158	286	262
104	157	287	263
103	157	287	263
102	156	288	264
101	156	289	265
100	155	289	265
99	155	290	266
150	130	297	271
149	129	297	271
150	127	298	272
152	125	299	273
154	123	300	274
156	122	301	274
158	120	302	275
160	118	303	276
162	116	304	277
164	114	304	278
166	112	305	278
131	104	309	282
132	102	309	282
132	99	310	283
132	97	312	284
132	95	313	285
132	93	314	286
132	90	315	287
132	88	316	288
131	86	317	289
131	84	318	290
131	81	319	291
139	84	321	294
138	81	322	294
139	79	323	295
139	77	324	297
139	75	325	298
139	73	326	299
140	71	327	300
140	69	328	301
140	67	329	302
141	65	330	303
141	63	331	304
111	78	334	305
111	75	335	306
109	74	336	307
108	73	337	308
107	72	338	309
105	71	339	310
104	70	340	311
102	69	341	312
101	68	343	313
99	67	344	314
98	66	345	315
93	90	341	312
91	88	342	313
89	89	342	313
88	89	343	314
86	89	344	315
84	90	345	316
83	90	346	316
81	90	347	317
80	90	348	318
78	91	348	319
76	91	349	320
55	23	355	324
53	23	355	324
50	19	356	325
47	16	358	326
45	12	359	327
42	9	360	328
39	5	361	329
36	2	362	330
34	-1	363	331
31	-4	364	332
28	-8	365	333
47	24	369	337
44	20	370	337
42	18	371	339
41	17	372	340
39	15	373	341
37	14	374	342
36	12	376	343
34	11	377	344
33	9	378	345
31	8	379	346
29	6	381	347
48	9	384	351
46	7	385	352
45	6	386	353
45	4	387	354
44	3	389	355
44	2	390	356
43	0	391	358
43	0	393	359
42	-1	394	360
42	-3	395	361
41	-4	397	363
43	31	393	360
42	29	394	361
42	30	395	362
41	31	396	363
41	31	397	364
40	32	398	365
40	33	399	366
40	33	400	367
39	34	401	368
39	35	402	369
38	36	403	370
-106	31	393	360
-106	31	394	360
-114	32	394	361
-123	32	394	361
-131	32	395	362
-140	33	395	362
-148	33	395	362
-156	34	396	363
-165	34	396	363
-173	34	397	363
-182	35	397	364
-80	65	393	360
-88	65	393	360
-90	67	393	360
-93	69	393	360
-95	71	393	360
-97	73	393	360
-99	75	393	360
-102	77	394	361
-104	79	394	361
-106	81	394	361
-109	83	394	361
15	21	393	360
12	23	393	360
17	21	393	360
22	19	393	360
26	18	393	360
31	16	393	360
36	15	393	360
41	13	393	360
45	12	393	360
50	10	393	360
55	8	393	360
102	25	386	352
106	23	386	352
113	22	385	351
120	22	385	351
127	21	384	350
134	21	384	350
142	20	384	349
149	19	383	349
156	19	383	348
163	18	382	348
170	18	382	348
46	-30	393	360
53	-30	392	359
52	-33	392	359
52	-37	393	360
52	-40	393	360
52	-43	393	360
51	-46	393	360
51	-49	393	361
51	-53	394	361
51	-56	394	361
51	-59	394	361
46	-4	393	360
45	-7	393	360
45	-7	393	360
44	-7	393	360
44	-7	393	360
43	-7	393	360
43	-7	393	360
42	-7	393	361
42	-6	394	361
41	-6	394	361
41	-6	394	361
20	-83	393	360
19	-82	393	360
17	-87	393	360
16	-91	393	360
14	-95	393	360
12	-99	393	360
11	-103	393	360
9	-108	393	360
7	-112	393	360
6	-116	393	360
4	-120	393	360
-93	-141	378	346
-94	-145	378	346
-101	-150	377	345
-108	-155	376	344
-115	-160	375	343
-122	-165	374	342
-129	-170	373	342
-136	-175	373	341
-143	-180	372	340
-150	-185	371	339
-157	-190	370	339
-74	-138	371	339
-81	-143	370	338
-82	-144	369	337
-84	-146	368	336
-86	-148	367	336
-88	-150	367	335
-90	-152	366	334
-92	-154	365	333
-94	-156	364	333
-96	-158	364	332
-98	-159	363	331
93	-125	378	346
90	-126	377	345
99	-126	377	345
108	-126	377	345
117	-126	377	345
126	-126	377	345
134	-126	377	345
143	-125	377	345
152	-125	377	345
161	-125	378	346
170	-125	378	346
77	-79	363	332
85	-78	363	332
88	-76	362	331
92	-73	361	330
95	-70	360	330
98	-67	360	329
101	-65	359	328
104	-62	358	327
107	-59	357	327
110	-56	357	326
114	-54	356	325
97	-3	371	339
100	0	370	338
102	5	370	338
104	10	370	338
106	15	370	338
108	21	370	338
110	26	370	338
112	32	370	338
114	37	370	338
116	43	371	338
118	48	371	338
-75	-142	386	352
-72	-136	386	352
-81	-141	387	352
-90	-147	387	353
-99	-152	388	354
-108	-158	389	355
-117	-163	390	356
-125	-169	391	356
-134	-174	392	357
-143	-180	393	358
-152	-185	394	359
32	-51	393	360
23	-56	393	360
24	-54	394	361
26	-51	395	362
28	-49	396	363
30	-47	397	363
32	-44	397	364
34	-42	398	365
36	-40	399	366
38	-37	400	367
40	-35	401	367
32	-42	393	360
33	-39	393	360
35	-37	394	361
36	-36	394	361
37	-34	394	361
39	-32	395	362
40	-30	395	362
41	-28	395	362
43	-26	395	362
44	-24	396	363
45	-23	396	363
85	-16	393	360
86	-14	393	360
89	-12	393	360
93	-9	393	360
96	-7	393	360
100	-5	393	360
103	-3	393	360
106	-1	393	360
110	0	393	360
113	2	394	361
117	5	394	361
32	-34	393	360
35	-31	393	360
33	-31	393	360
32	-32	393	360
31	-32	393	360
29	-32	393	360
28	-32	393	360
26	-32	393	360
25	-32	393	360
23	-33	393	360
22	-33	393	360
-46	-163	386	352
-47	-163	386	352
-52	-170	385	351
-57	-177	385	351
-63	-185	384	350
-68	-192	384	350
-73	-199	384	349
-78	-207	383	349
-83	-214	383	348
-88	-221	382	348
-94	-229	382	348
-76	-107	393	360
-81	-114	392	359
-85	-114	392	359
-88	-114	393	360
-92	-114	393	360
-96	-115	393	360
-100	-115	393	360
-104	-115	393	361
-108	-115	394	361
-112	-115	394	361
-116	-115	394	361
-60	-116	378	346
-63	-116	378	346
-64	-116	377	345
-65	-116	376	344
-65	-116	376	344
-66	-116	375	343
-66	-116	374	343
-67	-117	373	342
-67	-117	373	341
-68	-117	372	341
-68	-117	371	340
-72	-137	371	339
-72	-137	370	338
-73	-138	369	337
-73	-139	368	336
-74	-140	368	336
-75	-142	367	335
-76	-143	366	334
-76	-144	365	334
-77	-145	365	333
-78	-146	364	332
-78	-148	363	332
-41	-121	371	339
-41	-122	370	338
-40	-121	369	338
-38	-121	369	337
-37	-121	369	337
-35	-120	369	337
-34	-120	368	336
-33	-120	368	336
-31	-119	368	336
-30	-119	368	336
-28	-119	367	335
34	-20	386	352
35	-19	385	351
40	-13	386	352
45	-8	387	352
49	-2	387	353
54	3	388	354
59	9	389	354
64	15	390	355
69	21	390	356
74	26	391	356
79	32	392	357
21	-49	378	346
25	-43	378	346
27	-42	378	346
28	-41	378	346
29	-40	378	346
31	-39	378	346
32	-38	378	346
34	-37	378	346
35	-36	378	346
36	-35	377	346
38	-34	377	346
-1	-42	363	332
0	-41	362	331
0	-40	361	331
-1	-40	361	330
-2	-39	360	329
-3	-39	359	328
-4	-38	358	327
-4	-38	357	327
-5	-37	356	326
-6	-37	355	325
-7	-36	354	324
13	-28	349	319
12	-27	348	318
12	-26	346	317
12	-25	345	315
13	-24	344	314
13	-23	343	313
13	-22	342	312
13	-21	341	311
14	-20	339	310
14	-19	338	309
14	-19	337	308
30	4	363	332
30	4	361	330
31	7	362	331
32	9	362	331
33	11	362	331
34	13	363	332
35	15	363	332
37	17	363	332
38	20	363	332
39	22	364	333
40	24	364	333
87	5	378	346
88	7	378	346
91	8	379	347
95	9	380	348
99	10	381	349
102	11	382	350
106	12	383	351
110	12	384	352
113	13	385	353
117	14	386	353
120	15	387	354
108	-6	386	352
111	-5	387	352
114	-5	387	353
117	-5	388	354
119	-5	389	355
122	-6	390	355
125	-6	391	356
128	-6	392	357
130	-7	393	358
133	-7	394	358
136	-7	395	359
121	0	393	360
123	0	393	360
125	0	394	361
127	0	395	362
128	0	396	362
130	0	396	363
132	0	397	364
134	0	398	365
135	0	398	365
137	0	399	366
139	0	400	367
103	0	393	360
104	0	393	360
104	0	394	361
103	0	394	361
103	0	394	361
103	0	394	361
102	0	395	362
102	0	395	362
102	0	395	362
101	0	395	362
101	0	396	363
121	8	393	360
120	8	393	360
121	8	393	360
122	9	393	360
122	9	393	360
123	9	393	360
124	10	393	360
125	10	393	360
125	11	393	360
126	11	393	360
127	12	394	361
147	25	393	360
147	25	393	360
149	26	393	360
151	27	393	360
153	28	393	360
154	30	393	360
156	31	393	360
158	32	393	360
160	33	393	360
162	34	393	360
163	35	393	360
96	8	393	360
97	9	393	360
95	8	393	360
93	8	393	360
91	7	393	360
89	7	393	360
87	6	393	360
85	6	393	360
83	5	393	360
81	5	393	360
79	5	393	360
166	3	386	352
163	2	386	352
166	1	385	351
169	1	385	351
172	0	384	350
175	0	384	350
178	0	384	349
181	0	383	349
183	-1	383	348
186	-1	382	348
189	-2	382	348
94	0	393	360
96	0	392	359
94	0	392	359
91	-1	393	360
89	-1	393	360
86	-2	393	360
83	-2	393	360
81	-2	393	361
78	-3	394	361
76	-3	394	361
73	-4	394	361
32	26	393	360
29	25	393	360
24	26	393	360
19	28	393	360
15	29	393	360
10	30	393	360
5	32	393	360
0	33	393	361
-3	34	394	361
-8	36	394	361
-13	37	394	361
94	8	393	360
89	9	393	360
90	8	393	360
92	8	393	360
93	8	393	360
95	7	393	360
96	7	393	360
97	6	393	360
99	6	393	360
100	6	393	360
102	5	393	360
112	0	393	360
113	0	393	360
115	-1	393	360
117	-1	393	360
119	-2	393	360
121	-3	393	360
123	-3	393	360
124	-4	393	360
126	-5	393	360
128	-5	393	360
130	-6	393	360
103	34	393	360
104	33	393	360
105	34	393	360
105	36	393	360
105	38	393	360
106	39	393	360
106	41	393	360
106	42	393	360
106	44	393	360
107	46	393	360
107	47	393	360
94	8	393	360
94	9	393	360
93	8	393	360
93	8	393	360
92	7	393	360
92	6	393	360
91	6	393	360
91	5	393	360
90	4	393	360
90	4	393	360
89	3	393	360
103	17	393	360
102	16	393	360
102	16	393	360
103	16	393	360
103	16	393	360
103	16	393	360
103	16	393	360
104	16	393	360
104	17	393	360
104	17	393	360
104	17	393	360
103	-7	393	360
103	-6	393	360
103	-8	393	360
103	-9	393	360
103	-10	393	360
103	-11	393	360
104	-13	393	360
104	-14	393	360
104	-15	393	360
104	-16	393	360
104	-18	393	360
121	27	393	360
121	25	393	360
122	27	393	360
123	28	393	360
124	29	393	360
125	31	393	360
126	32	393	360
127	33	393	360
128	35	393	360
129	36	393	360
130	37	393	360
130	18	393	360
131	19	393	360
132	19	393	360
132	19	393	360
133	19	393	360
134	19	392	359
135	20	392	359
136	20	392	359
137	20	392	359
138	20	392	359
139	20	392	359
183	18	393	360
183	18	392	359
187	18	392	359
190	18	392	359
193	18	392	359
197	18	392	359
200	18	392	359
203	18	392	359
207	18	392	359
210	18	392	359
213	18	392	359
139	36	393	360
142	35	392	359
141	36	392	359
140	37	392	359
139	38	392	359
138	39	392	359
137	40	392	359
136	41	392	359
135	42	392	359
134	43	392	359
133	44	392	359
139	27	378	346
137	27	378	346
137	27	377	345
136	27	376	344
136	27	375	343
135	27	374	342
134	27	373	342
134	27	373	341
133	27	372	340
132	27	371	339
132	27	370	339
-120	70	371	339
-120	69	370	338
-135	72	369	337
-149	74	368	336
-164	76	367	336
-178	79	367	335
-193	81	366	334
-208	83	365	333
-222	86	364	333
-237	88	364	332
-251	90	363	331
13	5	386	352
-1	7	385	351
0	4	385	351
0	2	386	352
0	0	386	352
1	-2	387	353
2	-5	387	353
3	-8	388	353
4	-10	389	354
5	-13	389	354
6	-15	390	355
44	2	393	360
44	0	393	360
47	-2	394	361
50	-3	394	361
53	-4	395	362
56	-6	396	363
59	-7	396	363
62	-9	397	364
65	-10	398	365
68	-12	398	365
71	-13	399	366
200	28	393	360
202	26	393	360
212	27	393	360
222	28	394	361
232	29	394	361
242	30	394	361
252	31	395	362
262	32	395	362
272	33	395	362
282	34	395	362
292	35	396	363
132	36	393	360
142	36	393	360
142	37	393	360
142	38	393	360
143	39	393	360
143	40	393	360
144	41	393	360
144	42	393	360
145	43	393	360
145	44	393	360
146	45	394	361
141	54	393	360
141	54	393	360
141	56	393	360
141	57	393	360
141	59	393	360
142	60	393	360
142	61	393	360
142	63	393	360
142	64	393	360
142	65	393	360
142	67	393	360
133	29	393	360
133	30	393	360
132	29	393	360
132	28	393	360
131	27	393	360
131	27	393	360
131	26	393	360
130	25	393	360
130	24	393	360
129	23	393	360
129	22	393	360
90	3	393	360
89	2	393	360
87	0	393	360
84	-1	393	360
81	-3	393	360
79	-5	393	360
76	-7	393	360
74	-9	393	360
71	-11	393	360
69	-12	393	360
66	-14	393	360
82	3	393	360
79	1	393	360
77	0	393	360
76	0	393	360
74	-1	393	360
73	-2	393	360
71	-2	393	360
70	-3	393	360
68	-4	393	360
66	-5	393	360
65	-6	393	360
126	29	393	360
124	28	393	360
126	29	393	360
128	30	393	360
130	31	393	360
131	32	393	360
133	34	393	360
135	35	393	360
137	36	393	360
139	37	393	360
141	38	393	360
161	38	393	360
162	39	393	360
165	40	393	360
168	41	393	360
171	42	393	360
174	43	393	360
177	44	393	360
180	45	393	360
182	46	393	360
185	47	393	360
188	48	393	360
135	12	393	360
137	13	392	359
137	12	392	359
137	11	392	359
137	10	392	359
136	8	392	359
136	7	392	359
136	6	392	359
136	5	392	359
135	4	392	359
135	3	392	359
109	12	393	360
108	10	392	359
107	10	392	359
105	9	392	359
103	9	392	359
101	8	392	359
100	8	392	359
98	7	392	359
96	7	392	359
94	6	392	359
93	6	392	359
47	12	393	360
45	11	392	359
41	11	392	359
36	11	392	359
32	10	392	359
28	10	392	359
24	10	392	359
20	10	392	359
15	10	392	359
11	10	392	359
7	9	392	359
30	19	378	346
25	18	378	346
23	19	377	345
20	19	376	344
17	19	375	343
14	20	374	342
12	20	373	342
9	20	373	341
6	21	372	340
4	21	371	339
1	21	370	339
23	-12	393	359
20	-11	392	358
18	-13	392	358
17	-14	393	358
16	-16	393	359
14	-17	394	359
13	-19	394	360
12	-20	394	360
10	-22	395	360
9	-24	395	361
8	-25	396	361
50	-21	393	360
48	-22	393	360
49	-23	393	360
50	-24	393	360
51	-26	394	361
52	-27	394	361
53	-28	394	361
54	-29	394	361
55	-31	395	362
56	-32	395	362
58	-33	395	362
67	4	393	360
68	2	393	360
69	3	393	360
71	4	393	360
72	5	393	360
73	6	393	360
75	7	393	360
76	8	393	360
78	9	393	360
79	10	393	361
81	11	394	361
42	-12	378	346
43	-11	378	346
42	-11	377	345
41	-11	376	344
41	-12	375	343
40	-12	374	343
39	-13	374	342
38	-13	373	341
38	-13	372	340
37	-14	371	340
36	-14	370	339
65	-13	363	332
64	-13	362	331
65	-13	360	330
65	-13	359	329
66	-14	358	327
67	-14	357	326
68	-14	356	325
69	-15	355	324
70	-15	353	323
70	-15	352	322
71	-15	351	321
82	-44	378	346
82	-44	376	344
84	-46	377	345
85	-47	377	345
86	-49	377	345
88	-51	378	346
89	-53	378	346
91	-55	378	346
92	-57	379	347
93	-58	379	347
95	-60	379	347
74	-17	393	359
75	-18	393	359
75	-18	394	360
75	-17	395	361
75	-16	396	362
75	-16	397	363
75	-15	398	363
76	-14	399	364
76	-13	400	365
76	-13	401	366
76	-12	402	367
98	-2	378	346
98	-1	379	346
99	0	378	346
100	1	378	346
102	2	377	345
103	3	377	345
104	4	377	345
105	6	376	344
107	7	376	344
108	8	376	344
109	9	375	344
101	0	371	339
102	1	370	338
103	1	370	338
103	2	369	337
104	3	368	336
105	3	368	336
106	4	367	335
106	5	366	335
107	5	366	334
108	6	365	333
108	6	365	333
101	15	356	326
101	15	355	325
102	16	354	324
102	17	353	323
102	18	352	322
102	19	351	321
103	20	349	320
103	21	348	319
103	22	347	318
103	23	346	317
104	25	345	316
85	0	371	339
85	1	369	338
84	0	370	338
83	0	370	338
82	0	371	338
82	0	371	339
81	0	371	339
80	-1	372	339
79	-1	372	340
78	-2	372	340
77	-2	373	340
62	-23	371	339
61	-23	371	339
59	-24	371	339
57	-26	371	339
56	-27	372	339
54	-29	372	340
52	-30	372	340
51	-32	372	340
49	-33	373	340
47	-35	373	340
46	-37	373	341
62	-13	386	352
60	-14	386	352
59	-14	387	352
58	-14	388	353
58	-14	388	354
57	-14	389	355
56	-15	390	356
56	-15	391	356
55	-15	392	357
54	-15	393	358
54	-15	394	359
82	-1	378	346
81	-1	378	346
82	0	378	346
83	0	378	346
83	1	378	346
84	1	378	346
85	2	378	346
86	3	378	346
87	3	378	346
88	4	378	346
89	5	378	346
90	6	378	346
90	6	377	346
91	7	377	345
92	8	377	345
93	8	377	345
94	9	377	345
95	10	377	345
96	10	377	345
97	11	377	345
97	12	377	345
98	13	377	345
97	28	363	332
97	28	362	331
98	30	362	331
99	31	361	330
100	33	360	329
100	34	359	328
101	36	358	327
102	37	357	327
102	39	356	326
103	40	356	325
104	42	355	324
97	44	363	332
97	45	362	331
98	47	361	330
98	48	361	330
98	50	360	330
98	51	360	329
99	53	360	329
99	54	359	329
99	56	359	328
99	57	359	328
100	59	358	328
106	30	378	346
106	31	377	345
106	31	378	346
107	31	379	346
108	30	379	347
108	30	380	348
109	30	381	348
109	30	381	349
110	30	382	350
110	30	383	350
111	29	384	351
90	23	393	359
90	22	393	359
89	22	394	360
89	21	396	361
88	21	397	362
88	20	398	363
87	20	399	364
86	19	400	365
86	18	401	366
85	18	403	367
84	17	404	368
90	6	393	359
89	5	394	360
89	4	394	360
88	3	395	360
88	1	395	361
88	0	396	361
87	0	396	362
87	-1	397	362
87	-2	397	363
86	-3	398	363
86	-5	398	363
99	32	393	360
98	30	393	360
99	31	393	360
99	32	393	360
99	33	393	360
100	34	394	361
100	35	394	361
101	36	394	361
101	37	394	361
101	38	394	361
102	39	394	362
90	41	393	360
90	41	393	360
90	42	393	360
89	43	393	360
89	44	393	360
89	45	393	360
88	46	393	360
88	47	393	360
88	48	393	360
87	49	393	360
87	50	393	360
90	32	393	360
89	32	393	360
89	32	393	360
89	32	393	360
89	32	393	360
89	32	393	360
88	32	393	360
88	32	393	360
88	32	393	360
88	32	393	360
88	31	393	360
90	7	393	360
89	6	393	360
89	5	393	360
89	3	393	360
89	2	393	360
89	0	393	360
89	0	393	360
89	-2	393	360
89	-3	393	360
89	-5	393	360
89	-6	393	360
99	24	393	360
98	22	393	360
99	22	393	360
99	23	393	360
100	23	393	360
100	23	393	360
101	23	393	360
101	24	393	360
102	24	393	360
102	24	393	360
103	25	393	360
99	24	393	360
99	24	393	360
99	24	393	360
99	24	393	360
100	24	393	360
100	25	393	360
100	25	393	360
100	25	393	360
101	25	393	360
101	25	393	360
101	26	393	360
90	15	393	360
90	15	393	360
89	14	393	360
89	14	393	360
88	13	393	360
88	13	393	360
88	13	393	360
87	12	393	360
87	12	393	360
86	11	393	360
86	11	393	360
117	33	393	360
116	32	392	360
117	33	392	360
119	34	392	360
120	34	392	360
121	35	392	360
123	36	392	360
124	37	392	360
125	38	392	360
126	38	392	360
128	39	392	360
140	48	378	346
141	48	378	346
143	50	377	345
145	51	376	344
146	52	375	343
148	53	374	342
150	54	373	342
152	56	373	341
154	57	372	340
156	58	371	339
158	59	370	339
124	16	393	359
125	17	392	358
125	15	392	358
125	14	393	358
125	13	393	359
125	12	394	359
125	10	394	360
125	9	394	360
125	8	395	360
124	6	395	361
124	5	396	361
98	-9	393	360
97	-10	393	360
96	-12	393	360
94	-14	393	360
93	-16	394	361
91	-18	394	361
89	-20	394	361
88	-22	394	361
86	-24	395	362
85	-26	395	362
83	-28	395	362
116	8	393	360
114	5	393	360
114	6	393	360
114	6	393	360
115	6	393	360
115	6	393	360
115	6	393	360
116	6	393	360
116	6	393	360
116	6	393	361
117	6	394	361
125	43	393	360
125	43	393	360
126	45	393	360
126	47	393	360
127	49	393	360
128	51	393	360
128	53	393	360
129	55	393	360
130	57	393	360
131	59	393	360
131	62	393	360
107	-18	393	360
107	-15	393	360
107	-18	393	360
106	-20	393	360
105	-23	393	360
104	-25	393	360
104	-28	393	360
103	-30	393	360
102	-33	393	360
102	-35	393	360
101	-37	393	360
107	7	393	360
106	4	393	360
105	4	393	360
105	4	393	360
105	5	393	360
104	5	393	360
104	5	393	360
104	5	393	360
103	5	393	360
103	5	393	360
103	6	393	360
99	7	393	360
98	7	393	360
98	7	393	360
97	7	393	360
96	7	393	360
96	8	393	360
95	8	393	360
95	8	393	360
94	8	393	360
94	8	393	360
93	9	393	360
99	-1	393	360
98	0	393	360
98	-1	393	360
97	-1	393	360
97	-1	393	360
97	-2	393	360
97	-2	393	360
97	-2	393	360
96	-3	393	360
96	-3	393	360
96	-3	393	360
90	7	393	360
89	6	393	360
89	6	393	360
88	7	393	360
88	7	393	360
87	7	393	360
86	7	393	360
86	8	393	360
85	8	393	360
85	8	393	360
84	9	393	360
73	7	393	360
72	7	393	360
71	7	393	360
70	7	393	360
68	7	393	360
67	7	392	360
66	7	392	360
65	8	392	360
64	8	392	360
62	8	392	359
61	8	392	359
99	-9	393	360
97	-8	392	359
98	-9	392	359
99	-10	392	359
100	-11	392	359
101	-12	392	359
102	-13	392	359
103	-13	392	359
104	-14	392	359
105	-15	392	359
106	-16	392	359
108	16	393	360
108	15	392	359
109	16	392	359
110	17	392	359
111	18	392	359
112	19	392	359
113	20	392	359
114	21	392	359
115	22	392	359
116	23	392	359
117	24	392	359
99	16	393	360
99	17	392	359
99	17	392	359
99	17	392	359
99	18	392	359
99	18	392	359
99	19	392	359
99	19	392	359
99	20	392	359
99	20	392	359
98	21	392	359
111	28	386	352
110	28	386	352
111	29	385	351
112	30	385	351
112	30	384	350
113	31	384	350
113	32	384	349
114	33	383	349
114	34	383	348
115	35	382	348
115	35	382	348
126	26	371	339
126	26	370	338
127	27	369	337
128	27	368	336
129	27	367	335
130	27	366	334
131	27	365	333
133	28	364	333
134	28	363	332
135	28	362	331
136	28	361	330
102	20	386	352
103	20	384	351
102	19	385	351
101	19	385	351
100	19	386	352
99	19	386	352
98	18	387	352
97	18	387	353
96	18	387	353
96	18	388	353
95	17	388	354
85	3	386	352
84	2	386	352
82	1	386	352
81	0	386	352
79	0	387	352
78	-1	387	353
77	-2	387	353
75	-3	387	353
74	-4	388	353
72	-5	388	353
71	-6	388	354
56	-8	393	360
54	-9	393	360
52	-10	393	360
50	-11	394	361
48	-12	394	361
45	-13	395	362
43	-14	395	362
41	-15	396	363
39	-16	396	363
37	-17	397	364
34	-18	397	364
91	26	393	360
88	24	393	360
89	26	393	360
90	27	393	360
91	29	394	361
92	30	394	361
94	32	394	361
95	33	394	361
96	35	394	362
97	36	395	362
98	38	395	362
91	-16	393	360
92	-14	393	360
92	-16	393	360
93	-17	393	360
93	-19	393	360
94	-20	393	360
94	-22	393	360
95	-24	393	360
96	-25	393	360
96	-27	393	360
97	-29	393	360
82	1	393	360
82	0	393	360
82	0	393	360
82	0	393	360
81	0	393	360
81	0	393	360
81	0	393	360
80	0	393	360
80	0	393	360
80	0	393	360
79	0	393	360
91	19	393	360
90	19	393	360
91	20	393	360
91	21	393	360
91	22	393	360
92	23	393	360
92	24	393	360
92	26	393	360
93	27	393	360
93	28	393	360
93	29	393	360
74	2	393	360
74	3	393	360
73	2	393	360
72	2	393	360
72	1	393	360
71	1	393	360
70	0	393	360
69	0	393	360
68	0	393	360
68	0	393	360
67	0	393	360
83	11	393	360
82	10	393	360
82	10	393	360
82	11	393	360
82	11	393	360
82	11	393	360
82	11	393	360
83	11	393	360
83	12	393	360
83	12	393	360
83	12	393	360
92	11	393	360
92	11	393	360
92	11	393	360
93	11	393	360
93	11	393	360
94	11	393	360
95	11	393	360
95	12	393	360
96	12	393	360
96	12	393	360
97	12	393	360
92	29	393	360
92	29	393	360
92	30	393	360
93	31	393	360
93	32	393	360
93	33	393	360
93	34	393	360
94	35	393	360
94	36	393	360
94	37	393	360
94	38	393	360
83	11	393	360
83	12	392	360
82	11	392	359
82	10	392	359
82	10	392	359
81	9	392	359
81	9	392	359
80	8	392	359
80	8	392	359
79	7	392	359
79	7	392	359
92	2	393	360
91	1	392	359
91	0	392	359
92	0	392	359
92	0	392	359
92	-1	392	359
93	-2	392	359
93	-3	392	359
93	-4	392	359
93	-4	392	359
94	-5	392	359
83	20	393	360
83	19	392	359
82	19	392	359
82	20	392	359
82	21	392	359
81	21	392	359
81	22	392	359
81	23	392	359
80	23	392	359
80	24	392	359
80	25	392	359
92	37	393	360
91	37	392	359
91	38	392	359
92	40	392	359
92	41	392	359
92	42	392	359
93	44	392	359
93	45	392	359
93	46	392	359
94	47	392	359
94	49	392	359
83	28	393	360
83	29	392	359
83	29	392	359
82	29	392	359
82	29	392	359
82	29	392	359
81	29	392	359
81	29	392	359
81	29	392	359
80	29	392	359
80	29	392	359
74	27	378	346
73	27	378	346
73	26	377	345
72	26	376	344
71	26	375	343
71	26	374	342
70	26	373	342
69	26	373	341
69	26	372	340
68	26	371	339
67	26	370	339
59	20	393	359
58	19	392	358
57	19	392	358
56	19	393	358
55	18	393	359
53	18	394	359
52	17	394	360
51	17	394	360
50	16	395	360
49	16	395	361
48	15	396	361
59	-13	378	346
57	-13	378	346
57	-15	377	345
56	-17	377	345
56	-19	376	344
56	-21	376	344
55	-23	375	343
55	-25	374	343
54	-27	374	342
54	-29	373	342
53	-31	373	341
78	5	371	339
77	2	370	338
78	3	369	337
79	3	369	337
80	3	368	336
81	3	367	335
82	3	367	335
83	3	366	334
83	3	365	334
84	3	365	333
85	4	364	332
88	23	386	352
88	23	385	351
89	24	385	351
90	25	386	352
91	26	387	352
92	27	387	353
93	28	388	353
94	30	388	354
95	31	389	354
96	32	389	355
97	33	390	355
84	-13	378	346
84	-11	378	346
85	-13	378	346
85	-14	378	346
85	-16	378	346
85	-17	377	346
85	-19	377	346
85	-20	377	345
86	-22	377	345
86	-23	377	345
86	-25	377	345
99	1	363	332
99	0	362	331
100	0	361	331
100	0	360	330
101	0	360	329
102	0	359	328
103	0	358	327
104	0	357	326
105	0	356	326
105	0	355	325
106	0	354	324
108	2	378	346
108	2	377	345
109	2	377	345
110	2	377	345
111	2	378	346
112	2	378	346
113	2	379	347
114	3	379	347
114	3	380	347
115	3	380	348
116	3	380	348
100	-4	393	359
100	-3	393	359
100	-4	394	360
100	-4	395	361
100	-4	396	362
100	-4	397	363
100	-5	398	364
100	-5	399	365
100	-5	400	366
100	-5	402	366
99	-6	403	367
100	-5	378	346
99	-5	379	346
99	-5	378	346
99	-5	378	346
99	-5	377	345
99	-5	377	345
99	-6	377	345
99	-6	376	345
99	-6	376	344
99	-6	376	344
99	-6	375	344
88	13	371	339
87	12	370	338
87	13	370	338
86	14	369	337
85	15	368	336
85	16	368	336
84	17	367	335
83	18	366	335
82	19	366	334
82	20	365	334
81	21	365	333
92	2	378	346
91	2	377	345
91	2	377	345
91	2	377	345
91	2	377	345
90	2	377	345
90	2	378	346
90	1	378	346
90	1	378	346
90	1	378	346
90	1	378	346
99	24	363	332
98	23	363	332
99	24	362	331
99	25	361	330
100	27	360	330
100	28	360	329
100	29	359	328
101	30	358	328
101	31	357	327
102	32	357	326
102	33	356	326
87	-2	371	339
87	0	370	338
86	-1	370	338
86	-2	370	338
85	-3	370	338
85	-4	370	338
84	-5	370	338
84	-6	370	338
83	-7	371	338
83	-8	371	338
83	-9	371	339
110	-3	356	326
109	-3	356	326
110	-4	355	325
111	-5	354	324
112	-5	353	324
113	-6	353	323
114	-6	352	322
115	-7	351	322
116	-7	350	321
117	-8	350	320
118	-8	349	320
125	-18	356	326
126	-18	355	325
127	-19	354	325
128	-20	354	324
130	-21	354	324
131	-22	353	324
132	-23	353	323
133	-24	353	323
135	-25	352	323
136	-26	352	323
137	-27	352	322
129	9	363	332
130	7	362	331
131	9	362	331
131	10	363	332
132	11	363	332
133	12	363	332
134	13	364	332
134	14	364	333
135	15	364	333
136	16	364	333
137	17	365	333
114	10	378	346
114	11	378	346
114	11	379	347
113	12	380	348
113	12	381	348
112	13	382	349
111	14	383	350
111	14	384	351
110	15	385	352
110	15	386	353
109	16	387	354
121	1	363	332
120	1	363	332
120	1	363	332
120	1	363	332
120	0	362	331
120	0	362	331
120	0	361	330
120	0	361	330
121	0	361	330
121	0	360	329
121	-1	360	329
81	-5	378	346
81	-5	377	345
78	-5	378	346
76	-6	378	346
74	-6	379	347
72	-7	379	347
70	-7	380	348
68	-8	381	348
66	-8	381	349
63	-9	382	350
61	-9	382	350
97	2	378	346
94	1	378	346
94	1	378	346
94	1	379	347
94	2	379	347
94	2	379	347
94	2	380	347
94	2	380	348
94	2	380	348
94	2	380	348
94	3	381	348
137	2	378	346
136	2	378	346
139	2	378	346
141	2	378	346
143	2	378	346
146	2	378	346
148	2	378	346
150	2	378	346
153	2	378	346
155	3	379	346
157	3	379	347
113	12	393	359
115	12	393	359
115	12	393	359
114	13	394	360
114	13	395	361
114	14	396	362
113	15	397	362
113	15	398	363
113	16	399	364
112	16	399	365
112	17	400	365
129	-4	378	346
128	-3	378	346
129	-4	378	346
129	-4	377	345
130	-5	377	345
131	-5	377	345
131	-6	376	344
132	-7	376	344
133	-7	375	343
133	-8	375	343
134	-9	374	343
140	14	371	339
140	13	370	338
141	14	369	338
142	14	369	337
143	15	368	336
144	16	367	336
145	16	367	335
146	17	366	334
146	18	366	334
147	18	365	333
148	19	364	333
224	-41	386	352
224	-40	385	351
229	-42	385	351
234	-45	386	352
239	-48	387	352
244	-51	387	353
250	-53	388	353
255	-56	388	354
260	-59	389	354
265	-61	389	355
270	-64	390	355
229	-45	393	359
234	-47	393	359
236	-49	394	360
238	-50	394	360
241	-52	395	361
243	-53	396	362
246	-55	396	362
248	-56	397	363
251	-58	398	363
253	-59	399	364
256	-60	399	365
219	-79	378	346
221	-80	378	346
221	-82	378	346
222	-85	377	345
222	-87	377	345
222	-90	376	344
222	-92	375	344
223	-94	375	343
223	-97	374	343
223	-99	374	342
223	-101	373	342
136	-10	393	359
136	-12	392	358
131	-9	392	359
127	-6	393	359
122	-3	394	359
117	-1	394	360
113	1	395	360
108	4	395	361
103	7	396	361
99	10	396	362
94	13	397	362
127	45	378	346
122	47	378	346
119	52	377	346
117	56	377	345
114	61	376	345
112	65	376	344
109	70	375	344
106	74	375	343
104	79	374	343
101	83	374	342
99	87	373	342
116	8	386	352
113	12	385	351
111	12	385	351
110	12	385	351
108	11	385	351
107	11	386	351
105	11	386	351
104	11	386	352
102	10	386	352
101	10	386	352
99	10	386	352
207	22	393	360
205	21	393	360
209	22	393	360
214	22	394	361
219	23	394	361
223	23	395	362
228	23	395	362
232	24	396	363
237	24	396	363
241	25	397	364
246	25	397	364
276	5	393	360
280	5	393	360
286	4	393	360
292	3	393	360
298	3	394	361
304	2	394	361
310	1	394	361
316	0	394	361
322	0	394	362
327	0	395	362
333	-1	395	362
258	23	393	360
263	22	393	360
265	22	393	360
266	23	393	360
268	24	393	360
269	24	393	360
270	25	393	360
272	26	393	360
273	26	393	360
275	27	393	360
276	28	393	360
225	54	378	346
226	54	378	346
224	56	377	345
223	58	376	344
221	60	375	343
220	62	374	343
218	64	374	342
217	66	373	341
215	68	372	340
214	71	371	340
212	73	370	339
188	84	386	352
186	86	385	351
183	88	385	351
180	91	385	351
178	93	385	351
175	96	385	351
172	98	385	351
169	101	385	351
166	103	385	351
163	106	385	351
161	108	385	351
159	95	378	346
156	97	378	345
153	99	377	345
150	100	377	345
147	102	376	345
145	104	376	344
142	105	376	344
139	107	375	344
136	108	375	343
133	110	375	343
131	112	374	343
139	66	371	339
136	67	370	338
134	66	370	338
131	65	369	337
129	64	368	337
127	63	368	336
125	62	367	336
123	61	367	335
120	60	366	335
118	59	366	334
116	58	365	334
115	58	371	339
112	56	370	338
110	55	370	338
108	54	369	338
106	53	369	337
104	53	369	337
102	52	369	337
99	51	369	337
97	50	368	336
95	49	368	336
93	48	368	336
151	112	378	346
148	110	377	345
149	113	378	346
151	116	378	346
152	118	378	346
153	121	379	347
154	124	379	347
155	126	379	347
156	129	379	348
158	131	380	348
159	134	380	348
136	40	363	332
137	42	363	332
136	39	362	331
136	37	361	331
136	34	361	330
136	31	360	329
136	28	359	329
136	26	359	328
135	23	358	327
135	20	357	327
135	17	357	326
153	75	378	346
152	72	377	345
153	72	377	345
154	73	378	346
155	73	378	346
155	74	379	347
156	74	379	347
157	75	380	348
158	76	380	348
159	76	381	349
159	77	381	349
128	26	393	359
128	26	393	359
127	24	394	360
126	21	395	361
125	19	396	362
124	17	397	363
123	15	399	364
122	12	400	365
121	10	401	366
120	8	402	367
119	5	403	368
103	-7	378	346
101	-9	379	346
100	-12	378	346
98	-15	378	346
96	-17	377	346
94	-20	377	345
92	-23	377	345
90	-26	376	345
88	-29	376	344
86	-32	376	344
84	-35	375	344
61	-22	393	359
59	-24	392	358
56	-26	393	359
52	-28	393	359
49	-30	394	360
46	-32	395	360
43	-34	395	361
40	-36	396	361
37	-38	396	362
34	-40	397	362
31	-42	398	363
70	3	393	360
66	0	393	360
66	1	393	360
65	2	394	361
64	2	394	361
63	3	394	361
62	4	395	362
62	4	395	362
61	5	395	362
60	6	395	362
59	6	396	363
91	15	386	352
90	15	386	352
91	16	386	351
92	17	385	351
93	18	385	351
94	19	385	350
95	21	384	350
96	22	384	350
97	23	384	349
98	24	383	349
99	25	383	349
62	3	393	360
63	4	392	359
61	3	392	359
60	3	393	360
59	3	393	360
58	3	393	360
57	2	393	361
56	2	394	361
55	2	394	361
54	2	394	361
52	2	394	362
71	-4	393	360
69	-4	393	360
69	-4	393	360
69	-5	393	360
69	-5	393	360
69	-6	393	360
69	-6	393	360
69	-7	393	361
69	-8	394	361
69	-8	394	361
69	-9	394	361
79	-12	393	360
78	-12	393	360
79	-13	393	360
79	-13	393	360
80	-14	393	360
80	-15	393	360
81	-15	393	360
81	-16	393	360
82	-17	393	360
82	-17	393	360
83	-18	393	360
107	15	386	352
107	14	386	352
109	15	385	351
111	16	385	351
112	17	384	350
114	19	384	350
116	20	384	349
118	21	383	349
119	22	383	349
121	24	383	348
123	25	382	348
122	14	371	339
123	15	370	338
125	15	369	337
126	16	368	336
128	16	367	335
130	17	366	334
131	17	365	333
133	18	364	333
134	18	363	332
136	19	362	331
138	19	361	330
165	41	363	332
166	41	361	331
169	43	361	330
172	44	360	329
175	46	359	328
178	48	358	327
181	49	357	327
184	51	356	326
187	53	355	325
190	54	355	324
193	56	354	324
240	2	349	319
242	3	348	318
248	2	347	317
253	0	345	316
259	0	344	315
264	-2	343	314
270	-3	342	313
275	-5	341	312
280	-6	340	311
286	-7	339	310
291	-9	338	309
171	11	363	332
176	9	361	330
174	9	362	331
173	9	362	331
171	8	362	331
170	8	363	332
168	8	363	332
166	8	363	332
165	7	364	333
163	7	364	333
162	7	364	333
163	-43	378	346
161	-43	378	346
159	-46	379	347
158	-49	380	348
157	-52	381	349
155	-55	382	350
154	-58	383	351
152	-61	384	352
151	-64	385	353
149	-67	386	354
148	-70	387	355
135	23	371	339
133	19	372	339
131	22	372	340
129	24	372	340
127	26	372	340
125	29	372	340
122	31	372	340
120	33	372	340
118	36	372	340
116	38	372	340
114	40	372	340
139	20	378	346
136	22	378	346
136	23	378	346
135	24	378	346
134	25	379	347
134	26	379	347
133	27	379	347
133	28	380	348
132	29	380	348
131	30	380	348
131	31	381	349
162	35	363	332
161	36	363	332
162	37	362	331
163	38	362	331
164	39	361	330
165	40	360	329
166	41	359	329
168	43	359	328
169	44	358	327
170	45	357	327
171	46	357	326
166	23	356	326
167	24	355	325
167	23	354	324
168	23	353	324
169	23	353	323
170	23	352	322
170	23	351	322
171	22	351	321
172	22	350	320
173	22	349	320
173	22	348	319
187	22	342	313
187	21	341	312
189	21	340	311
190	21	339	310
192	21	338	309
193	20	337	308
194	20	336	307
196	20	334	306
197	20	333	305
199	20	332	304
200	19	331	303
201	14	329	301
202	13	327	300
203	13	326	298
205	12	325	297
206	12	324	296
207	11	323	295
209	11	322	294
210	10	321	293
212	10	319	292
213	9	318	291
214	9	317	290
180	21	329	301
181	20	327	299
180	20	327	299
180	20	326	299
179	20	326	298
178	21	326	298
178	21	325	297
177	21	325	297
176	21	324	297
176	21	324	296
175	21	323	296
125	27	316	289
124	27	315	288
120	27	314	287
117	28	313	286
114	28	312	286
110	28	312	285
107	29	311	284
103	29	310	283
100	30	309	283
97	30	308	282
93	31	307	281
133	28	329	301
129	28	328	300
128	28	328	300
127	28	328	300
126	29	329	301
125	29	329	301
124	29	329	301
123	29	330	302
122	30	330	302
121	30	331	302
120	30	331	303
141	30	342	313
139	30	342	313
140	30	343	314
140	30	344	315
140	30	345	315
140	31	346	316
140	31	347	317
140	31	347	318
141	31	348	319
141	31	349	320
141	31	350	321
171	15	342	313
171	15	342	313
172	14	343	314
174	13	343	314
176	12	344	314
178	12	344	315
180	11	344	315
181	10	345	316
183	9	345	316
185	9	346	316
187	8	346	317
167	17	336	307
168	16	336	307
169	15	336	307
169	15	335	306
170	15	335	306
171	15	335	306
171	15	335	306
172	14	335	306
172	14	334	305
173	14	334	305
173	14	334	305
100	-3	349	319
100	-3	348	318
97	-4	349	319
93	-5	349	319
89	-6	350	320
86	-7	351	320
82	-9	351	321
79	-10	352	322
75	-11	353	322
72	-12	353	323
68	-13	354	323
109	-1	363	332
105	-2	363	332
104	-2	364	333
103	-2	365	334
102	-3	366	335
100	-3	367	336
99	-4	368	337
98	-4	369	338
97	-4	371	339
96	-5	372	340
95	-5	373	341
86	4	349	319
84	3	350	319
83	3	349	319
81	3	349	319
80	4	349	319
78	4	348	318
77	4	348	318
75	4	348	318
73	4	347	317
72	4	347	317
70	5	347	317
82	0	342	313
80	0	341	312
79	0	341	312
78	0	340	311
77	0	339	311
76	0	339	310
76	0	338	310
75	0	338	309
74	0	337	308
73	0	336	308
72	0	336	307
75	-13	342	313
74	-13	341	312
73	-13	341	312
72	-14	340	312
72	-15	340	311
71	-16	340	311
70	-17	340	311
70	-17	339	311
69	-18	339	310
68	-19	339	310
67	-20	339	310
83	7	342	313
82	6	341	312
82	6	341	312
82	7	341	312
82	8	341	312
83	9	341	312
83	10	341	312
83	10	341	312
83	11	341	312
83	12	341	312
83	13	341	312
139	13	329	301
139	13	328	300
142	14	328	300
145	15	327	299
148	15	326	298
152	16	325	298
155	17	325	297
158	18	324	296
161	18	323	296
164	19	322	295
168	20	322	294
149	16	323	295
152	16	322	294
154	17	321	293
156	17	320	293
158	18	320	292
160	18	319	291
162	18	318	291
164	19	318	290
166	19	317	289
168	20	316	289
170	20	316	288
143	18	336	307
144	18	335	306
145	18	335	306
145	18	336	307
146	19	336	307
146	19	337	308
146	19	337	308
147	20	338	308
147	20	338	309
147	20	339	309
148	20	339	310
156	65	323	295
156	65	323	295
157	67	323	294
157	70	322	294
158	73	322	294
159	76	321	293
160	78	321	293
161	81	320	292
161	84	320	292
162	86	319	291
163	89	319	291
136	23	336	307
136	25	335	306
136	24	335	306
135	23	336	307
134	22	336	307
133	21	337	308
132	20	337	308
132	18	338	309
131	17	338	309
130	16	339	310
129	15	339	310
114	2	349	319
113	0	349	319
111	0	350	320
109	-2	351	321
108	-4	352	322
106	-6	353	322
105	-8	354	323
103	-10	355	324
101	-11	356	325
100	-13	357	326
98	-15	358	327
103	22	356	326
101	20	356	326
100	20	357	327
98	20	358	328
97	21	359	329
96	21	360	329
94	21	360	330
93	22	361	331
92	22	362	332
91	23	363	332
89	23	364	333
133	37	356	326
131	37	356	326
132	38	357	327
134	39	357	327
135	40	357	327
136	41	357	327
137	42	358	328
138	43	358	328
139	45	358	328
141	46	359	329
142	47	359	329
91	49	363	332
92	50	363	332
90	51	363	332
88	52	364	333
87	53	364	333
85	54	365	333
83	55	365	334
81	56	366	334
80	58	366	335
78	59	367	335
76	60	367	336
84	35	378	346
82	36	378	346
81	35	379	347
79	35	380	348
78	35	381	349
77	34	382	350
76	34	383	351
74	34	384	352
73	33	385	353
72	33	386	353
71	33	387	354
0	36	393	359
-1	35	394	359
-6	35	395	361
-11	35	396	362
-16	35	397	363
-21	35	399	364
-26	34	400	365
-31	34	401	366
-36	34	402	367
-42	34	404	368
-47	34	405	370
71	18	393	360
65	17	394	361
67	16	394	361
69	15	395	362
71	14	395	362
72	13	396	363
74	12	396	363
76	11	397	364
77	10	397	364
79	9	398	365
81	8	398	365
-49	122	393	360
-47	120	393	360
-52	126	393	360
-58	131	393	360
-64	136	393	360
-69	142	394	361
-75	147	394	361
-80	152	394	361
-86	158	394	361
-92	163	394	361
-97	168	394	361
-82	162	378	346
-87	167	378	346
-92	171	377	345
-96	176	376	344
-100	181	375	343
-105	185	374	343
-109	190	374	342
-114	195	373	341
-118	199	372	341
-123	204	371	340
-127	209	371	339
-17	129	378	346
-21	133	377	345
-19	133	376	344
-17	133	376	344
-15	133	376	344
-13	133	375	343
-11	133	375	343
-9	133	375	343
-7	133	374	342
-5	133	374	342
