475	379	28	14
466	384	27	13
470	387	27	13
475	391	27	13
479	395	27	13
484	399	28	13
488	402	28	13
493	406	28	13
498	410	28	13
502	414	29	14
507	418	29	14
512	421	29	14
465	385	28	14
464	385	28	14
464	385	28	14
464	385	28	14
464	385	28	14
464	385	28	14
464	385	28	14
464	385	28	14
464	385	28	14
464	385	28	14
464	386	28	14
464	394	27	13
463	394	27	13
463	394	27	13
463	395	27	13
463	395	26	12
463	396	26	12
463	397	26	12
463	397	26	12
463	398	26	12
463	398	26	12
463	399	26	12
467	394	26	13
466	394	25	12
467	394	25	12
467	395	25	12
467	395	25	12
467	395	25	12
467	395	25	12
467	396	25	12
467	396	25	12
467	396	25	12
468	396	25	12
474	405	25	12
474	405	24	11
474	405	24	11
475	406	24	11
475	407	24	11
475	407	24	11
476	408	24	11
476	409	24	11
477	410	24	11
477	410	24	11
478	411	24	11
488	415	25	12
488	415	24	11
489	416	24	11
490	417	24	11
491	418	24	11
492	419	24	11
493	419	24	11
494	420	24	11
495	421	24	11
496	422	24	11
497	423	24	11
504	416	26	13
504	416	25	12
506	417	26	13
507	417	26	13
508	418	26	13
510	418	26	13
511	418	26	13
512	419	26	13
514	419	26	13
515	420	26	13
516	420	26	13
518	415	25	12
519	415	25	12
520	415	25	12
521	415	24	11
523	415	24	11
524	415	24	11
525	415	24	11
527	415	24	11
528	415	24	11
529	415	24	11
530	416	24	11
527	417	26	13
528	417	25	12
529	417	26	13
530	417	26	13
531	417	26	13
532	417	26	13
533	417	26	13
534	417	26	13
535	417	26	13
536	418	26	13
537	418	26	13
544	425	25	12
545	425	25	12
546	425	25	12
547	426	24	11
548	426	24	11
550	427	24	11
551	427	24	11
552	428	24	11
554	428	24	11
555	429	24	11
556	429	24	11
552	414	25	12
553	414	24	11
554	414	24	11
555	413	24	11
556	413	24	11
557	412	24	11
558	412	24	11
559	412	24	11
560	411	24	11
561	411	24	11
562	410	24	11
558	420	26	13
558	419	25	12
559	419	26	13
560	419	26	13
561	419	26	13
561	420	26	13
562	420	26	13
563	420	26	13
563	420	26	13
564	420	26	13
565	420	26	13
546	407	26	13
546	407	26	13
546	406	26	13
545	405	26	13
545	405	26	13
545	404	26	13
544	403	26	13
544	403	26	13
543	402	26	13
543	401	26	13
542	401	26	13
518	400	27	13
517	399	27	13
515	398	27	13
514	397	27	13
512	397	27	13
510	396	27	13
508	395	27	13
506	395	27	13
505	394	27	13
503	393	27	13
501	393	27	13
510	388	29	14
508	387	29	14
507	386	29	14
505	385	29	14
504	384	29	14
503	383	29	14
502	382	29	14
500	381	29	14
499	380	30	14
498	379	30	14
497	378	30	14
513	383	29	14
511	382	29	14
511	381	29	14
511	380	29	14
510	380	29	14
510	379	29	14
510	378	29	14
510	378	29	14
509	377	29	14
509	376	29	14
509	376	29	14
517	394	30	15
516	393	30	15
516	393	30	15
517	394	30	15
517	394	30	15
517	394	30	15
517	395	30	15
517	395	30	15
517	395	30	15
518	396	30	15
518	396	30	15
497	403	30	15
497	403	30	15
496	404	30	15
495	404	30	15
494	405	30	15
493	406	30	15
492	406	30	15
491	407	30	15
490	408	30	15
489	408	30	15
487	409	30	15
497	420	30	15
495	420	30	15
495	421	30	15
495	423	30	15
494	424	30	15
494	425	30	15
493	426	30	15
493	428	30	15
492	429	30	15
492	430	30	15
491	431	30	15
498	420	29	14
497	421	29	14
497	421	28	13
497	422	28	13
497	422	28	13
497	423	28	13
497	423	28	13
496	424	28	13
496	424	28	13
496	425	28	13
496	425	28	13
522	433	30	15
521	433	29	14
523	434	29	14
524	435	30	15
525	436	30	15
527	437	30	15
528	437	30	15
529	438	30	15
531	439	30	15
532	440	30	15
533	441	30	15
522	448	32	16
523	448	32	16
523	450	32	16
524	451	32	16
525	452	32	16
525	453	32	16
526	454	32	16
526	456	32	16
527	457	32	16
528	458	33	16
528	459	33	16
505	451	33	16
505	452	33	16
504	452	33	16
504	453	33	16
503	454	33	16
502	454	33	16
501	455	33	16
501	456	33	16
500	456	33	16
499	457	34	16
498	458	34	16
499	450	34	17
498	450	34	17
497	450	34	17
496	450	34	17
496	451	34	17
495	451	34	17
494	451	34	17
494	451	34	17
493	451	34	17
492	451	34	17
491	452	34	17
479	464	35	17
478	464	35	17
476	464	35	17
475	465	35	17
474	466	35	17
472	467	35	17
471	468	35	17
470	469	35	17
468	469	35	17
467	470	35	17
465	471	35	17
480	476	36	18
478	476	36	18
478	477	36	18
477	478	36	18
477	479	36	18
476	480	36	18
476	481	36	18
475	482	36	18
474	483	36	18
474	484	36	18
473	485	36	18
509	450	38	19
508	451	38	19
509	450	38	19
511	448	38	19
512	447	38	19
514	446	38	19
515	445	38	19
517	444	38	19
518	443	39	19
520	442	39	19
521	441	39	19
478	439	39	19
479	437	39	19
478	436	39	19
477	435	39	19
476	434	39	19
475	433	39	19
474	432	39	19
473	431	39	19
472	430	39	19
471	428	40	19
470	427	40	19
470	433	38	19
468	431	38	19
467	431	38	19
466	430	38	19
465	429	38	19
464	428	38	19
464	427	38	19
463	427	38	19
462	426	38	19
461	425	38	19
460	424	38	19
459	437	38	19
458	436	37	19
457	436	37	19
456	436	37	19
455	436	37	19
454	435	37	19
453	435	37	19
452	435	37	19
451	435	37	19
450	435	37	19
449	435	37	19
469	419	36	18
467	418	35	18
468	417	35	17
468	416	35	17
468	415	35	17
468	415	35	17
468	414	35	17
469	413	35	17
469	412	35	17
469	411	35	17
469	410	34	17
468	404	37	18
468	403	36	17
468	401	36	17
468	400	36	17
468	399	36	17
468	397	36	17
468	396	36	17
468	395	36	17
468	394	36	17
468	392	36	17
468	391	36	17
476	401	39	19
476	399	39	18
476	399	39	19
477	398	39	19
477	397	39	19
477	397	39	19
478	396	39	19
478	395	39	19
479	394	39	19
479	394	39	19
480	393	40	19
461	413	40	20
461	412	40	20
460	412	40	20
460	413	40	20
459	413	40	20
458	414	40	20
458	414	40	20
457	414	40	20
457	415	40	20
456	415	40	20
455	416	41	20
485	405	41	20
484	405	41	20
485	405	41	20
486	405	41	20
487	404	41	20
488	404	41	20
489	404	41	20
490	404	41	20
491	403	41	20
492	403	41	20
493	403	41	20
485	431	42	21
486	430	42	21
486	432	42	21
487	433	42	21
487	434	42	21
487	436	42	21
488	437	42	21
488	438	42	21
489	440	42	21
489	441	42	21
490	442	42	21
507	406	44	22
507	407	44	22
508	406	44	22
510	405	44	22
511	404	44	22
513	404	44	22
514	403	44	22
515	402	44	22
517	401	45	22
518	401	45	22
519	400	45	22
523	375	42	21
524	374	42	21
525	372	42	21
527	369	42	21
528	367	41	21
530	365	41	20
531	363	41	20
533	361	41	20
534	359	41	20
536	357	41	20
537	354	41	20
519	362	41	20
520	359	40	19
520	358	40	19
521	356	40	19
521	354	40	19
521	353	40	19
522	351	40	19
522	350	40	19
522	348	40	19
523	346	40	19
523	345	40	19
517	340	42	21
517	338	41	20
517	336	41	20
517	334	41	20
517	332	41	21
517	331	41	21
517	329	42	21
517	327	42	21
517	325	42	21
517	323	42	21
517	321	42	21
525	341	40	20
524	339	40	20
525	338	39	19
525	337	39	19
526	337	39	19
526	336	39	19
527	335	39	19
527	335	39	19
527	334	39	19
528	333	39	19
528	333	39	19
536	351	39	19
536	350	38	18
537	350	38	18
537	351	38	18
538	351	38	18
539	351	38	18
540	352	38	18
541	352	38	18
541	352	38	18
542	353	38	18
543	353	38	18
559	358	38	19
559	358	37	18
561	358	37	18
563	359	37	18
564	360	37	18
566	360	37	18
567	361	37	18
569	361	37	18
571	362	37	18
572	363	37	18
574	363	37	18
571	364	38	19
572	364	37	18
573	365	37	18
575	365	37	18
576	366	37	18
577	366	37	18
579	367	37	18
580	368	37	18
581	368	37	18
583	369	37	18
584	369	37	18
553	367	39	19
554	367	38	18
553	367	39	18
553	368	39	18
552	368	39	18
552	369	39	18
551	369	39	18
551	369	39	18
550	370	39	18
550	370	39	18
549	371	39	18
547	339	40	20
546	339	40	19
545	337	40	20
545	336	40	20
544	335	40	20
543	333	40	20
543	332	40	20
542	330	40	20
542	329	40	20
541	328	40	20
540	326	40	20
539	337	39	19
538	335	39	19
537	334	39	19
536	334	39	18
536	333	39	18
535	332	38	18
534	331	38	18
534	331	38	18
533	330	38	18
532	329	38	18
532	328	38	18
540	335	37	18
539	334	36	17
539	333	36	17
538	333	36	17
538	333	36	17
538	332	36	17
538	332	36	17
537	332	36	17
537	331	36	17
537	331	35	17
537	330	35	17
532	335	36	18
531	334	35	17
531	334	35	17
530	334	35	17
530	334	35	17
529	334	35	17
529	334	35	17
528	333	35	17
528	333	35	17
527	333	34	17
527	333	34	17
534	328	35	17
533	327	34	16
533	327	34	16
533	327	34	16
533	326	34	16
533	326	34	16
532	325	34	16
532	325	34	16
532	324	34	16
532	324	34	16
532	324	34	16
530	321	34	17
529	320	33	16
529	320	33	16
529	319	33	16
529	318	33	16
528	318	33	16
528	317	33	16
528	317	33	16
528	316	33	16
527	316	33	16
527	315	33	16
551	328	35	17
550	327	34	16
551	327	34	16
552	327	34	16
553	327	34	16
555	328	34	16
556	328	35	16
557	328	35	16
558	328	35	16
559	328	35	16
560	328	35	16
544	318	34	17
545	318	34	16
545	317	33	16
545	317	33	16
545	316	33	16
545	316	33	16
545	315	33	16
545	315	33	16
545	314	33	16
545	314	33	16
545	314	33	16
556	300	34	17
556	299	33	16
556	298	33	16
557	297	33	16
558	295	33	16
558	294	33	16
559	293	33	16
559	292	33	16
560	291	33	16
561	289	33	16
561	288	33	16
571	288	34	17
571	286	33	16
572	285	33	16
573	284	33	16
574	283	33	16
576	282	33	16
577	280	33	16
578	279	33	16
579	278	33	16
580	277	33	16
581	276	33	16
572	270	34	17
573	268	33	16
573	267	33	16
574	265	33	16
574	264	33	16
575	262	33	16
575	261	33	16
576	260	33	16
576	258	33	16
577	257	33	16
577	255	33	16
564	246	34	17
564	244	33	16
564	242	33	16
563	240	33	16
563	238	33	16
563	236	33	16
563	234	33	16
562	233	33	16
562	231	33	16
562	229	33	16
562	227	33	16
564	244	33	16
563	242	33	16
563	241	32	15
563	240	32	15
563	239	32	15
563	238	32	15
562	237	32	15
562	236	32	15
562	235	32	15
562	235	32	15
562	234	32	15
564	231	33	16
563	230	32	15
563	229	32	15
563	228	32	15
563	227	32	15
563	226	32	15
563	225	32	15
563	224	32	15
563	223	32	15
563	222	32	15
563	221	32	15
575	220	32	16
574	218	31	15
575	217	31	15
576	216	31	15
576	215	31	15
577	214	31	15
577	213	31	15
578	212	31	15
579	211	31	15
579	210	31	15
580	209	31	15
588	218	31	15
588	216	30	14
589	216	30	14
590	215	30	14
591	215	30	14
592	214	30	14
593	214	30	14
594	213	30	14
595	213	30	14
596	212	30	14
597	212	30	14
590	218	30	15
590	217	29	14
591	217	29	14
592	217	29	14
592	216	29	14
593	216	29	14
593	216	29	14
594	216	29	14
594	216	29	14
595	216	29	14
595	215	29	14
602	212	29	14
602	211	28	13
603	211	28	13
604	211	28	13
605	210	28	13
605	210	28	13
606	209	28	13
607	209	28	13
608	209	28	13
609	208	28	13
610	208	28	13
589	231	29	14
589	230	28	13
589	231	28	13
589	232	28	13
588	233	28	13
588	234	28	13
587	235	28	13
587	235	28	13
587	236	28	13
586	237	28	13
586	238	28	13
586	246	27	13
585	246	26	12
585	248	26	12
584	249	26	12
584	250	26	12
584	251	26	12
583	253	26	12
583	254	26	12
582	255	26	12
582	256	25	12
582	258	25	12
605	251	26	13
604	252	25	12
605	253	25	12
606	253	25	12
607	254	25	12
608	255	25	12
609	256	25	12
610	256	25	12
610	257	25	12
611	258	25	12
612	259	24	12
617	261	27	13
617	261	26	12
618	262	26	12
620	263	26	12
621	264	26	12
622	265	26	12
623	265	26	12
624	266	26	12
625	267	26	12
626	268	27	12
627	269	27	12
616	249	28	14
617	249	28	13
617	249	28	14
617	249	28	14
618	248	28	14
618	248	28	14
618	248	28	14
619	247	28	14
619	247	28	14
620	247	28	14
620	246	28	14
624	238	28	14
624	237	28	14
624	236	28	14
625	236	28	14
626	235	28	14
626	234	28	14
627	233	28	14
627	232	28	14
628	232	28	14
628	231	28	14
629	230	28	14
616	247	29	14
616	246	29	14
616	246	29	14
616	246	29	14
615	246	29	14
615	246	29	14
615	246	29	14
615	247	29	14
615	247	29	14
614	247	29	14
614	247	29	14
617	236	29	14
616	236	29	14
616	235	29	14
616	235	29	14
616	234	29	14
616	234	29	14
616	233	29	14
616	233	29	14
616	232	29	14
616	232	29	14
616	231	29	14
614	238	28	14
613	237	28	14
613	237	27	14
613	237	27	14
613	237	27	14
613	237	27	14
612	236	27	14
612	236	27	14
612	236	27	14
612	236	27	14
612	236	27	14
607	247	27	13
606	246	26	13
606	247	26	12
605	247	26	12
605	248	26	12
604	248	26	12
604	249	26	12
604	249	26	12
603	250	26	12
603	250	26	12
602	251	26	12
604	243	28	14
603	243	27	13
603	243	27	13
602	243	27	14
602	243	27	14
602	243	28	14
601	243	28	14
601	243	28	14
600	243	28	14
600	243	28	14
600	243	28	14
605	254	28	14
604	253	28	14
604	254	28	14
604	255	28	14
604	255	28	14
604	256	28	14
604	256	28	14
604	257	28	14
604	258	28	14
603	258	28	14
603	259	28	14
611	253	27	13
610	253	27	13
611	253	26	12
611	253	26	12
611	254	26	12
612	254	26	12
612	254	26	12
612	254	26	12
613	255	26	12
613	255	26	12
613	255	26	12
629	253	26	13
629	253	25	12
630	253	25	12
631	253	25	12
632	253	25	12
633	253	25	12
635	253	25	12
636	253	25	12
637	253	25	12
638	253	25	12
639	253	25	12
639	249	26	13
640	249	25	12
641	248	25	12
642	248	25	12
643	248	25	12
644	248	25	12
645	248	25	12
646	247	25	12
647	247	25	12
648	247	25	12
649	247	25	12
638	264	27	13
639	263	26	12
639	264	27	12
639	265	27	12
640	265	27	12
640	266	27	12
640	267	27	12
641	268	27	12
641	268	27	12
641	269	27	12
642	270	27	12
658	260	27	13
658	260	27	12
659	260	27	12
660	260	27	12
661	261	27	12
663	261	27	12
664	261	27	12
665	261	27	12
666	261	27	12
667	261	27	12
669	261	27	12
664	262	29	14
665	262	29	13
666	262	29	14
666	262	29	14
667	262	29	14
668	262	29	14
669	262	29	14
670	262	29	14
671	262	29	14
672	263	29	14
672	263	30	14
659	270	29	14
659	270	29	14
659	270	29	14
659	271	29	14
659	271	29	14
659	272	29	14
660	272	29	14
660	273	29	14
660	273	29	14
660	274	29	14
660	274	29	14
673	263	30	15
673	263	30	15
673	263	30	15
674	263	30	15
675	262	30	15
676	262	30	15
676	262	30	15
677	262	30	15
678	262	30	15
678	262	30	15
679	261	30	15
687	259	32	16
687	258	32	16
688	258	32	16
689	258	32	16
691	257	32	16
692	257	32	16
693	257	32	16
694	256	32	16
695	256	33	16
696	256	33	16
697	255	33	16
680	247	31	15
681	246	31	15
681	245	31	15
681	245	31	15
681	244	31	15
681	243	31	14
681	242	31	14
681	241	31	14
681	241	31	14
681	240	31	14
681	239	31	14
680	235	32	16
680	234	32	15
680	233	32	16
679	232	32	16
679	231	32	16
679	230	32	16
679	229	32	16
679	228	32	16
679	227	32	16
679	226	32	16
679	225	32	16
691	236	32	16
690	234	32	16
691	234	32	16
692	234	32	16
692	233	32	16
693	233	32	16
693	233	32	16
694	232	32	16
695	232	32	16
695	232	32	16
696	231	32	16
696	235	34	17
696	234	34	17
697	234	34	17
697	234	34	17
698	234	34	17
698	234	34	17
699	233	34	17
699	233	34	17
700	233	34	17
700	233	34	17
701	233	35	17
701	246	32	16
701	245	32	16
702	246	32	16
702	246	32	16
703	247	31	15
703	248	31	15
703	248	31	15
704	249	31	15
704	249	31	15
705	250	31	15
705	250	31	15
707	256	32	16
707	256	31	15
708	257	31	15
708	258	31	15
709	259	31	15
709	259	31	15
710	260	31	15
710	261	31	15
711	262	31	15
711	263	31	15
712	263	31	15
720	263	31	15
720	263	30	14
721	264	30	14
722	265	30	14
723	265	30	14
724	266	30	14
725	267	30	14
726	268	30	14
726	268	30	14
727	269	30	14
728	270	30	14
717	252	32	16
717	252	31	15
718	252	31	15
718	252	31	15
718	251	32	16
718	251	32	16
719	251	32	16
719	250	32	16
719	250	32	16
719	250	32	16
719	249	32	16
718	243	30	15
718	242	30	15
718	241	29	14
718	241	29	14
718	240	29	14
718	239	29	14
718	239	29	14
718	238	29	14
718	237	29	14
719	237	29	14
719	236	29	14
730	243	32	16
730	242	31	15
730	242	31	15
731	241	32	16
732	241	32	16
732	241	32	16
733	240	32	16
734	240	32	16
734	240	32	16
735	240	32	16
736	239	32	16
728	244	30	15
728	243	30	15
728	243	29	15
729	243	29	14
729	243	29	14
729	243	29	14
729	243	29	14
729	243	29	14
730	243	29	14
730	243	29	14
730	243	29	14
704	236	31	15
704	235	30	14
702	235	30	14
701	235	30	14
700	234	30	14
699	234	30	14
697	233	31	14
696	233	31	14
695	232	31	14
693	232	31	14
692	231	31	14
716	218	32	16
714	217	32	15
714	216	32	16
714	215	32	16
714	213	32	16
715	212	32	16
715	211	32	16
715	210	32	16
715	209	32	16
715	208	32	16
715	206	32	16
706	221	32	16
706	219	32	16
705	219	32	16
705	219	32	16
704	218	32	16
704	218	32	16
703	218	32	16
703	217	32	16
702	217	32	16
702	217	32	16
702	216	32	16
692	226	32	16
691	225	32	16
690	225	32	16
689	226	32	16
688	226	32	16
687	226	32	16
686	226	32	16
685	226	32	16
684	227	32	16
683	227	32	16
682	227	32	16
698	233	30	15
697	233	30	15
696	233	29	14
696	234	29	14
696	234	29	14
696	235	29	14
696	235	29	14
696	236	29	14
696	236	29	14
696	237	29	14
696	237	29	14
681	235	32	16
680	235	31	15
680	235	31	15
679	236	32	16
678	236	32	16
677	236	32	16
676	237	32	16
675	237	32	16
674	237	32	16
673	238	32	16
672	238	32	16
686	256	32	16
685	256	32	16
684	257	32	16
684	258	32	16
684	260	32	16
684	261	32	16
684	262	32	16
684	263	32	16
684	265	32	16
684	266	32	16
683	267	32	16
688	251	32	16
687	252	32	16
687	252	32	16
688	252	32	16
688	253	32	16
688	253	32	16
688	253	32	16
688	253	32	16
688	254	32	16
688	254	32	16
688	254	32	16
683	256	31	15
683	256	31	15
682	256	30	14
682	256	30	14
682	257	30	14
682	257	30	14
681	257	30	14
681	258	30	14
681	258	30	14
681	258	30	14
681	259	30	14
691	247	31	15
690	247	30	14
691	246	30	14
691	246	30	14
691	246	30	14
692	245	30	14
692	245	30	14
692	245	30	14
693	244	30	14
693	244	30	14
693	244	30	14
713	256	32	16
713	255	31	15
714	255	32	16
716	256	32	16
717	256	32	16
718	256	32	16
720	257	32	16
721	257	32	16
723	257	32	16
724	258	32	16
725	258	32	16
735	258	33	16
736	258	33	16
738	258	33	16
740	258	33	16
741	259	33	16
743	259	33	16
745	259	33	16
747	259	33	16
749	260	33	16
750	260	33	16
752	260	33	16
764	253	32	16
765	253	32	16
768	253	32	16
770	252	32	16
772	252	32	16
775	252	31	16
777	252	31	16
779	252	31	16
782	252	31	16
784	251	31	16
786	251	31	16
765	251	30	15
767	250	29	15
768	250	29	14
769	250	29	14
770	250	29	14
771	250	29	14
772	249	29	14
773	249	29	14
774	249	29	14
775	249	28	14
776	248	28	14
755	243	30	15
756	242	29	14
755	242	29	14
755	241	29	14
755	241	29	14
755	240	29	14
754	240	29	14
754	239	29	14
754	239	29	14
754	238	29	14
753	238	29	14
760	240	30	15
759	239	29	14
759	239	29	14
759	238	29	14
760	238	29	14
760	237	29	14
760	237	29	14
760	237	29	14
760	236	29	14
760	236	29	14
760	235	29	14
763	246	29	14
763	245	28	13
763	245	28	13
763	245	28	13
763	246	28	13
764	246	28	13
764	246	28	13
764	246	28	13
764	246	28	13
764	247	28	13
765	247	28	13
760	240	29	14
760	240	28	13
760	239	28	13
760	239	28	13
760	239	28	13
759	239	28	13
759	239	28	13
759	238	28	13
759	238	28	13
759	238	28	13
759	238	28	13
760	245	28	14
759	244	27	13
759	244	27	13
759	245	27	13
759	245	27	13
759	245	27	13
759	245	27	13
759	245	27	13
759	245	27	13
759	246	27	13
759	246	27	13
757	250	27	13
756	250	26	12
756	250	26	12
756	250	26	12
756	251	26	12
756	251	26	12
756	251	26	12
755	252	26	12
755	252	26	12
755	253	26	12
755	253	26	12
765	258	26	13
764	258	25	12
765	258	25	12
765	259	25	12
765	260	25	12
766	260	25	12
766	261	25	12
767	261	25	12
767	262	25	12
767	263	25	12
768	263	25	12
769	249	25	12
769	249	24	11
769	249	24	11
770	249	24	11
770	248	24	11
770	248	24	11
771	248	24	11
771	248	24	11
772	247	24	11
772	247	24	11
772	247	24	11
767	245	26	13
767	244	25	12
767	244	25	12
767	244	25	12
767	243	25	13
767	243	25	13
767	242	26	13
767	242	26	13
767	242	26	13
767	241	26	13
767	241	26	13
764	232	25	12
764	231	25	12
763	230	24	11
763	229	24	11
763	229	24	11
763	228	24	11
763	227	24	11
763	226	24	11
762	225	24	11
762	224	24	11
762	223	24	11
774	207	26	13
773	206	25	12
774	204	25	12
774	202	26	13
775	200	26	13
775	199	26	13
776	197	26	13
776	195	26	13
777	193	26	13
777	192	26	13
778	190	26	13
768	194	27	13
768	192	27	13
768	190	27	13
768	189	27	13
768	187	27	13
768	186	27	13
767	184	27	13
767	183	27	13
767	182	27	13
767	180	27	13
767	179	27	13
758	187	28	14
757	185	28	14
757	184	28	14
756	183	28	14
756	182	28	14
755	181	28	14
754	180	28	14
754	179	28	14
753	178	28	14
752	178	28	14
752	177	28	14
763	176	27	13
762	175	27	13
762	174	27	13
762	173	27	13
762	172	27	12
762	171	27	12
762	170	26	12
762	169	26	12
762	168	26	12
762	167	26	12
762	166	26	12
776	184	26	13
775	183	25	12
776	183	25	12
777	183	25	12
778	183	25	12
779	183	25	12
779	183	25	12
780	183	25	12
781	183	25	12
782	183	25	12
782	183	25	12
773	189	25	12
773	189	24	11
773	189	24	11
774	189	24	11
774	190	24	11
774	190	24	11
774	190	24	11
774	191	24	11
774	191	24	11
775	191	24	11
775	192	24	11
770	185	24	12
770	185	23	11
770	185	23	11
769	185	23	11
769	185	23	11
769	185	23	11
769	185	23	11
769	184	23	11
769	184	23	11
769	184	23	11
768	184	23	11
771	190	24	12
770	189	23	11
770	190	23	11
770	190	23	11
770	190	23	11
770	190	23	11
770	191	23	11
770	191	23	11
770	191	23	11
770	191	23	11
770	191	23	11
776	196	25	12
775	196	24	11
776	196	25	11
776	197	25	11
776	197	25	11
777	197	25	11
777	198	25	11
777	198	25	11
777	199	25	11
778	199	25	11
778	200	25	11
782	208	26	13
782	208	26	12
782	209	26	13
783	210	26	13
783	210	26	13
784	211	26	13
784	212	26	13
785	213	26	13
785	214	26	13
785	215	26	13
786	216	26	13
785	198	26	13
785	198	26	13
785	198	26	13
786	198	26	13
786	198	26	13
786	198	26	13
787	197	26	13
787	197	26	13
787	197	26	13
788	197	26	13
788	197	26	13
778	198	27	13
778	197	27	13
778	197	27	13
777	197	27	13
777	197	27	13
777	197	27	13
777	197	27	13
776	196	27	13
776	196	27	13
776	196	27	13
776	196	27	13
769	215	28	14
768	214	28	14
768	215	28	14
767	216	28	14
766	217	28	14
766	218	28	14
765	219	28	14
764	220	28	14
764	221	28	14
763	222	28	14
763	222	28	14
761	214	29	14
760	214	29	14
759	215	29	14
758	215	29	14
758	215	29	14
757	216	29	14
756	216	29	14
756	217	29	14
755	217	29	14
754	217	29	14
753	218	29	14
778	213	30	15
777	213	30	15
777	213	30	15
778	213	30	15
779	213	30	15
779	213	30	15
780	213	30	15
781	213	30	15
781	213	30	15
782	213	30	15
783	213	30	15
766	213	29	14
766	213	29	14
766	213	29	14
766	213	29	14
765	213	29	13
765	213	29	13
765	213	28	13
764	213	28	13
764	213	28	13
764	213	28	13
763	213	28	13
777	210	29	14
776	210	28	13
777	209	28	13
777	209	28	13
777	209	28	13
778	209	28	13
778	209	28	13
779	208	28	13
779	208	28	13
780	208	28	13
780	208	28	13
788	208	30	15
788	207	29	14
789	207	30	15
790	207	30	15
790	207	30	15
791	207	30	15
792	206	30	15
793	206	30	15
794	206	30	15
794	206	30	15
795	206	30	15
782	201	29	14
782	200	29	14
782	200	29	14
782	199	28	13
782	199	28	13
782	198	28	13
782	198	28	13
782	198	28	13
782	197	28	13
782	197	28	13
782	196	28	13
788	193	30	15
788	192	29	14
788	191	30	15
788	191	30	15
788	190	30	15
789	189	30	15
789	189	30	15
789	188	30	15
790	188	30	15
790	187	30	15
790	186	30	15
794	196	29	14
794	195	29	14
794	195	29	14
795	195	28	13
795	195	28	13
796	194	28	13
796	194	28	13
797	194	28	13
797	194	28	13
797	194	28	13
798	194	28	13
807	190	29	14
807	189	28	13
808	189	28	13
809	189	28	13
810	188	28	13
811	188	28	13
812	188	28	13
812	187	28	13
813	187	28	13
814	187	28	13
815	186	28	13
792	202	29	14
792	201	28	13
792	202	28	13
792	202	28	13
791	203	28	13
791	203	28	13
790	204	28	13
790	204	28	13
789	205	28	13
789	205	28	13
788	206	28	13
809	189	30	15
808	189	29	14
809	189	30	15
809	188	30	15
810	188	30	15
811	187	30	15
811	187	30	15
812	186	30	15
813	186	30	15
814	185	30	15
814	185	30	15
818	188	29	14
818	187	29	14
819	187	29	14
820	186	28	13
821	186	28	13
822	186	28	13
822	186	28	13
823	185	28	13
824	185	28	13
825	185	28	13
826	184	28	13
827	200	30	15
827	199	29	14
828	200	30	15
829	200	30	15
830	201	30	15
831	201	30	15
831	202	30	15
832	203	30	15
833	203	30	15
834	204	30	15
835	204	30	15
836	215	29	14
836	215	29	14
837	216	29	14
838	217	28	13
839	218	28	13
840	219	28	13
840	221	28	13
841	222	28	13
842	223	28	13
843	224	28	13
844	225	28	13
833	219	27	13
833	220	26	12
833	220	26	12
834	221	26	12
834	222	26	12
834	222	26	12
834	223	26	12
834	224	26	12
834	224	26	12
835	225	25	12
835	226	25	12
829	220	27	13
829	220	26	12
828	220	26	12
828	221	26	12
828	221	26	12
828	221	26	12
828	222	26	12
827	222	26	12
827	222	26	12
827	223	26	12
827	223	26	12
839	227	26	13
838	227	25	12
839	227	25	12
839	228	25	12
840	228	25	12
840	229	25	12
841	229	25	12
841	230	25	12
841	230	25	12
842	231	25	12
842	231	25	12
846	227	25	12
846	227	24	11
847	227	24	11
847	227	24	11
848	228	24	11
848	228	24	11
849	228	24	11
850	228	24	11
850	228	24	11
851	229	24	11
851	229	24	11
856	224	26	13
856	224	25	12
857	224	25	12
858	223	25	13
858	223	25	13
859	223	26	13
860	223	26	13
861	223	26	13
862	223	26	13
862	223	26	13
863	223	26	13
864	226	25	12
864	225	25	12
865	225	24	11
866	225	24	11
867	226	24	11
867	226	24	11
868	226	24	11
869	226	24	11
870	226	24	11
870	226	24	11
871	226	24	11
879	216	26	13
879	216	25	12
880	215	25	12
882	215	26	13
883	214	26	13
884	213	26	13
885	213	26	13
886	212	26	13
887	212	26	13
888	211	26	13
889	211	26	13
880	214	25	12
881	213	25	12
881	213	24	12
882	212	24	11
882	212	24	11
883	212	24	11
883	211	24	11
884	211	24	11
884	211	24	11
885	210	24	11
885	210	24	11
873	208	24	12
873	207	23	11
873	207	23	11
873	206	23	11
872	206	23	11
872	205	23	11
872	205	23	11
872	204	23	11
871	204	23	11
871	203	23	11
871	203	23	11
876	221	25	12
875	220	24	11
875	221	24	11
875	221	24	11
875	222	24	11
875	222	25	11
875	223	25	11
876	223	25	11
876	224	25	11
876	224	25	11
876	225	25	11
884	216	24	12
884	216	24	11
884	216	23	11
884	216	23	11
885	216	23	11
885	216	23	11
886	216	23	11
886	216	23	11
887	216	23	11
887	216	23	11
888	216	23	11
880	225	24	12
880	224	23	11
880	225	23	11
880	225	23	11
880	226	23	11
880	226	23	11
880	227	23	11
880	227	23	11
880	228	23	11
880	228	23	11
880	229	23	11
891	230	24	12
890	230	23	11
891	230	23	11
892	231	23	11
892	231	23	11
893	232	23	11
893	232	23	11
894	233	23	11
895	233	23	11
895	234	23	11
896	234	23	11
896	250	25	12
896	250	24	11
897	251	25	11
897	253	25	11
898	254	25	11
898	255	25	11
899	256	25	11
899	258	25	11
900	259	25	11
900	260	25	11
901	262	25	11
887	258	25	12
887	259	25	11
887	260	25	11
886	261	25	11
886	262	25	11
886	263	25	11
886	264	25	11
885	265	25	11
885	266	25	11
885	267	25	11
884	268	25	11
888	270	25	12
887	270	25	11
887	272	25	11
887	273	25	11
887	274	25	11
887	275	25	11
887	276	25	11
887	277	25	11
886	278	25	11
886	279	25	11
886	280	25	11
883	272	24	12
882	273	24	11
882	273	23	11
882	274	23	12
881	274	23	12
881	275	23	12
881	275	23	12
881	276	23	12
880	276	23	12
880	277	23	12
880	277	23	12
883	266	24	12
882	266	23	12
882	266	23	12
882	266	23	12
882	266	23	12
882	265	23	12
882	265	23	12
881	265	23	12
881	265	23	12
881	265	23	12
881	265	23	12
881	256	25	12
880	255	24	12
880	255	25	12
880	254	25	12
880	253	25	12
880	253	25	12
880	252	25	12
879	251	25	12
879	251	25	12
879	250	25	12
879	249	25	12
881	252	24	12
880	251	24	12
880	250	24	12
880	250	23	12
880	249	23	12
880	249	23	12
880	248	23	12
880	248	23	12
880	247	23	12
880	247	23	12
880	246	23	12
879	258	25	12
878	257	24	12
878	257	25	12
878	257	25	12
878	257	25	12
878	258	25	12
878	258	25	12
878	258	25	12
878	258	25	12
877	258	25	12
877	258	25	12
879	252	24	12
878	252	24	12
878	251	24	12
878	251	23	12
878	251	23	12
878	251	23	12
878	250	23	12
878	250	23	12
878	250	23	12
878	250	23	12
878	249	23	12
887	252	23	11
886	251	22	11
887	251	22	10
887	251	22	10
888	251	22	10
888	251	22	10
889	251	22	10
889	251	22	10
889	250	22	10
890	250	22	10
890	250	22	10
890	252	23	11
890	251	22	10
890	251	22	10
891	251	22	10
891	251	22	10
891	251	22	10
892	251	22	10
892	251	22	10
892	251	22	10
893	251	22	10
893	251	22	10
899	251	23	11
899	250	22	10
899	250	22	10
900	250	22	10
901	250	22	10
901	250	22	10
902	250	22	10
903	250	22	10
903	250	22	10
904	250	22	10
905	250	22	10
898	241	24	12
898	240	23	11
898	240	24	12
899	239	24	12
899	239	24	12
899	238	24	12
899	238	24	12
899	237	24	12
900	236	24	12
900	236	24	12
900	235	24	12
904	231	25	12
904	230	25	12
904	229	25	12
904	228	25	12
905	227	25	12
905	227	25	12
906	226	25	12
906	225	25	12
906	224	25	12
907	223	25	12
907	223	25	12
908	237	24	12
908	236	24	12
908	236	24	12
909	236	24	12
909	236	24	12
909	236	23	12
910	236	23	12
910	236	23	12
911	236	23	12
911	236	23	12
911	236	23	12
910	237	23	11
910	237	22	11
910	237	22	10
910	237	22	10
911	237	22	10
911	237	22	10
911	237	22	10
911	237	22	10
912	237	22	10
912	237	22	10
912	237	22	10
915	241	22	11
915	241	21	10
915	241	21	10
916	241	21	10
916	241	21	10
916	242	21	10
917	242	21	10
917	242	21	10
917	242	21	10
918	242	21	10
918	243	21	10
910	238	22	11
910	238	21	10
910	238	21	10
910	238	21	10
909	238	21	10
909	238	21	10
909	237	21	10
909	237	21	10
909	237	21	10
909	237	21	10
909	237	21	10
916	241	23	11
915	240	22	10
916	241	23	10
916	241	23	10
916	241	23	10
916	241	23	10
917	241	23	10
917	241	23	10
917	241	23	10
917	241	23	10
918	242	23	10
927	236	22	11
927	236	22	10
927	235	22	10
928	235	21	10
929	235	21	10
930	235	21	10
930	235	21	10
931	234	21	10
932	234	21	10
933	234	21	10
933	234	21	10
927	248	23	11
927	247	22	10
928	248	23	10
928	248	23	10
928	249	23	10
928	250	23	10
929	250	23	10
929	251	23	10
929	251	23	10
930	252	23	10
930	252	23	10
940	251	24	12
940	251	24	11
941	251	24	12
941	252	24	12
942	252	24	12
943	253	24	12
944	253	24	12
945	254	24	12
946	254	24	12
946	254	24	12
947	255	24	12
936	241	24	12
936	241	24	12
936	241	24	12
937	240	24	12
937	240	24	12
937	239	24	12
937	239	24	12
937	239	24	12
937	238	24	12
937	238	24	12
937	237	24	12
932	233	23	11
932	232	23	11
931	231	22	10
931	231	22	10
931	230	22	10
931	230	22	10
931	229	22	10
930	228	22	10
930	228	22	10
930	227	22	10
930	226	22	10
931	230	24	12
930	229	23	11
930	228	23	11
930	228	24	12
930	228	24	12
930	227	24	12
930	227	24	12
929	226	24	12
929	226	24	12
929	225	24	12
929	225	24	12
923	232	23	11
922	231	23	11
922	231	22	10
921	231	22	10
921	231	22	10
920	231	22	10
920	231	22	10
919	231	22	10
919	231	22	10
918	231	22	10
918	231	22	10
911	241	23	11
910	240	22	10
909	241	22	10
908	241	22	10
907	242	22	10
906	242	22	10
906	243	22	10
905	243	22	10
904	244	22	10
903	244	22	10
902	245	22	10
911	246	22	11
910	246	21	10
909	247	21	10
909	247	21	10
909	248	21	10
908	248	21	10
908	249	21	10
907	249	21	10
907	250	21	10
907	250	21	10
906	251	21	10
919	248	22	11
918	248	21	10
918	248	21	10
919	249	21	10
919	249	21	10
919	249	21	10
920	250	21	10
920	250	21	10
920	250	21	10
921	250	21	10
921	251	21	10
920	246	23	11
920	246	22	10
920	246	23	10
920	246	23	10
921	246	23	10
921	246	23	10
921	246	23	10
921	246	23	10
921	246	23	10
922	246	23	10
922	246	23	10
919	240	24	12
919	240	24	11
919	239	24	12
919	239	24	12
919	238	24	12
919	238	24	12
919	238	24	12
919	237	24	12
919	237	24	12
919	237	24	12
919	236	24	12
918	250	25	12
918	249	25	12
917	250	25	12
917	250	25	12
917	250	25	12
917	251	25	12
917	251	25	12
917	252	25	12
917	252	25	12
917	252	25	12
917	253	25	12
940	238	26	13
939	238	26	13
941	237	26	13
942	237	26	13
943	237	26	13
944	236	26	13
945	236	26	13
947	235	26	13
948	235	26	13
949	234	26	13
950	234	26	13
952	239	27	13
953	238	27	13
954	238	27	13
955	238	27	13
956	238	27	13
957	237	27	13
959	237	27	13
960	237	27	13
961	237	27	13
962	237	27	13
964	236	27	13
947	234	26	13
948	233	26	13
948	233	26	13
948	233	26	13
948	232	26	13
948	232	26	13
949	232	25	13
949	231	25	13
949	231	25	13
949	231	25	13
949	230	25	13
946	225	27	13
946	224	26	13
946	224	27	13
946	223	27	13
946	222	27	13
946	222	27	13
946	221	27	13
945	220	27	13
945	220	27	13
945	219	27	13
945	218	27	13
938	218	28	14
937	217	28	14
937	216	28	14
937	216	28	14
936	215	28	14
936	214	28	14
935	214	28	14
935	213	28	14
934	212	28	14
934	212	28	14
933	211	28	14
950	218	27	13
949	217	27	13
949	217	27	13
950	216	27	12
950	216	27	12
951	216	26	12
951	216	26	12
952	215	26	12
952	215	26	12
953	215	26	12
953	215	26	12
960	223	26	13
960	222	25	12
961	222	25	12
962	223	25	12
962	223	25	12
963	223	25	12
964	223	25	12
965	223	25	12
965	224	25	12
966	224	25	12
967	224	25	12
957	230	27	13
957	230	26	12
957	230	26	12
958	231	26	12
958	231	27	12
958	232	27	12
958	232	27	12
958	233	27	12
958	233	27	12
959	234	27	12
959	234	27	12
965	233	29	14
965	233	29	13
965	233	29	14
966	234	29	14
966	234	29	14
967	234	29	14
967	235	29	14
967	235	29	14
968	236	29	14
968	236	30	14
969	236	30	14
979	246	29	14
979	246	29	14
980	247	29	14
981	248	29	14
982	248	29	14
983	249	29	14
984	250	29	14
985	251	29	14
986	252	29	14
987	253	29	14
988	254	29	14
980	250	28	14
980	250	28	14
981	251	28	14
981	252	27	14
982	252	27	14
982	253	27	14
983	253	27	14
983	254	27	14
984	254	27	14
984	255	27	14
985	256	27	14
964	256	29	14
964	256	28	14
963	257	28	14
963	257	29	14
962	258	29	14
961	258	29	14
960	259	29	14
960	259	29	14
959	260	29	14
958	260	29	14
957	261	29	14
966	256	29	14
965	256	29	14
965	256	29	14
964	256	29	14
964	257	29	14
964	257	29	14
964	257	29	14
963	257	29	14
963	258	29	14
963	258	29	14
963	258	29	14
982	264	28	14
981	264	28	14
982	264	27	14
983	265	27	14
984	265	27	14
985	266	27	14
985	266	27	14
986	267	27	14
987	267	27	14
988	268	27	14
989	268	27	14
977	271	28	14
977	271	27	14
977	272	27	14
978	272	27	14
978	273	27	14
978	273	27	14
978	274	27	14
978	275	27	14
978	275	27	14
978	276	27	14
978	276	27	14
988	267	29	14
988	267	28	14
988	267	29	14
989	267	29	14
989	267	29	14
990	267	29	14
991	267	29	14
991	267	29	14
992	267	29	14
992	267	29	14
993	267	29	14
991	260	29	14
991	260	29	14
992	259	29	14
992	259	29	14
992	258	29	14
993	258	29	14
993	257	29	14
994	257	29	14
994	257	29	14
995	256	29	14
995	256	29	14
988	253	28	14
988	252	28	14
988	252	27	13
988	251	27	13
988	250	27	13
988	250	27	13
988	249	27	13
988	249	27	13
988	248	27	13
988	247	27	13
988	247	27	13
994	254	28	14
993	253	27	13
994	253	27	13
994	253	27	13
994	252	27	13
995	252	27	13
995	252	27	13
995	252	27	13
996	252	27	13
996	252	27	13
996	251	27	13
1003	251	27	13
1003	250	26	13
1003	250	26	12
1004	250	26	12
1005	250	26	12
1005	249	26	12
1006	249	26	12
1007	249	26	12
1007	249	26	12
1008	249	26	12
1009	248	26	12
987	245	26	13
987	244	25	12
987	244	25	12
986	243	25	12
985	243	25	12
985	243	25	12
984	242	25	12
983	242	25	12
983	241	25	12
982	241	25	12
982	241	25	12
998	240	26	13
997	239	25	12
997	239	25	12
997	238	25	12
998	238	25	12
998	237	25	12
998	237	25	12
999	236	25	12
999	236	25	12
999	235	25	12
1000	235	25	12
1006	226	25	12
1006	225	24	11
1006	224	24	11
1007	223	24	11
1008	222	24	11
1008	221	24	11
1009	220	24	11
1009	219	24	11
1010	218	24	11
1011	217	24	11
1011	216	24	11
997	236	26	13
997	235	25	12
997	235	25	12
997	235	25	13
996	235	26	13
996	235	26	13
996	235	26	13
996	235	26	13
995	236	26	13
995	236	26	13
995	236	26	13
1012	237	25	12
1011	237	25	12
1012	237	24	11
1013	237	24	11
1013	237	24	11
1014	237	24	11
1015	238	24	11
1015	238	24	11
1016	238	24	11
1017	238	24	11
1017	238	24	11
1021	248	25	12
1021	248	24	11
1022	248	24	11
1023	249	24	11
1024	250	24	11
1024	250	24	11
1025	251	24	11
1026	252	24	11
1027	252	24	11
1028	253	24	11
1029	254	24	11
1014	225	26	13
1014	225	25	12
1014	224	26	13
1014	223	26	13
1014	222	26	13
1014	221	26	13
1014	220	26	13
1014	219	26	13
1014	218	26	13
1014	217	26	13
1014	216	26	13
1008	224	25	12
1007	223	25	12
1007	222	25	12
1007	221	24	11
1006	221	24	11
1006	220	24	11
1005	220	24	11
1005	219	24	11
1005	219	24	11
1004	218	24	11
1004	218	24	11
1009	216	26	13
1008	215	25	12
1008	214	26	13
1008	214	26	13
1008	213	26	13
1008	212	26	13
1007	212	26	13
1007	211	26	13
1007	211	26	13
1007	210	26	13
1007	209	26	13
1010	222	26	13
1009	221	26	13
1009	221	26	13
1009	221	26	13
1009	221	26	13
1009	221	26	13
1009	221	26	13
1010	221	26	13
1010	221	26	13
1010	222	26	13
1010	222	26	13
1018	219	25	12
1018	219	25	12
1018	218	24	11
1018	218	24	11
1019	218	24	11
1019	218	24	11
1020	218	24	11
1020	218	24	11
1021	218	24	11
1021	218	24	11
1022	218	24	11
1041	211	24	12
1041	210	23	11
1042	210	23	11
1044	209	23	11
1045	209	23	11
1047	208	23	11
1048	208	23	11
1050	207	23	11
1051	207	23	11
1053	206	23	11
1054	206	23	11
1038	212	25	12
1039	211	24	11
1039	211	24	11
1040	211	24	11
1040	211	24	11
1041	210	25	11
1041	210	25	11
1042	210	25	11
1042	210	25	11
1043	210	25	11
1043	210	25	11
1036	219	24	12
1036	218	24	11
1036	219	23	11
1036	219	23	11
1036	219	23	11
1036	220	23	11
1036	220	23	11
1036	220	23	11
1036	221	23	11
1036	221	23	11
1036	221	23	11
1057	215	25	12
1057	215	24	11
1058	215	24	11
1059	215	25	11
1060	215	25	11
1061	215	25	11
1062	215	25	11
1063	214	25	11
1065	214	25	11
1066	214	25	11
1067	214	25	11
1065	209	26	13
1066	208	26	12
1067	208	26	13
1068	208	26	13
1069	207	26	13
1069	207	26	13
1070	207	26	13
1071	206	26	13
1072	206	26	13
1073	205	26	13
1074	205	26	13
1061	206	25	12
1061	205	25	12
1062	205	25	12
1062	204	25	11
1062	204	25	11
1062	204	24	11
1062	203	24	11
1062	203	24	11
1062	203	24	11
1063	202	24	11
1063	202	24	11
1075	203	25	12
1075	202	24	11
1075	202	24	11
1076	202	24	11
1077	201	24	11
1078	201	24	11
1079	201	24	11
1079	200	24	11
1080	200	24	11
1081	200	24	11
1082	200	24	11
1066	199	26	13
1066	198	25	12
1066	198	26	13
1066	198	26	13
1066	197	26	13
1066	197	26	13
1066	197	26	13
1065	196	26	13
1065	196	26	13
1065	196	26	13
1065	195	26	13
1082	207	25	12
1081	206	25	12
1082	206	25	12
1083	207	24	11
1084	207	24	11
1084	207	24	11
1085	208	24	11
1086	208	24	11
1087	208	24	11
1088	209	24	11
1088	209	24	11
1073	212	26	13
1073	212	25	12
1073	212	26	13
1073	213	26	13
1073	213	26	13
1073	214	26	13
1073	214	26	13
1072	214	26	13
1072	215	26	13
1072	215	26	13
1072	216	26	13
1081	217	25	12
1080	217	25	12
1081	217	25	12
1081	218	24	11
1081	218	24	11
1082	219	24	11
1082	219	24	11
1082	220	24	11
1083	220	24	11
1083	221	24	11
1083	221	24	11
1087	214	26	13
1087	214	25	12
1087	214	25	12
1088	214	26	13
1088	214	26	13
1089	214	26	13
1089	214	26	13
1090	214	26	13
1090	214	26	13
1091	214	26	13
1091	214	26	13
1088	214	25	12
1088	214	25	12
1088	213	25	12
1089	213	24	11
1089	213	24	11
1089	213	24	11
1089	213	24	11
1090	213	24	11
1090	213	24	11
1090	213	24	11
1090	213	24	11
1086	218	26	13
1086	217	25	12
1086	218	25	12
1086	218	26	13
1086	218	26	13
1086	218	26	13
1086	219	26	13
1086	219	26	13
1086	219	26	13
1086	219	26	13
1086	219	26	13
1088	215	25	12
1087	215	25	12
1088	215	25	12
1088	215	24	11
1088	215	24	11
1088	214	24	11
1088	214	24	11
1088	214	24	11
1088	214	24	11
1088	214	24	11
1088	214	24	11
1091	206	25	12
1091	205	24	11
1091	205	24	11
1091	204	24	11
1091	204	24	11
1091	203	24	11
1092	203	24	11
1092	202	24	11
1092	202	24	11
1092	201	24	11
1092	201	24	11
1095	202	24	12
1095	201	23	11
1095	200	23	11
1095	200	23	11
1096	200	23	11
1096	199	23	11
1096	199	23	11
1097	198	23	11
1097	198	23	11
1097	197	23	11
1097	197	23	11
1102	212	25	12
1102	211	24	11
1102	211	24	11
1103	212	24	11
1103	212	25	11
1104	213	25	11
1104	213	25	11
1105	213	25	11
1105	214	25	11
1106	214	25	11
1106	214	25	11
1088	201	26	13
1088	201	26	12
1087	200	26	13
1087	200	26	13
1086	200	26	13
1086	199	26	13
1085	199	26	13
1085	198	26	13
1084	198	26	13
1084	198	26	13
1083	197	26	13
1092	213	27	13
1091	212	27	13
1091	213	27	13
1091	213	27	13
1091	213	27	13
1091	214	27	13
1091	214	27	13
1091	215	27	13
1091	215	27	13
1090	216	27	13
1090	216	27	13
1105	216	26	13
1104	216	26	13
1105	216	26	13
1106	217	26	13
1107	217	26	13
1107	218	26	13
1108	218	25	13
1109	218	25	13
1110	219	25	13
1110	219	25	13
1111	220	25	13
1114	203	26	13
1114	203	25	13
1115	202	25	13
1116	202	25	13
1117	201	25	13
1118	201	25	13
1118	200	25	13
1119	199	25	13
1120	199	25	13
1121	198	25	13
1122	198	25	13
