1.852407
0.035584
0.035868
0.035891
0.035908
0.035924
0.035945
0.035964
0.035980
0.035997
0.036013
0.036029
0.030921
0.031177
0.031196
0.031213
0.031229
0.031245
0.031261
0.031278
0.031296
0.031312
0.031328
0.036794
0.037065
0.037087
0.037108
0.037127
0.037146
0.037164
0.037182
0.037201
0.037219
0.037237
0.035660
0.035928
0.035948
0.035966
0.035984
0.036003
0.036021
0.036039
0.036057
0.036075
0.036093
0.046227
0.046468
0.046490
0.046507
0.046524
0.046541
0.046558
0.046572
0.046586
0.046602
0.046615
0.035425
0.035693
0.035714
0.035743
0.035761
0.035779
0.035796
0.035814
0.035831
0.035849
0.035866
0.032159
0.032382
0.032408
0.032422
0.032435
0.032448
0.032464
0.032477
0.032491
0.032504
0.032517
0.034713
0.034986
0.035005
0.035031
0.035049
0.035067
0.035085
0.035103
0.035120
0.035138
0.035156
0.034837
0.035103
0.035124
0.035156
0.035176
0.035195
0.035213
0.035232
0.035250
0.035268
0.035286
0.063669
0.063922
0.063941
0.063967
0.063986
0.064004
0.064022
0.064042
0.064060
0.064077
0.064095
0.028861
0.029092
0.029109
0.029124
0.029138
0.029151
0.029165
0.029178
0.029191
0.029204
0.029217
0.034196
0.034476
0.034497
0.034516
0.034534
0.034555
0.034572
0.034590
0.034608
0.034625
0.034643
0.028644
0.028878
0.028896
0.028911
0.028924
0.028938
0.028951
0.028964
0.028977
0.028990
0.029003
0.027145
0.027380
0.027398
0.027412
0.027426
0.027442
0.027455
0.027468
0.027481
0.027494
0.027508
0.034332
0.034603
0.034624
0.034642
0.034661
0.034678
0.034696
0.034714
0.034731
0.034749
0.034766
0.029476
0.029710
0.029728
0.029742
0.029756
0.029769
0.029782
0.029796
0.029813
0.029826
0.029839
0.027300
0.027522
0.027537
0.027561
0.027575
0.027588
0.027601
0.027615
0.027628
0.027641
0.027654
0.027212
0.027437
0.027464
0.027478
0.027492
0.027506
0.027520
0.027534
0.027546
0.027560
0.027573
0.026572
0.026806
0.026824
0.026842
0.026856
0.026869
0.026883
0.026896
0.026909
0.026922
0.026936
0.051768
0.051997
0.052014
0.052029
0.052043
0.052056
0.052070
0.052083
0.052096
0.052109
0.052122
0.026947
0.027194
0.027215
0.027233
0.027249
0.027265
0.027281
0.027297
0.027312
0.027328
0.027345
0.026591
0.026824
0.026846
0.026872
0.026889
0.026905
0.026920
0.026936
0.026952
0.026967
0.026982
0.026139
0.026357
0.026382
0.026397
0.026410
0.026424
0.026437
0.026450
0.026463
0.026476
0.026489
0.027124
0.027354
0.027370
0.027385
0.027398
0.027412
0.027426
0.027439
0.027452
0.027465
0.027478
0.026188
0.026435
0.026455
0.026471
0.026486
0.026506
0.026521
0.026537
0.026552
0.026568
0.026582
0.025833
0.026071
0.026091
0.026108
0.026125
0.026142
0.026157
0.026173
0.026188
0.026204
0.026220
0.025767
0.025990
0.026011
0.026037
0.026053
0.026069
0.026085
0.026100
0.026116
0.026132
0.026148
0.027148
0.027385
0.027406
0.027423
0.027440
0.027456
0.027472
0.027488
0.027503
0.027519
0.027534
0.026707
0.026942
0.026960
0.026974
0.026988
0.027001
0.027014
0.027028
0.027041
0.027054
0.027068
0.053503
0.053728
0.053746
0.053760
0.053774
0.053787
0.053801
0.053814
0.053827
0.053840
0.053854
0.028982
0.029213
0.029230
0.029244
0.029258
0.029271
0.029284
0.029298
0.029310
0.029324
0.029337
0.026988
0.027224
0.027242
0.027256
0.027269
0.027282
0.027296
0.027308
0.027322
0.027334
0.027347
0.027939
0.028171
0.028191
0.028206
0.028219
0.028233
0.028247
0.028260
0.028274
0.028287
0.028300
0.027044
0.027267
0.027293
0.027307
0.027321
0.027334
0.027348
0.027361
0.027374
0.027386
0.027400
0.026395
0.026616
0.026643
0.026657
0.026671
0.026685
0.026698
0.026711
0.026725
0.026738
0.026752
0.029337
0.029566
0.029583
0.029597
0.029611
0.029624
0.029637
0.029650
0.029664
0.029677
0.029690
0.027535
0.027767
0.027785
0.027800
0.027813
0.027827
0.027840
0.027853
0.027866
0.027883
0.027896
0.027822
0.028130
0.028149
0.028172
0.028187
0.028200
0.028213
0.028226
0.028242
0.028259
0.028275
0.027403
0.027639
0.027659
0.027676
0.027693
0.027710
0.027727
0.027743
0.027758
0.027774
0.027789
0.052326
0.052563
0.052584
0.052602
0.052619
0.052636
0.052652
0.052667
0.052683
0.052699
0.052715
0.028589
0.028817
0.028837
0.028864
0.028881
0.028898
0.028915
0.028932
0.028948
0.028963
0.028979
0.027886
0.028125
0.028145
0.028161
0.028177
0.028193
0.028209
0.028225
0.028240
0.028256
0.028271
0.027170
0.027406
0.027426
0.027443
0.027460
0.027476
0.027493
0.027509
0.027524
0.027540
0.027556
0.026794
0.027031
0.027050
0.027066
0.027082
0.027098
0.027114
0.027130
0.027146
0.027162
0.027178
0.025963
0.026197
0.026218
0.026235
0.026252
0.026268
0.026285
0.026301
0.026316
0.026332
0.026347
0.028091
0.028328
0.028349
0.028366
0.028382
0.028398
0.028413
0.028429
0.028444
0.028459
0.028475
0.026791
0.027023
0.027043
0.027061
0.027077
0.027093
0.027109
0.027125
0.027140
0.027156
0.027172
0.027041
0.027276
0.027293
0.027307
0.027320
0.027333
0.027346
0.027359
0.027372
0.027389
0.027402
0.027149
0.027369
0.027396
0.027410
0.027424
0.027437
0.027451
0.027464
0.027477
0.027490
0.027503
0.052599
0.052823
0.052840
0.052854
0.052867
0.052881
0.052894
0.052907
0.052920
0.052933
0.052947
0.027728
0.027957
0.027984
0.028010
0.028025
0.028039
0.028052
0.028066
0.028079
0.028092
0.028105
0.026580
0.026813
0.026831
0.026845
0.026859
0.026872
0.026885
0.026898
0.026912
0.026925
0.026938
0.026388
0.026619
0.026637
0.026651
0.026664
0.026678
0.026691
0.026704
0.026717
0.026730
0.026743
0.026127
0.026360
0.026378
0.026392
0.026406
0.026419
0.026432
0.026446
0.026459
0.026473
0.026485
0.025959
0.026204
0.026232
0.026260
0.026289
0.026314
0.026345
0.026370
0.026395
0.026418
0.026442
0.026042
0.026291
0.026320
0.026348
0.026373
0.026398
0.026421
0.026446
0.026470
0.026495
0.026519
0.026157
0.026401
0.026443
0.026467
0.026493
0.026517
0.026542
0.026567
0.026590
0.026615
0.026638
0.027392
0.027627
0.027655
0.027678
0.027703
0.027728
0.027752
0.027777
0.027800
0.027825
0.027848
0.026662
0.026905
0.026938
0.026964
0.026990
0.027015
0.027039
0.027063
0.027087
0.027111
0.027135
0.053455
0.053697
0.053729
0.053756
0.053784
0.053810
0.053835
0.053859
0.053889
0.053913
0.053936
0.027396
0.027636
0.027669
0.027696
0.027727
0.027750
0.027774
0.027797
0.027821
0.027845
0.027869
0.026726
0.026966
0.026997
0.027025
0.027050
0.027076
0.027099
0.027123
0.027149
0.027172
0.027196
0.026566
0.026807
0.026836
0.026865
0.026891
0.026917
0.026941
0.026965
0.026989
0.027013
0.027037
0.026648
0.026890
0.026919
0.026945
0.026971
0.026997
0.027021
0.027045
0.027070
0.027093
0.027118
0.026253
0.026486
0.026504
0.026518
0.026531
0.026545
0.026558
0.026571
0.026584
0.026597
0.026610
0.025891
0.026125
0.026143
0.026157
0.026170
0.026184
0.026197
0.026211
0.026224
0.026237
0.026249
0.025774
0.026004
0.026021
0.026036
0.026049
0.026062
0.026075
0.026088
0.026102
0.026115
0.026128
0.027054
0.027273
0.027300
0.027314
0.027328
0.027341
0.027354
0.027367
0.027380
0.027393
0.027406
0.026429
0.026659
0.026676
0.026690
0.026704
0.026717
0.026730
0.026743
0.026756
0.026769
0.026782
0.052423
0.052647
0.052674
0.052689
0.052702
0.052715
0.052729
0.052741
0.052754
0.052767
0.052779
0.026949
0.027189
0.027207
0.027221
0.027236
0.027249
0.027262
0.027276
0.027289
0.027302
0.027315
0.026870
0.027100
0.027118
0.027132
0.027146
0.027160
0.027173
0.027186
0.027200
0.027212
0.027225
0.026103
0.026331
0.026348
0.026363
0.026376
0.026389
0.026403
0.026416
0.026429
0.026443
0.026456
0.026544
0.026776
0.026793
0.026808
0.026822
0.026836
0.026849
0.026863
0.026876
0.026889
0.026902
0.026625
0.026854
0.026876
0.026909
0.026928
0.026946
0.026960
0.026973
0.026986
0.027000
0.027013
0.027565
0.027784
0.027810
0.027824
0.027838
0.027851
0.027864
0.027877
0.027890
0.027903
0.027916
0.026912
0.027143
0.027161
0.027175
0.027189
0.027203
0.027216
0.027230
0.027244
0.027257
0.027270
0.027733
0.027949
0.027974
0.027989
0.028002
0.028015
0.028028
0.028042
0.028054
0.028067
0.028080
0.027675
0.027904
0.027921
0.027937
0.027950
0.027964
0.027978
0.027991
0.028005
0.028018
0.028032
0.053324
0.053551
0.053569
0.053583
0.053597
0.053614
0.053627
0.053640
0.053653
0.053666
0.053679
0.028585
0.028804
0.028821
0.028834
0.028858
0.028871
0.028885
0.028898
0.028911
0.028924
0.028938
0.027128
0.027349
0.027375
0.027390
0.027404
0.027417
0.027431
0.027444
0.027457
0.027469
0.027483
0.027182
0.027405
0.027432
0.027447
0.027461
0.027474
0.027488
0.027501
0.027514
0.027527
0.027540
0.026906
0.027139
0.027156
0.027170
0.027184
0.027197
0.027211
0.027224
0.027237
0.027250
0.027262
0.026733
0.026966
0.026983
0.026998
0.027012
0.027026
0.027040
0.027053
0.027066
0.027080
0.027093
0.027298
0.027530
0.027548
0.027562
0.027575
0.027589
0.027601
0.027614
0.027627
0.027640
0.027653
0.028949
0.029177
0.029195
0.029210
0.029223
0.029237
0.029251
0.029264
0.029277
0.029290
0.029303
0.027040
0.027271
0.027288
0.027303
0.027317
0.027330
0.027343
0.027356
0.027369
0.027383
0.027396
0.026794
0.027012
0.027029
0.027042
0.027066
0.027079
0.027093
0.027106
0.027120
0.027133
0.027146
0.055285
0.055512
0.055529
0.055543
0.055557
0.055571
0.055584
0.055597
0.055610
0.055623
0.055636
0.027827
0.028060
0.028090
0.028113
0.028138
0.028162
0.028186
0.028209
0.028232
0.028256
0.028280
0.027014
0.027247
0.027263
0.027277
0.027291
0.027304
0.027317
0.027330
0.027343
0.027356
0.027370
0.027072
0.027305
0.027322
0.027337
0.027350
0.027364
0.027377
0.027390
0.027404
0.027417
0.027430
0.027240
0.027474
0.027491
0.027505
0.027519
0.027532
0.027545
0.027558
0.027571
0.027584
0.027598
0.026876
0.027108
0.027127
0.027141
0.027154
0.027168
0.027181
0.027194
0.027207
0.027220
0.027233
0.027481
0.027713
0.027731
0.027746
0.027759
0.027773
0.027786
0.027799
0.027812
0.027826
0.027839
0.026947
0.027178
0.027199
0.027216
0.027233
0.027249
0.027264
0.027280
0.027296
0.027311
0.027327
0.026825
0.027059
0.027079
0.027096
0.027112
0.027129
0.027145
0.027162
0.027177
0.027193
0.027209
0.026791
0.027028
0.027048
0.027065
0.027083
0.027099
0.027115
0.027130
0.027146
0.027161
0.027177
0.053689
0.053908
0.053937
0.053954
0.053970
0.053987
0.054003
0.054019
0.054035
0.054051
0.054067
0.027973
0.028200
0.028230
0.028247
0.028263
0.028279
0.028295
0.028311
0.028327
0.028342
0.028358
0.027748
0.027979
0.027996
0.028011
0.028024
0.028038
0.028052
0.028065
0.028079
0.028094
0.028107
0.026911
0.027134
0.027161
0.027175
0.027188
0.027201
0.027215
0.027228
0.027241
0.027253
0.027267
0.026616
0.026832
0.026858
0.026873
0.026886
0.026900
0.026913
0.026927
0.026940
0.026953
0.026966
0.026908
0.027139
0.027157
0.027171
0.027185
0.027199
0.027212
0.027225
0.027238
0.027251
0.027264
0.026448
0.026683
0.026704
0.026721
0.026738
0.026754
0.026770
0.026786
0.026801
0.026817
0.026832
0.027307
0.027544
0.027564
0.027581
0.027597
0.027613
0.027629
0.027644
0.027660
0.027676
0.027692
0.027378
0.027613
0.027633
0.027650
0.027667
0.027683
0.027699
0.027714
0.027730
0.027745
0.027761
0.027013
0.027251
0.027271
0.027287
0.027304
0.027319
0.027335
0.027351
0.027367
0.027383
0.027398
0.053055
0.053289
0.053309
0.053327
0.053344
0.053360
0.053375
0.053391
0.053407
0.053423
0.053438
0.029296
0.029540
0.029562
0.029579
0.029595
0.029611
0.029627
0.029643
0.029659
0.029675
0.029690
0.027128
0.027356
0.027385
0.027402
0.027418
0.027434
0.027450
0.027466
0.027482
0.027497
0.027513
0.026686
0.026923
0.026943
0.026960
0.026977
0.026993
0.027009
0.027025
0.027040
0.027056
0.027072
0.026901
0.027139
0.027158
0.027174
0.027191
0.027208
0.027222
0.027236
0.027248
0.027261
0.027275
0.026911
0.027141
0.027159
0.027173
0.027187
0.027200
0.027217
0.027235
0.027251
0.027267
0.027283
0.029919
0.030158
0.030181
0.030198
0.030213
0.030228
0.030244
0.030260
0.030275
0.030290
0.030305
0.027384
0.027623
0.027642
0.027659
0.027675
0.027692
0.027707
0.027724
0.027739
0.027756
0.027771
0.027393
0.027632
0.027653
0.027671
0.027687
0.027703
0.027719
0.027735
0.027751
0.027766
0.027782
0.026706
0.026943
0.026964
0.026981
0.026998
0.027014
0.027030
0.027046
0.027062
0.027078
0.027093
0.052727
0.052959
0.052977
0.052991
0.053005
0.053017
0.053030
0.053044
0.053057
0.053070
0.053082
0.026794
0.027030
0.027050
0.027066
0.027083
0.027099
0.027116
0.027133
0.027147
0.027161
0.027176
0.026739
0.026968
0.026986
0.027000
0.027014
0.027027
0.027040
0.027053
0.027066
0.027079
0.027092
0.026606
0.026827
0.026853
0.026868
0.026882
0.026896
0.026909
0.026925
0.026942
0.026959
0.026976
0.026292
0.026517
0.026537
0.026563
0.026580
0.026595
0.026612
0.026627
0.026643
0.026660
0.026676
0.026173
0.026412
0.026433
0.026451
0.026468
0.026484
0.026501
0.026517
0.026533
0.026549
0.026564
0.027533
0.027772
0.027792
0.027809
0.027825
0.027842
0.027858
0.027874
0.027890
0.027905
0.027921
0.027818
0.028053
0.028073
0.028091
0.028107
0.028123
0.028139
0.028155
0.028170
0.028186
0.028202
0.027375
0.027615
0.027636
0.027653
0.027668
0.027685
0.027701
0.027717
0.027733
0.027749
0.027764
0.026799
0.027040
0.027061
0.027078
0.027093
0.027110
0.027126
0.027142
0.027157
0.027173
0.027188
0.052615
0.052849
0.052870
0.052887
0.052902
0.052918
0.052933
0.052949
0.052964
0.052980
0.052995
0.027596
0.027833
0.027856
0.027874
0.027891
0.027905
0.027919
0.027932
0.027948
0.027961
0.027975
0.026710
0.026929
0.026955
0.026969
0.026983
0.026996
0.027009
0.027022
0.027035
0.027048
0.027061
0.026433
0.026669
0.026691
0.026708
0.026726
0.026742
0.026758
0.026774
0.026790
0.026806
0.026822
0.026329
0.026567
0.026586
0.026602
0.026619
0.026636
0.026651
0.026667
0.026682
0.026699
0.026714
0.026236
