1.848212
0.030339
0.030611
0.030640
0.030655
0.030671
0.030686
0.030700
0.030715
0.030730
0.030744
0.030758
0.025017
0.025270
0.025287
0.025302
0.025316
0.025331
0.025345
0.025359
0.025373
0.025387
0.025401
0.028569
0.028812
0.028828
0.028842
0.028855
0.028870
0.028884
0.028898
0.028912
0.028926
0.028939
0.028477
0.028709
0.028728
0.028742
0.028756
0.028770
0.028784
0.028800
0.028814
0.028826
0.028840
0.025162
0.025385
0.025402
0.025415
0.025429
0.025443
0.025457
0.025471
0.025484
0.025499
0.025513
0.023251
0.023476
0.023492
0.023506
0.023520
0.023535
0.023549
0.023562
0.023576
0.023589
0.023603
0.023396
0.023625
0.023641
0.023654
0.023667
0.023682
0.023698
0.023711
0.023725
0.023739
0.023752
0.023493
0.023723
0.023741
0.023756
0.023770
0.023784
0.023798
0.023811
0.023824
0.023838
0.023852
0.023837
0.024051
0.024077
0.024092
0.024106
0.024119
0.024132
0.024145
0.024158
0.024171
0.024184
0.047829
0.048058
0.048083
0.048108
0.048131
0.048156
0.048180
0.048207
0.048230
0.048254
0.048278
0.024016
0.024250
0.024291
0.024314
0.024338
0.024363
0.024387
0.024410
0.024434
0.024458
0.024482
0.023629
0.023875
0.023907
0.023932
0.023957
0.023985
0.024009
0.024032
0.024056
0.024080
0.024104
0.023911
0.024136
0.024166
0.024203
0.024229
0.024253
0.024276
0.024301
0.024325
0.024349
0.024372
0.024249
0.024489
0.024523
0.024548
0.024574
0.024600
0.024623
0.024648
0.024672
0.024696
0.024719
0.024169
0.024408
0.024440
0.024466
0.024491
0.024516
0.024541
0.024565
0.024588
0.024612
0.024636
0.023814
0.024055
0.024086
0.024113
0.024139
0.024164
0.024189
0.024212
0.024238
0.024261
0.024285
0.023003
0.023240
0.023269
0.023296
0.023321
0.023346
0.023370
0.023394
0.023418
0.023442
0.023465
0.022939
0.023170
0.023193
0.023216
0.023240
0.023265
0.023289
0.023313
0.023337
0.023360
0.023384
0.023523
0.023760
0.023790
0.023821
0.023846
0.023870
0.023894
0.023919
0.023942
0.023966
0.023990
0.049021
0.049262
0.049294
0.049322
0.049348
0.049373
0.049398
0.049423
0.049446
0.049470
0.049495
0.024033
0.024267
0.024295
0.024322
0.024345
0.024370
0.024393
0.024417
0.024441
0.024465
0.024489
0.023865
0.024105
0.024138
0.024166
0.024190
0.024215
0.024239
0.024263
0.024287
0.024311
0.024334
0.023097
0.023327
0.023350
0.023373
0.023398
0.023422
0.023446
0.023470
0.023493
0.023518
0.023540
0.022953
0.023185
0.023208
0.023232
0.023255
0.023280
0.023305
0.023329
0.023353
0.023377
0.023400
0.023676
0.023910
0.023934
0.023957
0.023982
0.024009
0.024035
0.024059
0.024083
0.024107
0.024130
0.022964
0.023196
0.023219
0.023242
0.023266
0.023291
0.023315
0.023339
0.023364
0.023388
0.023412
0.024634
0.024855
0.024879
0.024910
0.024935
0.024959
0.024983
0.025006
0.025030
0.025054
0.025078
0.024781
0.025009
0.025026
0.025040
0.025054
0.025067
0.025080
0.025093
0.025106
0.025119
0.025132
0.024305
0.024534
0.024551
0.024565
0.024579
0.024593
0.024606
0.024619
0.024632
0.024645
0.024658
0.050055
0.050270
0.050297
0.050311
0.050325
0.050338
0.050351
0.050364
0.050377
0.050390
0.050403
0.024988
0.025217
0.025234
0.025249
0.025263
0.025276
0.025290
0.025303
0.025316
0.025330
0.025343
0.025681
0.025911
0.025929
0.025943
0.025957
0.025970
0.025983
0.025996
0.026009
0.026022
0.026035
0.025842
0.026065
0.026086
0.026100
0.026114
0.026128
0.026141
0.026155
0.026168
0.026181
0.026194
0.024654
0.024884
0.024901
0.024915
0.024929
0.024942
0.024955
0.024968
0.024981
0.024994
0.025007
0.024537
0.024764
0.024781
0.024795
0.024809
0.024822
0.024835
0.024849
0.024862
0.024875
0.024888
0.024552
0.024776
0.024793
0.024807
0.024821
0.024834
0.024847
0.024860
0.024873
0.024886
0.024899
0.025429
0.025658
0.025676
0.025690
0.025704
0.025718
0.025731
0.025744
0.025758
0.025774
0.025787
0.024611
0.024837
0.024854
0.024868
0.024882
0.024895
0.024909
0.024922
0.024935
0.024948
0.024961
0.024453
0.024669
0.024686
0.024699
0.024713
0.024736
0.024750
0.024763
0.024776
0.024789
0.024802
0.050711
0.050935
0.050953
0.050967
0.050981
0.050994
0.051007
0.051020
0.051033
0.051046
0.051059
0.025003
0.025231
0.025249
0.025263
0.025277
0.025290
0.025303
0.025317
0.025330
0.025343
0.025356
0.025329
0.025556
0.025574
0.025588
0.025601
0.025615
0.025628
0.025641
0.025654
0.025667
0.025680
0.026078
0.026294
0.026312
0.026325
0.026349
0.026362
0.026375
0.026389
0.026402
0.026415
0.026428
0.024581
0.024811
0.024830
0.024844
0.024858
0.024872
0.024885
0.024898
0.024911
0.024924
0.024937
0.025194
0.025414
0.025432
0.025446
0.025460
0.025473
0.025487
0.025501
0.025514
0.025527
0.025540
0.024958
0.025173
0.025199
0.025213
0.025227
0.025241
0.025254
0.025267
0.025280
0.025294
0.025307
0.025092
0.025315
0.025333
0.025347
0.025361
0.025374
0.025388
0.025402
0.025414
0.025428
0.025441
0.026689
0.026925
0.026942
0.026957
0.026971
0.026984
0.026998
0.027011
0.027024
0.027041
0.027054
0.025057
0.025280
0.025299
0.025313
0.025326
0.025340
0.025353
0.025366
0.025379
0.025391
0.025404
0.050148
0.050362
0.050389
0.050403
0.050417
0.050430
0.050443
0.050457
0.050469
0.050483
0.050495
0.026024
0.026256
0.026274
0.026288
0.026302
0.026315
0.026329
0.026341
0.026355
0.026367
0.026380
0.025691
0.025915
0.025932
0.025946
0.025959
0.025973
0.025986
0.026000
0.026013
0.026026
0.026040
0.025307
0.025534
0.025552
0.025566
0.025579
0.025593
0.025606
0.025619
0.025632
0.025645
0.025658
0.024128
0.024355
0.024372
0.024386
0.024400
0.024413
0.024426
0.024439
0.024453
0.024466
0.024479
0.024998
0.025226
0.025243
0.025257
0.025273
0.025286
0.025300
0.025313
0.025326
0.025339
0.025352
0.025226
0.025453
0.025471
0.025486
0.025499
0.025512
0.025525
0.025539
0.025552
0.025565
0.025578
0.024976
0.025202
0.025220
0.025234
0.025248
0.025261
0.025274
0.025288
0.025301
0.025314
0.025326
0.024413
0.024640
0.024658
0.024672
0.024686
0.024699
0.024712
0.024726
0.024740
0.024752
0.024765
0.024416
0.024640
0.024657
0.024671
0.024685
0.024698
0.024711
0.024724
0.024737
0.024750
0.024766
0.052005
0.052223
0.052253
0.052270
0.052287
0.052303
0.052319
0.052335
0.052351
0.052366
0.052382
0.024895
0.025128
0.025149
0.025167
0.025183
0.025199
0.025215
0.025231
0.025247
0.025263
0.025278
0.024624
0.024848
0.024865
0.024879
0.024899
0.024915
0.024940
0.024960
0.024978
0.024992
0.025006
0.025652
0.025866
0.025892
0.025906
0.025919
0.025933
0.025946
0.025960
0.025973
0.025985
0.025998
0.024877
0.025099
0.025116
0.025131
0.025145
0.025158
0.025171
0.025184
0.025197
0.025210
0.025223
0.024542
0.024755
0.024782
0.024796
0.024809
0.024823
0.024836
0.024849
0.024862
0.024875
0.024888
0.024613
0.024840
0.024861
0.024880
0.024897
0.024912
0.024929
0.024944
0.024960
0.024975
0.024991
0.024684
0.024907
0.024926
0.024952
0.024969
0.024984
0.025000
0.025016
0.025031
0.025047
0.025063
0.024745
0.024964
0.024993
0.025011
0.025028
0.025044
0.025060
0.025076
0.025091
0.025107
0.025122
0.024838
0.025069
0.025089
0.025106
0.025123
0.025139
0.025155
0.025171
0.025186
0.025202
0.025218
0.051043
0.051273
0.051290
0.051304
0.051318
0.051332
0.051345
0.051358
0.051371
0.051384
0.051398
0.025123
0.025353
0.025370
0.025384
0.025398
0.025411
0.025425
0.025438
0.025451
0.025464
0.025477
0.025618
0.025846
0.025863
0.025877
0.025891
0.025904
0.025917
0.025931
0.025944
0.025957
0.025970
0.025794
0.026011
0.026038
0.026052
0.026066
0.026079
0.026092
0.026105
0.026118
0.026131
0.026145
0.024801
0.025027
0.025045
0.025059
0.025072
0.025085
0.025099
0.025112
0.025124
0.025137
0.025150
0.024453
0.024676
0.024693
0.024708
0.024721
0.024735
0.024748
0.024761
0.024774
0.024788
0.024801
0.025272
0.025485
0.025512
0.025526
0.025539
0.025553
0.025566
0.025579
0.025592
0.025605
0.025618
0.025190
0.025416
0.025434
0.025448
0.025462
0.025475
0.025488
0.025502
0.025515
0.025528
0.025541
0.024980
0.025205
0.025222
0.025236
0.025250
0.025263
0.025276
0.025289
0.025302
0.025315
0.025328
0.024971
0.025195
0.025213
0.025227
0.025241
0.025254
0.025268
0.025282
0.025295
0.025308
0.025321
0.050073
0.050296
0.050314
0.050328
0.050341
0.050356
0.050369
0.050382
0.050395
0.050408
0.050421
0.025148
0.025368
0.025396
0.025410
0.025424
0.025438
0.025451
0.025465
0.025478
0.025491
0.025504
0.025314
0.025539
0.025557
0.025571
0.025584
0.025598
0.025610
0.025624
0.025637
0.025650
0.025663
0.025610
0.025823
0.025840
0.025854
0.025878
0.025891
0.025904
0.025917
0.025930
0.025943
0.025956
0.024899
0.025124
0.025141
0.025155
0.025169
0.025182
0.025195
0.025208
0.025221
0.025234
0.025247
0.025307
0.025534
0.025552
0.025566
0.025580
0.025594
0.025606
0.025620
0.025633
0.025646
0.025659
0.024374
0.024599
0.024616
0.024631
0.024644
0.024658
0.024671
0.024685
0.024698
0.024711
0.024724
0.026009
0.026226
0.026242
0.026267
0.026280
0.026294
0.026308
0.026321
0.026334
0.026347
0.026361
0.024297
0.024527
0.024544
0.024558
0.024571
0.024584
0.024597
0.024611
0.024623
0.024636
0.024649
0.024435
0.024654
0.024670
0.024684
0.024707
0.024721
0.024734
0.024747
0.024760
0.024773
0.024786
0.052474
0.052706
0.052723
0.052737
0.052751
0.052764
0.052778
0.052791
0.052804
0.052816
0.052830
0.025228
0.025452
0.025470
0.025484
0.025498
0.025511
0.025524
0.025537
0.025550
0.025563
0.025576
0.025266
0.025491
0.025508
0.025522
0.025535
0.025548
0.025561
0.025574
0.025587
0.025600
0.025613
0.025667
0.025894
0.025912
0.025926
0.025940
0.025953
0.025966
0.025980
0.025993
0.026006
0.026019
0.024804
0.025030
0.025047
0.025061
0.025075
0.025088
0.025101
0.025115
0.025127
0.025141
0.025154
0.024791
0.025014
0.025032
0.025046
0.025060
0.025073
0.025086
0.025099
0.025112
0.025125
0.025138
0.024716
0.024942
0.024959
0.024974
0.024987
0.025001
0.025014
0.025027
0.025041
0.025054
0.025067
0.024798
0.025023
0.025040
0.025054
0.025068
0.025081
0.025094
0.025107
0.025120
0.025132
0.025145
0.024709
0.024925
0.024952
0.024966
0.024979
0.024993
0.025006
0.025019
0.025033
0.025045
0.025058
0.033099
0.033351
0.033371
0.033397
0.033416
0.033434
0.033451
0.033468
0.033486
0.033503
0.033522
0.054938
0.055168
0.055185
0.055199
0.055213
0.055226
0.055242
0.055260
0.055277
0.055292
0.055308
0.025917
0.026141
0.026161
0.026187
0.026204
0.026221
0.026238
0.026254
0.026271
0.026287
0.026303
0.025795
0.026022
0.026043
0.026060
0.026078
0.026094
0.026111
0.026127
0.026143
0.026162
0.026179
0.025119
0.025344
0.025362
0.025377
0.025390
0.025403
0.025417
0.025430
0.025443
0.025455
0.025469
0.024475
0.024700
0.024718
0.024732
0.024746
0.024760
0.024773
0.024786
0.024800
0.024813
0.024829
0.025290
0.025509
0.025529
0.025555
0.025572
0.025588
0.025604
0.025620
0.025636
0.025651
0.025668
0.024621
0.024864
0.024884
0.024901
0.024918
0.024934
0.024950
0.024967
0.024983
0.024999
0.025014
0.024764
0.024986
0.025016
0.025033
0.025049
0.025065
0.025081
0.025097
0.025112
0.025128
0.025145
0.024461
0.024691
0.024711
0.024727
0.024744
0.024760
0.024776
0.024791
0.024806
0.024822
0.024837
0.024571
0.024792
0.024815
0.024841
0.024858
0.024874
0.024890
0.024906
0.024922
0.024937
0.024953
0.049571
0.049793
0.049823
0.049840
0.049856
0.049872
0.049888
0.049904
0.049921
0.049937
0.049952
0.024242
0.024467
0.024485
0.024499
0.024513
0.024526
0.024539
0.024553
0.024566
0.024579
0.024592
0.025374
0.025605
0.025622
0.025636
0.025650
0.025662
0.025676
0.025689
0.025702
0.025714
0.025727
0.025755
0.025968
0.025995
0.026010
0.026023
0.026037
0.026049
0.026062
0.026076
0.026089
0.026102
0.024593
0.024818
0.024838
0.024858
0.024879
0.024899
0.024918
0.024938
0.024958
0.024977
0.024996
0.024568
0.024800
0.024818
0.024832
0.024846
0.024859
0.024873
0.024886
0.024898
0.024912
0.024925
0.028843
0.029072
0.029097
0.029115
0.029132
0.029148
0.029164
0.029181
0.029196
0.029212
0.029227
0.025584
0.025818
0.025839
0.025856
0.025872
0.025888
0.025904
0.025919
0.025935
0.025951
0.025966
0.025970
0.026197
0.026218
0.026235
0.026250
0.026266
0.026281
0.026297
0.026312
0.026327
0.026343
0.024588
0.024814
0.024832
0.024846
0.024859
0.024873
0.024886
0.024899
0.024913
0.024926
0.024939
0.050635
0.050868
0.050886
0.050900
0.050914
0.050927
0.050941
0.050953
0.050966
0.050979
0.050992
0.024874
0.025104
0.025121
0.025135
0.025149
0.025163
0.025176
0.025190
0.025203
0.025216
0.025229
0.025098
0.025318
0.025344
0.025358
0.025372
0.025385
0.025398
0.025412
0.025424
0.025438
0.025450
0.024854
0.025080
0.025097
0.025111
0.025124
0.025138
0.025151
0.025165
0.025178
0.025191
0.025204
0.024769
0.024997
0.025014
0.025029
0.025043
0.025056
0.025070
0.025083
0.025096
0.025109
0.025123
0.024785
0.025012
0.025029
0.025043
0.025057
0.025070
0.025084
0.025097
0.025110
0.025124
0.025136
0.023516
0.023742
0.023760
0.023774
0.023787
0.023801
0.023814
0.023827
0.023840
0.023853
0.023866
0.023533
0.023759
0.023777
0.023792
0.023805
0.023818
0.023831
0.023845
0.023858
0.023871
0.023884
0.024328
0.024556
0.024573
0.024587
0.024601
0.024613
0.024627
0.024640
0.024653
0.024666
0.024679
0.024575
0.024823
0.024850
0.024871
0.024891
0.024910
0.024936
0.024956
0.024975
0.024994
0.025013
0.053295
0.053521
0.053538
0.053553
0.053566
0.053580
0.053592
0.053606
0.053618
0.053631
0.053644
0.024924
0.025154
0.025176
0.025190
0.025204
0.025218
0.025231
0.025244
0.025257
0.025270
0.025283
0.024629
0.024851
0.024868
0.024882
0.024896
0.024910
0.024923
0.024936
0.024949
0.024962
0.024975
0.024967
0.025186
0.025212
0.025226
0.025240
0.025253
0.025266
0.025279
0.025293
0.025306
0.025319
0.025165
0.025389
0.025407
0.025421
0.025434
0.025448
0.025461
0.025474
0.025487
0.025500
0.025513
0.024693
0.024920
0.024938
0.024952
0.024965
0.024979
0.024992
0.025005
0.025018
0.025031
0.025044
0.023659
0.023875
0.023901
0.023915
0.023929
0.023942
0.023955
0.023968
0.023981
0.023994
0.024008
0.024584
0.024804
0.024831
0.024845
0.024859
0.024872
0.024885
0.024899
0.024911
0.024925
0.024938
0.023648
0.023862
0.023889
0.023903
0.023921
0.023934
0.023947
0.023960
0.023973
0.023987
0.024000
0.024872
0.025099
0.025116
0.025131
0.025144
0.025158
0.025171
0.025184
0.025198
0.025211
0.025224
0.051102
0.051330
0.051348
0.051363
0.051376
0.051389
0.051403
0.051416
0.051430
0.051443
0.051456
0.023804
0.024029
0.024047
0.024062
0.024076
0.024089
0.024102
0.024116
0.024129
0.024142
0.024155
0.025208
0.025436
0.025453
0.025467
0.025481
0.025494
0.025507
0.025521
0.025534
0.025547
0.025560
0.025626
0.025853
0.025870
0.025884
0.025898
0.025911
0.025924
0.025938
0.025950
0.025964
0.025976
0.025036
0.025264
