547	238	22	23
546	237	22	23
551	239	22	23
556	241	22	23
562	243	22	23
567	246	22	23
572	248	23	24
578	251	23	24
583	253	23	24
589	255	23	24
594	258	23	25
599	260	24	25
548	243	22	23
548	243	22	23
548	244	22	23
548	244	22	23
548	245	22	23
548	245	22	23
549	246	22	23
549	246	22	23
549	247	22	23
549	247	22	23
549	248	22	23
557	251	22	23
557	251	22	23
557	252	22	23
558	252	22	23
559	253	22	23
559	254	22	23
560	254	22	23
560	255	22	23
561	256	22	23
562	256	22	23
562	257	22	23
555	247	22	23
555	247	22	23
555	247	22	23
555	247	22	23
556	247	22	23
556	247	22	23
556	247	22	23
556	247	22	23
556	247	22	23
556	247	22	23
556	248	22	23
546	251	22	23
546	251	22	23
545	251	22	23
545	251	22	23
544	251	22	23
544	251	22	23
543	252	22	23
543	252	22	23
542	252	22	23
542	252	22	23
541	252	22	23
539	259	21	22
538	259	21	22
537	259	20	21
537	260	20	21
536	260	20	21
536	261	20	21
535	261	20	21
534	262	20	21
534	262	20	21
533	263	20	21
533	263	20	21
544	266	22	23
543	266	21	22
543	267	21	22
543	267	22	23
543	268	22	23
543	268	22	23
543	269	22	23
543	270	22	23
543	270	22	23
543	271	22	23
543	272	22	23
555	271	22	23
555	271	22	23
555	272	22	23
556	272	22	23
557	273	22	23
557	273	22	23
558	274	22	23
558	274	22	23
559	275	22	23
560	275	22	23
560	276	22	23
551	271	22	23
551	271	22	23
551	271	22	23
551	271	22	23
551	272	22	23
551	272	22	23
552	272	22	23
552	272	22	23
552	272	22	23
552	273	22	23
552	273	22	23
545	269	23	24
545	269	23	24
544	269	23	24
544	269	23	24
544	269	23	24
543	268	23	24
543	268	23	24
543	268	23	24
542	268	23	24
542	268	23	24
542	268	23	24
544	268	23	24
543	267	23	24
543	267	23	24
543	267	23	24
543	267	23	24
542	267	23	24
542	267	23	24
542	267	23	24
542	267	23	24
541	267	23	24
541	267	23	24
551	271	24	25
550	270	24	25
551	271	24	25
551	271	24	25
551	271	24	25
552	271	24	25
552	271	24	25
552	271	24	25
552	271	24	25
553	271	24	25
553	272	24	25
552	269	24	25
552	269	24	25
552	269	24	25
552	269	24	25
552	268	24	25
553	268	24	25
553	268	24	25
553	268	24	25
553	268	24	25
553	268	24	25
554	268	24	25
542	264	25	26
542	263	25	26
541	263	25	26
541	263	25	26
540	263	25	26
540	262	25	26
539	262	25	26
539	262	25	26
538	261	25	26
538	261	25	26
537	261	25	26
537	264	24	25
536	263	24	25
536	263	24	25
535	263	24	25
535	263	23	24
534	263	23	24
534	263	23	24
533	262	23	24
532	262	23	24
532	262	23	24
531	262	23	24
536	257	25	26
535	256	24	25
535	256	25	26
534	256	25	26
534	255	25	26
534	255	25	26
534	254	25	26
533	254	25	26
533	253	25	26
533	253	25	26
533	252	25	26
545	248	24	25
544	247	24	25
545	246	24	25
545	246	23	24
545	245	23	24
546	244	23	24
546	244	23	24
547	243	23	24
547	242	23	24
548	242	23	24
548	241	23	24
554	239	24	25
554	238	23	24
555	237	23	24
555	236	23	24
556	235	23	24
557	235	23	24
557	234	23	24
558	233	23	24
559	232	23	24
560	232	23	24
560	231	23	24
555	232	23	24
555	231	22	23
556	230	22	23
556	229	22	23
556	229	22	23
557	228	22	23
557	227	22	23
557	227	22	23
558	226	22	23
558	225	22	23
558	224	22	23
549	233	22	23
549	232	21	22
549	232	21	22
548	231	21	22
548	231	21	22
548	231	21	22
548	231	21	22
548	231	21	22
547	230	21	22
547	230	21	22
547	230	21	22
546	229	21	22
545	228	20	21
545	228	20	21
545	228	20	21
544	227	20	21
544	227	20	21
544	227	20	21
544	227	20	21
543	226	20	21
543	226	20	21
543	226	20	21
554	226	20	21
553	225	19	20
554	225	19	20
554	225	19	20
554	224	19	20
555	224	19	20
555	224	19	20
555	224	19	20
556	223	19	20
556	223	19	20
556	223	19	20
560	225	20	21
560	224	19	20
560	224	19	20
561	224	19	20
561	224	19	20
562	224	19	20
562	223	19	20
563	223	19	20
563	223	19	20
564	223	19	20
564	223	19	20
562	221	19	20
562	220	18	19
562	220	18	19
563	220	18	19
563	219	18	19
563	219	18	19
564	219	18	19
564	219	18	19
564	218	18	19
565	218	18	19
565	218	18	19
560	216	18	19
560	215	17	18
560	215	17	18
560	214	17	18
560	214	17	18
560	214	17	18
560	213	17	18
560	213	17	18
560	212	17	18
560	212	17	18
560	212	17	18
561	216	18	18
561	215	17	17
561	215	17	17
561	215	17	17
561	215	17	17
561	214	17	17
561	214	17	17
561	214	17	17
561	214	17	17
561	214	17	17
561	214	17	17
566	214	18	19
566	213	17	18
566	213	17	18
566	213	17	18
566	213	17	18
567	213	17	18
567	213	17	19
567	212	17	19
568	212	17	19
568	212	17	19
568	212	17	19
573	212	19	20
573	211	18	20
573	211	19	20
574	211	19	20
574	211	19	20
575	211	19	20
575	210	19	20
576	210	19	20
576	210	19	20
577	210	19	20
577	210	19	20
577	214	18	19
577	213	18	19
577	213	18	19
578	213	17	19
578	213	17	18
579	213	17	18
579	214	17	18
580	214	17	18
580	214	17	18
581	214	17	18
581	214	17	18
573	210	18	18
573	210	17	17
573	209	17	17
573	209	17	17
573	209	17	17
573	209	17	17
573	209	17	17
573	208	17	17
573	208	17	17
572	208	17	17
572	208	17	17
572	212	17	18
571	211	16	17
571	211	16	17
571	211	16	17
571	211	16	17
571	211	16	17
571	211	16	17
571	211	16	17
571	211	16	17
571	211	16	17
570	212	16	17
571	210	16	17
570	210	15	16
570	209	15	16
570	209	15	16
570	209	15	16
570	209	15	16
570	209	15	16
570	209	15	16
570	209	15	16
570	209	15	16
570	209	15	16
568	209	17	18
567	208	16	17
567	208	16	17
567	208	16	17
567	208	16	18
567	208	17	18
566	208	17	18
566	208	17	18
566	208	17	18
566	208	17	18
566	208	17	18
559	214	16	17
558	213	16	17
558	214	15	16
557	214	15	16
557	214	15	16
556	214	15	16
555	215	15	16
555	215	15	16
554	215	15	16
554	215	15	16
553	216	15	16
546	214	17	18
545	214	16	17
544	214	16	17
543	214	17	18
542	214	17	18
541	214	17	18
540	214	17	18
539	214	17	18
538	215	17	18
537	215	17	18
536	215	17	18
534	215	18	18
533	215	18	18
531	215	18	18
530	215	18	18
529	215	18	18
528	215	18	18
527	215	18	18
526	215	18	18
525	215	18	18
524	215	18	18
523	215	18	18
522	215	17	18
520	215	17	18
519	215	17	18
518	215	17	18
517	215	17	18
516	215	16	18
515	215	16	18
514	215	16	18
513	215	16	18
512	215	16	18
511	215	16	18
516	216	18	19
514	216	17	19
514	216	18	19
513	216	18	19
512	216	18	19
511	216	18	19
511	216	18	19
510	216	18	19
509	216	18	19
508	216	18	19
508	216	18	19
514	216	18	19
513	216	18	19
512	216	18	19
512	216	18	19
512	216	18	19
511	216	18	19
511	216	18	19
510	216	18	19
510	216	18	19
510	216	18	19
509	216	18	19
513	217	17	18
512	217	17	18
512	217	16	17
512	217	16	17
512	217	16	17
511	217	16	17
511	217	16	17
511	217	16	17
511	217	16	17
511	217	16	17
510	217	16	17
509	218	17	18
508	218	16	17
508	218	16	17
508	218	16	17
507	218	16	17
507	218	16	17
507	218	16	17
507	218	16	17
506	218	16	17
506	218	16	17
506	218	16	17
506	216	17	18
505	216	16	17
505	216	16	17
505	215	16	17
504	215	16	17
504	215	16	17
504	215	16	17
504	215	16	17
503	215	16	17
503	215	16	17
503	215	16	17
506	217	17	17
505	216	16	16
505	216	16	16
505	216	16	16
505	216	16	16
505	216	16	16
505	217	16	16
505	217	16	16
504	217	16	16
504	217	16	16
504	217	16	16
507	217	16	17
506	217	15	16
506	217	15	16
506	217	15	16
506	217	15	16
506	217	15	16
507	217	15	16
507	217	15	16
507	217	15	16
507	217	15	16
507	217	15	16
508	217	16	16
508	217	15	15
508	217	15	15
508	217	15	15
508	217	15	15
508	217	15	15
508	217	15	15
508	217	15	15
508	217	15	15
508	217	15	15
508	217	15	15
505	216	16	17
505	216	15	16
504	215	15	16
504	215	15	16
504	215	15	17
504	215	15	17
504	215	15	17
504	215	15	17
504	215	15	17
503	215	15	17
503	215	15	17
508	216	16	17
507	215	15	17
507	215	15	17
508	215	15	17
508	215	15	17
508	215	15	17
508	215	15	17
508	215	15	17
508	215	15	17
508	215	15	17
508	215	15	17
506	215	17	17
506	214	16	17
506	214	17	17
505	214	17	17
505	214	17	17
505	214	17	17
505	214	17	17
505	214	17	17
505	214	17	17
505	214	17	17
505	214	17	17
505	213	17	18
504	212	17	18
504	212	17	18
504	212	17	18
504	212	17	18
504	212	17	18
504	212	17	18
504	212	17	18
504	211	17	18
504	211	17	18
504	211	17	18
503	212	17	17
502	211	17	17
502	211	17	17
502	211	17	16
502	211	17	16
502	211	17	16
502	211	17	16
502	211	17	16
501	211	17	16
501	210	17	16
501	210	17	16
505	211	17	18
504	210	17	17
504	210	17	18
504	210	17	18
505	210	17	18
505	210	17	18
505	210	17	18
505	210	17	18
505	210	17	18
505	210	17	18
505	210	17	18
506	210	18	19
506	209	18	19
506	209	18	19
506	209	18	19
506	209	18	19
506	209	18	19
506	209	18	19
506	209	18	19
506	209	18	19
506	209	18	19
506	209	18	19
509	210	19	20
509	209	19	20
509	209	19	20
509	209	19	20
509	209	19	20
509	209	19	20
510	209	19	20
510	209	19	20
510	209	19	20
510	209	19	20
510	209	19	20
513	210	18	19
513	209	18	19
513	209	18	19
513	209	18	19
514	209	18	19
514	209	17	19
514	209	17	18
515	209	17	18
515	209	17	18
515	209	17	18
515	209	17	18
516	209	18	19
516	208	17	18
516	208	17	18
516	208	17	18
517	208	17	18
517	208	17	18
517	208	17	18
518	208	17	18
518	208	17	18
518	208	17	18
518	208	17	18
526	208	19	20
526	207	18	19
526	207	19	20
527	207	19	20
528	207	19	20
528	207	19	20
529	207	19	20
530	207	19	20
530	207	19	20
531	207	19	20
532	207	19	20
532	208	19	20
532	207	19	20
533	207	19	20
533	207	19	20
534	207	19	20
535	207	19	20
535	207	19	20
536	207	19	20
536	207	19	20
537	207	19	20
538	207	19	20
535	206	18	19
535	205	18	19
536	205	17	18
536	205	17	18
536	205	17	18
537	205	17	18
537	205	17	18
538	205	17	18
538	205	17	18
538	204	17	18
539	204	17	18
542	203	19	20
542	202	18	19
542	202	18	19
543	202	19	20
544	202	19	20
544	202	19	20
545	201	19	20
545	201	19	20
546	201	19	20
546	201	19	20
547	200	19	20
553	204	19	20
553	203	19	20
554	203	19	20
555	203	19	20
556	203	19	20
556	203	19	20
557	203	19	20
558	203	19	20
559	203	19	20
560	203	19	20
560	203	19	20
566	204	18	19
566	203	18	19
567	203	17	18
568	203	17	18
570	203	17	18
571	203	17	18
572	203	17	18
573	203	17	18
574	203	17	18
575	203	17	18
576	203	17	18
579	207	18	19
580	206	17	18
581	207	17	18
582	207	17	18
583	207	17	18
584	207	17	18
585	207	17	18
586	207	17	18
588	208	17	18
589	208	17	18
590	208	17	18
591	211	18	18
592	211	17	17
593	211	17	17
594	211	17	17
595	212	17	17
596	212	17	17
597	212	17	17
598	212	17	17
599	213	17	17
601	213	17	17
602	213	17	17
599	211	18	19
600	211	17	18
600	211	17	18
601	211	17	18
602	211	17	19
603	211	17	19
604	211	17	19
605	212	17	19
606	212	17	19
607	212	17	19
608	212	17	19
600	211	19	20
600	211	18	20
601	211	19	20
601	211	19	20
602	211	19	20
602	211	19	20
602	211	19	20
603	211	19	20
603	211	19	20
603	211	19	20
604	211	19	20
600	211	19	20
600	211	19	20
600	211	19	20
600	211	19	20
600	211	19	20
600	211	19	20
600	211	19	20
601	211	19	20
601	211	19	20
601	211	19	20
601	211	19	20
594	211	19	20
594	211	19	20
593	211	19	20
593	211	19	20
593	211	19	20
592	211	19	20
592	211	19	20
592	211	19	20
592	211	19	20
591	211	19	20
591	211	19	20
591	211	19	20
590	211	19	20
590	211	19	20
590	211	19	20
589	211	19	20
589	211	19	20
589	211	19	20
588	211	19	20
588	211	19	20
588	211	19	20
587	211	19	20
584	206	19	20
583	206	19	20
583	205	19	20
582	205	19	20
582	205	19	20
581	204	19	20
581	204	19	20
580	204	19	20
580	204	19	20
579	203	19	20
579	203	19	20
579	202	20	21
578	201	20	21
578	201	20	21
577	201	20	21
577	200	20	21
576	200	20	21
576	199	20	21
575	199	20	21
575	199	20	21
574	198	20	21
574	198	20	21
572	201	19	20
571	200	19	20
570	200	19	20
570	200	18	19
569	200	18	19
569	199	18	19
568	199	18	19
568	199	18	19
567	199	18	19
566	199	18	19
566	198	18	19
563	204	19	20
562	203	18	19
561	203	18	19
560	204	18	19
560	204	18	19
559	204	18	19
558	204	18	19
558	204	18	19
557	204	18	19
556	204	18	19
555	204	18	19
552	204	19	20
551	204	18	19
550	204	18	19
549	204	18	19
548	204	18	19
547	204	18	19
546	204	18	19
545	204	18	19
544	204	18	19
544	204	18	19
543	204	18	19
539	209	19	20
538	209	18	19
537	209	18	19
535	209	18	19
534	209	18	19
533	210	18	19
532	210	18	19
531	210	18	19
530	211	18	19
529	211	18	19
528	211	18	19
532	210	20	21
530	210	19	20
530	210	20	21
529	210	20	21
528	210	20	21
527	211	20	21
526	211	20	21
525	211	20	21
525	211	20	21
524	211	20	21
523	211	20	21
525	211	19	20
524	211	19	20
523	211	19	20
522	211	18	19
522	211	18	19
521	211	18	19
520	211	18	19
520	211	18	19
519	212	18	19
518	212	18	19
517	212	18	19
519	212	19	20
518	212	18	19
517	212	18	19
517	212	18	19
516	212	18	19
515	212	18	19
515	212	18	19
514	212	18	19
514	212	18	19
513	212	18	19
512	213	18	19
513	211	19	20
512	211	18	19
511	211	18	19
511	211	18	19
510	211	18	19
510	211	18	19
509	211	18	19
509	210	18	19
508	210	18	19
507	210	18	19
507	210	18	19
514	213	19	20
513	212	18	19
513	213	18	19
513	213	18	19
512	213	18	19
512	213	18	19
512	213	18	19
512	213	18	19
512	213	18	19
512	213	18	19
511	213	18	19
519	212	18	19
518	212	17	18
519	212	17	18
519	212	17	18
519	212	17	18
519	212	17	18
520	212	17	18
520	212	17	18
520	212	17	18
520	212	17	18
520	211	17	18
526	212	17	18
526	211	16	17
526	211	16	17
527	211	16	17
527	211	16	17
528	211	16	17
528	211	16	17
529	211	16	17
529	211	16	17
530	211	16	17
530	211	16	17
538	213	17	18
538	212	16	17
539	213	16	17
540	213	16	17
541	213	16	17
542	213	16	17
542	213	16	17
543	213	16	17
544	213	16	17
545	213	16	17
546	213	16	17
548	209	17	18
548	209	16	17
549	208	16	17
550	208	16	17
551	208	16	17
552	208	16	17
553	208	16	17
554	207	16	17
555	207	16	17
556	207	16	17
557	207	16	17
554	214	17	17
554	213	16	16
555	213	16	16
556	214	16	16
556	214	16	16
557	214	16	16
558	214	16	16
559	214	16	16
559	215	16	16
560	215	16	16
561	215	16	16
558	217	16	17
558	217	15	16
559	217	15	16
559	217	15	16
560	217	15	16
560	218	15	16
561	218	15	16
561	218	15	16
562	219	15	16
562	219	15	16
563	219	15	16
554	223	16	17
554	223	15	16
554	223	15	16
554	224	15	16
554	224	15	16
554	225	15	16
554	225	15	16
554	225	15	16
554	226	15	16
554	226	15	16
554	227	15	16
550	227	17	18
549	227	16	17
549	227	17	18
549	228	17	18
549	228	17	18
548	229	17	18
548	229	17	18
548	229	17	18
548	230	17	18
547	230	17	18
547	231	17	18
538	237	17	18
537	237	17	18
536	238	17	18
536	238	17	18
535	239	17	18
534	240	17	18
533	240	17	18
533	241	17	18
532	242	17	18
531	243	17	18
530	243	17	18
528	243	18	19
527	243	18	19
526	244	18	19
525	244	18	19
524	245	18	19
523	246	18	19
522	246	18	19
521	247	18	19
520	248	18	19
520	248	18	19
519	249	18	19
520	247	19	20
519	247	19	20
518	248	19	20
517	248	19	20
516	249	19	20
515	249	19	20
515	249	19	20
514	250	19	20
513	250	19	20
512	251	19	20
511	251	19	20
516	247	19	20
515	247	19	20
514	247	19	20
514	247	19	20
513	247	19	20
513	248	19	20
512	248	19	20
512	248	19	20
511	248	19	20
510	248	19	20
510	248	19	20
514	244	20	21
513	244	20	21
513	244	20	21
512	243	20	21
512	243	20	21
512	243	20	21
511	243	20	21
511	243	20	21
511	243	20	21
511	243	20	21
510	243	20	21
513	243	21	22
512	242	21	22
512	242	21	22
512	242	21	22
512	242	21	22
512	242	21	22
511	242	21	22
511	242	21	22
511	242	21	22
511	241	21	22
511	241	21	22
513	242	21	22
512	241	21	22
512	241	21	22
512	241	21	22
512	241	21	22
512	241	21	22
512	241	21	22
512	241	21	22
512	241	21	22
512	241	21	22
512	240	21	22
515	244	21	22
514	243	21	22
515	243	21	22
515	244	21	22
515	244	21	22
515	244	21	22
515	244	21	22
515	244	21	22
515	244	21	22
515	244	21	22
515	244	21	22
517	243	21	22
517	243	21	22
517	243	21	22
517	243	21	22
517	243	21	22
517	243	21	22
517	242	21	22
518	242	21	22
518	242	21	22
518	242	21	22
518	242	21	22
519	243	21	22
519	242	21	22
519	242	21	22
519	242	21	22
519	242	21	22
519	242	21	22
520	242	21	22
520	242	21	22
520	242	21	22
520	242	21	22
520	242	21	22
520	242	20	21
520	241	20	21
520	241	19	20
520	241	19	20
520	241	19	20
520	241	19	20
520	241	19	20
520	241	19	20
521	241	19	20
521	241	19	20
521	241	19	20
517	243	19	20
517	242	18	19
517	242	18	19
516	242	18	19
516	243	18	19
516	243	18	19
516	243	18	19
516	243	18	19
516	243	18	19
516	243	18	19
516	243	18	19
517	244	20	21
516	244	19	20
516	244	19	20
516	244	19	20
516	244	19	20
516	244	20	21
516	244	20	21
516	244	20	21
516	244	20	21
516	244	20	21
516	244	20	21
516	243	21	22
515	243	21	22
515	243	21	22
515	243	21	22
515	242	21	22
515	242	21	22
515	242	21	22
515	242	21	22
515	242	21	22
515	242	21	22
515	242	21	22
523	246	20	21
522	245	20	21
523	246	20	21
523	246	20	21
523	246	19	20
524	246	19	20
524	246	19	20
525	246	19	20
525	247	19	20
525	247	19	20
526	247	19	20
532	246	21	22
532	246	20	21
533	246	21	22
533	246	21	22
534	246	21	22
535	246	21	22
535	246	21	22
536	246	21	22
536	246	21	22
537	246	21	22
538	246	21	22
540	250	20	21
540	250	20	21
541	250	20	21
542	250	19	20
542	250	19	20
543	251	19	20
544	251	19	20
544	251	19	20
545	251	19	20
546	252	19	20
547	252	19	20
540	249	20	21
540	249	19	20
541	249	19	20
541	249	19	20
541	249	19	20
541	249	19	20
542	249	19	20
542	249	19	20
542	249	19	20
542	249	19	20
543	249	19	20
539	248	20	21
539	248	19	20
539	248	19	20
539	247	19	20
539	247	19	20
539	247	19	20
539	247	19	20
539	247	19	20
539	247	19	20
539	247	19	20
539	247	19	20
545	231	21	22
545	230	20	21
545	229	21	22
545	229	21	22
546	228	21	22
546	227	21	22
546	226	21	22
547	225	21	22
547	224	21	22
547	223	21	22
548	222	21	22
564	224	21	22
564	223	21	22
565	222	21	22
566	221	21	22
567	220	21	22
569	219	21	22
570	218	21	22
571	218	21	22
572	217	21	22
573	216	21	22
575	215	21	22
601	216	22	23
602	215	22	23
604	214	22	23
607	213	22	23
609	212	22	23
612	212	22	23
615	211	22	23
617	210	22	23
620	209	22	23
622	209	22	23
625	208	22	23
621	221	23	24
623	220	23	24
625	220	23	24
627	220	23	24
630	220	23	24
632	220	23	24
634	220	23	24
636	220	23	24
638	220	23	24
641	220	23	24
643	220	23	24
595	244	24	25
597	243	24	25
596	245	24	25
595	246	24	25
595	247	24	25
594	249	24	25
594	250	24	25
593	251	24	25
592	253	24	25
592	254	24	25
591	255	24	25
605	250	24	25
604	251	24	25
604	252	24	25
604	253	24	25
604	254	24	25
605	254	24	25
605	255	24	25
605	256	24	25
605	257	24	25
605	258	24	25
605	259	24	25
622	249	25	26
622	249	25	26
623	250	25	26
624	250	25	26
625	250	25	26
626	251	25	26
627	251	25	26
628	251	25	26
629	251	25	26
630	252	25	26
631	252	25	26
640	249	26	28
641	249	26	28
642	249	26	28
643	249	26	28
645	249	26	28
646	249	26	28
648	249	26	28
649	249	26	28
651	249	26	29
652	249	26	29
654	249	26	29
667	247	27	28
668	247	27	28
670	246	27	28
672	246	27	28
674	246	27	28
676	246	27	28
678	246	27	28
680	246	27	28
683	246	27	28
685	246	27	28
687	246	27	28
684	245	28	29
686	244	28	29
687	244	28	29
689	244	28	29
691	244	28	29
693	244	28	29
695	244	28	29
696	243	28	29
698	243	28	29
700	243	28	29
702	243	28	29
662	243	28	29
663	242	28	29
663	242	28	29
662	242	28	29
662	242	28	29
661	242	28	29
661	241	28	29
660	241	28	29
660	241	28	29
659	241	28	29
658	241	28	29
658	222	29	30
657	221	29	30
656	220	29	30
656	219	29	30
655	218	29	30
655	216	29	30
654	215	29	30
654	214	29	30
653	213	29	30
652	211	29	30
652	210	29	30
659	218	28	29
658	216	28	29
658	215	28	29
658	215	28	29
657	214	27	28
657	213	27	28
657	212	27	28
657	212	27	28
657	211	27	28
657	210	27	28
656	209	27	28
658	219	27	28
657	218	26	27
657	218	26	27
657	217	26	27
657	217	26	27
657	217	26	27
657	217	26	27
657	216	26	27
657	216	26	27
657	216	26	27
656	216	26	27
640	221	26	27
639	220	25	26
638	220	25	26
637	220	25	26
636	220	25	26
635	221	25	26
634	221	25	26
633	221	25	26
632	221	25	26
631	221	25	26
630	221	25	26
671	220	27	28
669	220	26	27
671	220	26	27
672	220	26	27
673	220	26	27
675	219	26	27
676	219	27	28
677	219	27	28
678	219	27	28
680	219	27	28
681	219	27	28
662	215	26	27
663	214	26	27
663	214	25	26
663	214	25	26
663	214	25	26
663	213	25	26
663	213	25	26
664	213	25	26
664	212	25	26
664	212	25	26
664	212	25	26
643	215	27	28
643	214	26	27
642	214	26	27
640	214	27	28
639	214	27	28
638	214	27	28
637	214	27	28
636	213	27	28
635	213	27	28
634	213	27	28
633	213	27	28
637	216	26	27
635	215	26	27
635	215	25	26
634	215	25	26
633	215	25	26
632	215	25	26
631	215	25	26
631	215	25	26
630	215	25	26
629	215	25	26
628	216	25	26
636	217	25	26
635	217	24	25
634	217	24	25
634	217	24	25
634	217	24	25
633	217	24	25
633	217	24	25
633	217	24	25
632	217	24	25
632	217	24	25
631	217	24	25
638	217	26	27
637	217	25	26
637	217	25	26
637	217	25	26
637	217	25	26
637	217	26	27
637	217	26	27
637	217	26	27
637	217	26	27
637	217	26	27
637	217	26	27
646	217	26	27
645	217	26	27
646	217	26	27
646	217	26	27
647	217	26	27
647	217	26	27
648	217	26	27
648	217	26	27
649	217	26	27
649	217	26	27
650	217	26	27
649	216	25	26
649	216	25	26
649	215	24	25
650	215	24	25
650	215	24	25
650	215	24	25
651	215	24	25
651	215	24	25
652	215	24	25
652	215	24	25
652	215	24	25
649	216	24	25
649	215	23	24
649	215	23	24
649	215	23	24
649	215	23	24
649	215	23	24
650	215	23	24
650	215	23	24
650	215	23	24
650	215	23	24
650	215	23	24
652	216	23	24
652	215	22	23
652	215	22	23
652	215	22	23
652	215	22	23
652	215	22	23
653	215	22	23
653	215	22	23
653	215	22	23
653	215	22	23
654	215	22	23
653	215	23	24
653	214	22	23
653	214	22	23
653	214	22	23
653	214	22	23
653	214	22	23
653	214	22	23
654	214	22	23
654	214	22	23
654	214	22	23
654	214	22	23
653	216	22	23
653	215	21	22
653	215	21	22
653	216	21	22
653	216	21	22
653	216	21	22
653	216	21	22
653	216	21	22
653	216	21	22
653	216	21	22
653	216	21	22
653	217	21	22
653	217	20	21
653	217	20	21
653	217	20	21
653	217	20	21
653	217	20	21
653	217	20	21
653	217	20	21
653	217	20	21
653	217	20	21
653	217	20	21
652	216	21	22
652	216	20	21
651	216	20	21
651	216	20	21
651	215	20	21
651	215	20	21
651	215	20	21
651	215	20	21
651	215	20	21
651	215	20	21
651	215	20	21
650	216	20	21
649	215	19	20
649	215	19	20
649	215	19	20
649	215	19	20
649	215	19	20
649	215	19	20
649	215	19	20
649	215	19	20
648	215	19	20
648	215	19	20
652	216	19	20
651	215	18	19
651	215	18	19
651	215	18	19
652	215	18	19
652	215	18	19
652	215	18	19
652	215	18	19
652	215	18	19
652	215	18	19
652	215	18	19
651	217	18	19
651	216	17	18
651	217	17	18
651	217	17	18
650	217	17	18
650	217	17	18
650	217	17	18
650	217	17	18
650	217	17	18
650	217	17	18
650	217	17	18
652	216	19	20
651	216	18	19
652	216	18	19
652	215	18	19
652	215	18	19
652	215	18	19
652	215	19	20
652	215	19	20
652	215	19	20
652	215	19	20
652	215	19	20
650	217	18	19
650	216	18	19
649	217	17	18
649	217	17	18
649	217	17	18
649	217	17	18
649	217	17	18
649	217	17	18
649	217	17	18
649	217	17	18
649	217	17	18
651	217	18	19
650	217	17	18
650	217	17	18
650	217	17	18
650	217	17	18
650	217	17	18
650	217	17	18
650	217	17	18
650	217	17	18
651	217	17	18
651	217	17	18
651	216	19	20
651	216	18	19
651	215	19	20
651	215	19	20
651	215	19	20
651	215	19	20
651	215	19	20
651	215	19	20
651	215	19	20
651	215	19	20
651	215	19	20
650	216	18	19
650	215	18	19
649	215	18	19
649	215	17	18
649	215	17	18
649	215	17	18
649	215	17	18
649	215	17	18
649	215	17	18
649	215	17	18
649	215	17	18
650	214	19	20
649	213	18	19
649	213	19	20
649	213	19	20
649	213	19	20
649	213	19	20
649	213	19	20
649	213	19	20
649	213	19	20
649	213	19	20
649	212	19	20
633	210	19	20
632	209	19	20
632	209	19	20
631	209	19	20
630	209	19	20
629	208	19	20
628	208	19	20
627	208	19	20
626	207	19	20
625	207	19	20
624	207	19	20
650	215	19	20
649	214	19	20
649	214	19	20
650	215	19	20
650	215	19	20
651	215	19	20
651	215	19	20
652	215	19	20
652	215	19	20
653	216	19	20
653	216	19	20
652	216	19	20
652	216	19	20
652	216	19	20
653	216	19	20
653	216	19	20
654	216	19	20
654	216	19	20
654	217	19	20
655	217	19	20
655	217	19	20
656	217	19	20
654	216	20	21
654	216	20	21
654	216	20	21
654	216	20	21
655	216	20	21
655	216	20	21
655	216	20	21
655	216	20	21
656	216	20	21
656	216	20	21
656	216	20	21
667	214	19	20
667	214	19	20
668	213	19	20
668	213	18	19
669	213	18	19
670	213	18	19
671	213	18	19
672	213	18	19
672	213	18	19
673	213	18	19
674	213	18	19
692	214	19	20
692	213	18	19
694	213	18	19
696	213	18	19
698	213	18	19
699	213	18	19
701	213	18	19
703	213	18	19
704	213	18	19
706	213	18	19
708	213	18	19
712	229	19	20
713	228	18	19
715	229	18	19
717	230	18	19
719	231	18	19
721	232	18	19
722	233	18	19
724	233	18	19
726	234	18	19
728	235	18	19
730	236	18	19
708	251	19	20
709	251	18	19
710	253	18	19
710	254	18	19
711	256	18	19
711	258	18	19
712	259	18	19
712	261	18	19
713	262	18	19
713	264	18	19
714	266	18	19
685	250	19	20
685	251	18	19
684	252	18	19
683	252	18	19
682	253	18	19
680	254	18	19
679	254	18	19
678	255	18	19
677	255	18	19
676	256	18	19
675	257	18	19
670	247	19	20
668	247	18	19
667	247	18	19
666	247	18	19
664	247	18	19
663	247	18	19
661	247	18	19
660	247	18	19
659	247	18	19
657	247	18	19
656	247	18	19
688	255	19	20
686	255	18	19
687	255	18	19
687	255	18	19
687	256	18	19
688	256	18	19
688	257	18	19
689	257	18	19
689	257	18	19
690	258	18	19
690	258	18	19
677	240	19	20
677	240	18	19
677	239	18	19
676	239	18	19
676	238	18	19
676	237	18	19
675	237	18	19
675	236	18	19
675	235	18	19
674	235	18	19
674	234	18	19
655	244	20	21
654	243	19	20
653	243	20	21
651	243	20	21
650	243	20	21
649	242	20	21
647	242	20	21
646	242	20	21
644	242	20	21
643	242	20	21
642	242	20	21
648	246	19	20
646	245	19	20
645	246	19	20
644	246	18	19
643	246	18	19
642	246	18	19
641	246	18	19
640	246	18	19
639	246	18	19
638	246	18	19
637	246	18	19
640	249	20	21
639	249	19	20
638	249	20	21
637	249	20	21
636	249	20	21
635	249	20	21
634	250	20	21
634	250	20	21
633	250	20	21
632	250	20	21
631	251	20	21
619	249	21	22
618	249	21	22
616	249	21	22
615	249	21	22
613	249	21	22
612	249	21	22
610	249	21	22
609	249	21	22
607	249	21	22
606	249	21	22
604	250	21	22
604	252	21	22
602	252	21	22
601	252	21	22
599	252	21	22
598	252	21	22
596	252	21	22
595	253	21	22
593	253	21	22
592	253	21	22
590	253	21	22
589	253	21	22
596	254	22	23
594	254	22	23
593	254	22	23
592	254	22	23
591	254	22	23
590	254	22	23
589	255	22	23
588	255	22	23
587	255	22	23
586	255	22	23
585	255	22	23
584	257	21	22
582	257	21	22
581	257	21	22
580	257	21	22
579	257	20	21
578	258	20	21
577	258	20	21
576	258	20	21
575	258	20	21
574	259	20	21
573	259	20	21
577	256	22	23
575	256	21	22
575	256	22	23
574	256	22	23
573	256	22	23
572	256	22	23
572	256	22	23
571	256	22	23
570	256	22	23
569	256	22	23
568	256	22	23
572	256	21	22
571	256	21	22
570	256	21	22
570	256	20	21
569	256	20	21
568	256	20	21
568	256	20	21
567	256	20	21
567	256	20	21
566	256	20	21
566	256	20	21
570	256	21	22
569	256	20	21
569	256	20	21
568	256	20	21
568	256	20	21
568	256	20	21
567	256	20	21
567	256	20	21
567	256	20	21
566	256	20	21
566	256	20	21
574	256	21	22
573	255	20	21
573	255	20	21
573	255	20	21
574	255	20	21
574	255	20	21
574	255	20	21
574	255	20	21
574	255	20	21
574	255	20	21
574	255	20	21
581	253	21	22
581	253	20	21
581	252	20	21
582	252	20	21
582	252	20	21
582	252	20	21
583	252	20	21
583	252	20	21
584	251	20	21
584	251	20	21
585	251	20	21
589	252	21	22
589	251	20	21
590	251	20	21
590	251	20	21
591	251	20	21
592	251	20	21
592	251	20	21
593	251	20	21
593	250	20	21
594	250	20	21
595	250	20	21
597	251	20	21
597	250	20	21
598	250	19	20
599	250	19	20
599	250	19	20
600	250	19	20
601	250	19	20
601	250	19	20
602	250	19	20
603	250	19	20
603	249	19	20
601	257	19	20
601	256	18	19
602	257	18	19
602	257	18	19
603	257	18	19
603	258	18	19
604	258	18	19
604	258	18	19
605	258	18	19
605	259	18	19
606	259	18	19
596	256	20	21
596	256	19	20
596	256	19	20
596	256	19	20
596	256	19	20
596	256	20	21
596	256	20	21
595	256	20	21
595	256	20	21
595	256	20	21
595	257	20	21
616	247	20	21
615	247	20	21
616	246	20	21
617	246	20	21
619	245	20	21
620	245	20	21
621	244	20	21
622	244	20	21
623	243	20	21
624	243	20	21
625	242	20	21
591	241	21	22
592	240	21	22
591	239	21	22
590	239	21	22
589	238	21	22
588	238	21	22
587	237	21	22
586	237	21	22
585	236	21	22
584	236	21	22
583	235	21	22
565	240	22	23
564	239	22	23
562	239	22	23
560	238	22	23
558	238	22	23
556	238	22	23
554	238	22	23
552	237	22	23
550	237	22	23
548	237	22	23
546	236	22	23
554	238	23	24
552	237	23	24
550	237	23	24
549	237	23	24
547	237	23	24
546	236	23	24
545	236	23	24
543	236	23	24
542	236	23	24
540	236	23	24
539	235	23	24
554	232	23	24
552	231	23	24
552	231	23	24
551	230	23	24
551	230	23	24
550	230	23	24
549	229	23	24
549	229	23	24
548	228	23	24
548	228	23	24
547	228	23	24
561	232	24	25
560	231	24	25
560	231	24	25
560	231	24	25
561	231	24	25
561	230	24	25
561	230	24	25
561	230	24	25
562	230	24	25
562	230	24	25
562	230	24	25
574	230	25	26
574	229	25	26
575	229	25	26
575	229	25	26
576	229	25	26
577	229	25	26
578	229	25	26
579	228	25	26
580	228	25	26
581	228	25	26
581	228	25	26
593	228	26	27
593	227	26	27
595	227	26	27
596	227	26	27
598	227	26	27
599	227	26	27
600	226	26	27
602	226	26	27
603	226	26	27
605	226	26	27
606	226	26	27
606	233	27	28
607	232	27	28
608	233	27	28
610	233	27	28
611	233	27	28
612	233	27	28
613	233	27	28
615	234	27	28
616	234	27	28
617	234	27	28
619	234	27	28
612	235	27	28
613	235	27	28
614	235	27	28
614	235	27	28
615	235	27	28
616	236	27	28
617	236	27	28
618	236	27	28
619	236	27	28
619	236	27	28
620	237	27	28
596	238	27	28
596	238	27	28
596	238	27	28
595	238	27	28
595	238	27	28
594	239	27	28
593	239	27	28
593	239	27	28
592	239	27	28
592	240	27	28
591	240	27	28
564	240	28	29
563	240	28	29
561	240	28	29
559	240	28	29
557	240	28	29
555	241	28	29
552	241	28	29
550	241	28	29
548	241	28	29
546	241	28	29
544	242	28	29
530	245	29	30
527	245	29	30
525	245	29	30
522	245	29	30
519	246	29	30
516	246	29	30
514	246	29	30
511	247	29	30
508	247	29	30
505	248	29	30
502	248	29	30
500	250	30	32
497	250	30	32
494	250	30	32
491	251	30	32
488	251	30	32
486	252	30	32
483	252	30	32
480	252	30	32
477	253	30	33
474	253	30	33
472	254	30	33
478	247	30	31
475	247	30	31
472	247	30	31
470	247	30	31
468	247	30	31
465	247	30	31
463	247	30	31
461	247	30	31
459	247	30	31
456	247	30	31
454	247	30	31
473	244	30	32
470	244	30	32
469	243	30	32
468	243	30	32
467	243	30	32
466	243	30	32
464	243	30	32
463	242	30	32
462	242	30	32
461	242	30	32
460	242	30	32
484	240	31	32
482	239	31	32
483	239	31	32
483	239	31	32
483	238	31	32
483	238	31	32
483	238	31	32
484	237	31	32
484	237	31	32
484	237	31	32
484	237	31	32
484	243	32	34
484	242	32	34
484	242	32	34
484	242	32	34
484	242	32	34
484	242	32	34
485	242	32	34
485	242	32	34
485	242	32	34
485	243	32	34
485	243	32	35
477	243	33	34
477	243	33	34
476	243	33	34
476	243	33	34
476	243	33	34
475	243	33	34
475	243	33	34
475	243	33	34
474	243	33	34
474	243	33	34
474	243	33	34
460	243	33	34
459	243	33	34
458	243	33	34
457	243	33	34
456	243	33	34
455	243	33	34
454	243	33	34
453	243	33	34
451	243	33	34
450	243	33	34
449	243	33	34
455	247	32	33
453	247	32	33
453	247	31	32
452	247	31	32
451	247	31	32
450	247	31	32
450	248	31	32
449	248	31	32
448	248	31	32
447	248	31	32
447	249	31	32
446	241	30	32
445	241	29	31
444	240	29	31
443	240	29	31
442	240	29	31
442	240	29	31
441	240	29	31
440	239	29	31
439	239	29	31
439	239	28	31
438	239	28	31
418	246	30	32
417	245	29	31
415	245	29	31
413	246	29	31
411	246	29	31
409	246	29	31
407	246	29	31
406	246	29	31
404	246	29	31
402	247	29	31
400	247	29	31
428	255	29	30
426	255	28	29
425	255	28	29
425	256	28	29
425	256	28	29
425	257	28	29
424	258	28	29
424	258	28	29
424	259	28	29
424	259	28	29
424	260	28	28
413	235	30	31
412	235	29	30
411	234	29	30
411	233	29	30
410	233	30	30
409	232	30	30
408	231	30	30
407	230	30	30
406	229	30	30
406	228	30	30
405	227	30	30
407	248	31	32
406	247	31	32
405	247	31	32
404	247	31	32
404	248	31	32
403	248	31	32
402	248	31	32
402	248	31	32
401	249	31	32
400	249	31	32
399	249	31	32
397	222	31	32
396	222	31	32
395	221	31	32
394	219	31	32
393	218	31	32
393	217	31	32
392	216	31	32
391	214	31	32
390	213	31	32
389	212	31	32
388	210	31	32
367	203	32	34
366	201	32	34
364	200	32	34
362	198	32	34
360	196	32	34
358	195	32	34
356	193	32	34
354	191	32	34
352	190	32	34
350	188	32	34
348	187	32	35
361	198	34	35
359	196	34	35
357	195	34	35
356	194	34	35
355	193	34	35
354	192	34	35
353	191	34	35
351	190	34	35
350	189	35	35
349	188	35	35
348	187	35	36
337	208	34	35
335	207	34	35
334	207	34	35
332	207	34	35
330	207	34	35
328	207	34	35
327	208	34	35
325	208	34	35
323	208	34	35
321	208	34	35
320	209	34	35
321	224	34	35
319	224	34	35
317	225	34	35
316	226	34	35
314	227	34	35
312	228	34	35
311	229	34	35
309	230	34	35
308	231	34	35
306	232	34	35
304	233	34	35
313	225	32	34
311	226	32	34
310	226	31	33
309	227	31	33
308	227	31	33
307	228	31	33
306	228	31	33
305	229	31	33
303	229	31	33
302	230	31	33
301	230	31	33
291	216	34	35
289	216	33	34
288	216	33	34
286	215	34	35
285	215	34	35
283	215	34	35
281	214	34	35
280	214	34	35
278	214	34	35
277	213	34	35
275	213	34	35
320	198	35	36
318	197	35	36
319	196	35	36
320	195	35	36
321	194	35	36
322	192	35	36
323	191	35	36
324	190	35	36
325	189	35	36
326	188	35	36
326	187	35	36
287	180	36	38
287	178	36	38
286	177	36	38
285	175	36	38
284	174	36	38
282	172	36	38
281	171	36	38
280	169	36	38
278	168	36	39
277	166	36	39
276	165	36	39
303	157	38	40
301	155	38	40
301	153	38	40
302	151	38	40
302	149	38	40
302	147	38	40
302	146	38	40
303	144	38	41
303	142	39	41
303	140	39	41
303	138	39	41
297	150	39	41
297	148	39	41
297	146	39	41
296	145	39	41
296	144	39	41
296	143	39	41
296	142	39	41
296	141	39	41
296	140	39	42
296	138	40	42
295	137	40	42
299	158	39	41
298	156	39	41
298	156	39	41
298	156	39	41
298	156	39	41
298	157	39	41
299	157	39	41
299	157	39	41
299	157	39	41
299	157	39	41
299	157	39	41
297	151	38	40
297	151	38	40
296	150	38	40
296	150	37	39
296	150	37	39
296	149	37	39
296	149	37	39
296	149	37	39
296	148	37	39
296	148	37	39
296	148	37	39
296	158	39	41
295	157	38	40
295	157	38	40
295	158	39	41
295	158	39	41
295	158	39	41
295	158	39	41
295	159	39	41
295	159	39	41
295	159	39	41
295	159	39	41
292	149	41	43
291	149	41	43
291	148	41	43
291	148	41	43
291	148	41	43
290	147	41	43
290	147	41	43
290	147	41	43
290	146	41	43
289	146	42	44
289	145	42	44
291	146	43	45
290	145	43	45
290	145	43	45
290	144	43	45
290	144	43	45
290	144	43	45
289	143	43	45
289	143	44	46
289	143	44	46
289	142	44	46
289	142	44	46
293	156	41	43
292	155	41	43
292	156	41	43
292	156	41	43
292	156	41	43
293	157	40	42
293	157	40	42
293	158	40	42
293	158	40	42
293	159	40	42
293	159	40	42
293	152	39	41
293	152	38	40
293	152	38	40
293	152	38	40
293	152	38	40
293	152	38	40
293	152	38	40
293	152	38	40
293	152	37	39
293	152	37	39
293	152	37	39
293	151	38	40
293	150	37	39
293	150	37	39
293	150	37	39
293	150	37	39
293	150	37	39
293	150	37	39
293	150	37	39
293	150	37	39
293	150	36	38
293	150	36	38
294	151	36	38
294	150	35	37
294	150	35	37
294	150	35	37
294	150	35	37
294	150	35	37
294	150	35	37
294	150	34	36
294	150	34	36
294	150	34	36
294	150	34	36
295	152	36	38
295	151	35	37
295	152	35	37
295	152	35	37
295	152	35	37
295	152	35	37
295	152	35	37
295	152	35	37
295	152	35	37
295	152	35	37
295	152	35	37
299	158	35	36
299	158	34	35
299	158	34	35
299	158	34	35
299	159	34	35
300	159	34	35
300	159	34	35
300	160	34	35
300	160	34	35
301	160	34	34
301	161	34	34
295	152	36	38
295	152	35	37
295	152	35	37
295	152	35	37
294	151	36	38
294	151	36	38
294	151	36	38
294	151	36	38
294	151	36	38
294	150	36	38
294	150	36	38
295	151	37	39
294	150	37	39
294	150	37	39
294	150	37	39
294	150	37	39
294	150	37	39
294	150	37	39
294	149	37	39
294	149	37	39
294	149	37	39
294	149	37	39
296	152	36	38
295	151	36	38
295	151	36	38
296	151	36	38
296	151	35	38
296	151	35	38
296	151	35	37
296	151	35	37
296	151	35	37
296	151	35	37
296	151	35	37
297	152	36	38
297	151	35	37
297	152	35	37
297	152	35	37
297	152	35	37
297	152	35	37
297	152	35	37
297	152	35	37
297	152	35	37
297	152	35	37
297	152	35	37
294	151	37	39
294	151	36	38
293	150	37	39
293	150	37	39
293	150	37	39
293	150	37	39
293	150	37	39
293	150	37	39
293	150	37	39
292	150	37	39
292	150	37	39
295	151	36	38
294	150	36	38
294	150	36	38
294	150	35	37
294	150	35	37
294	150	35	37
294	150	35	37
294	150	35	37
294	150	35	37
294	150	35	37
294	150	35	37
296	151	36	38
295	150	35	37
296	150	35	37
296	150	35	37
296	150	35	37
296	150	35	37
296	150	35	37
296	150	35	37
296	150	35	37
296	150	35	37
296	150	35	37
296	151	36	38
296	150	35	37
296	150	35	37
296	150	35	37
296	150	35	37
296	150	35	37
296	150	35	37
296	150	35	37
296	150	35	37
296	150	35	37
296	150	35	37
296	151	36	38
296	150	35	37
296	150	35	37
296	150	35	37
296	150	35	37
296	150	35	37
296	150	35	37
296	150	35	37
296	150	35	37
296	150	35	37
296	150	35	37
296	150	36	38
296	150	35	37
296	149	35	37
296	149	35	37
296	149	35	37
296	149	35	37
296	149	35	37
296	149	35	37
296	149	35	37
296	149	35	37
296	149	35	37
296	151	36	37
296	150	35	37
296	150	35	36
296	151	35	36
296	151	35	36
296	151	35	36
296	151	35	36
296	151	35	36
296	151	35	36
296	151	35	36
296	151	35	36
295	152	36	37
295	152	35	36
294	152	35	36
294	152	35	36
294	152	35	36
294	152	35	36
294	152	35	36
294	152	35	36
294	152	35	36
294	152	35	36
294	152	35	36
295	149	37	39
294	149	36	38
294	148	37	39
294	148	37	39
294	148	37	39
294	148	37	39
294	148	37	39
294	148	37	39
294	148	37	39
294	147	37	39
294	147	37	39
250	161	39	40
249	160	39	40
247	161	39	40
244	162	39	40
242	162	39	40
239	163	39	40
237	163	39	40
234	164	39	40
232	165	40	40
229	165	40	40
227	166	40	41
215	162	39	40
212	162	39	40
209	162	39	40
206	163	39	40
203	163	39	40
200	163	39	40
197	164	39	40
194	164	39	40
191	164	39	40
188	165	39	40
184	165	39	40
203	137	37	39
199	137	37	39
198	136	36	38
196	134	36	38
194	133	36	38
192	132	36	38
190	130	36	38
188	129	36	38
186	128	36	38
184	127	36	38
182	125	36	38
221	137	36	37
219	135	35	36
219	135	35	36
219	134	35	36
220	133	35	36
220	133	35	36
220	132	35	36
221	132	35	36
221	131	35	36
221	131	35	35
222	130	35	35
230	187	37	39
230	186	36	38
231	188	36	38
231	191	36	38
232	194	36	39
233	196	36	39
234	199	36	39
234	201	36	39
235	204	37	39
236	207	37	39
237	209	37	39
284	176	39	40
284	178	39	40
288	179	39	40
291	179	39	40
294	180	39	40
297	180	39	40
301	181	39	40
304	182	39	40
307	182	39	40
311	183	40	40
314	183	40	40
296	179	39	41
299	179	39	41
301	179	39	41
303	180	39	41
305	180	39	41
307	180	39	41
309	180	39	41
311	181	39	41
314	181	39	41
316	181	39	41
318	182	39	41
301	183	38	40
303	183	38	40
304	183	38	40
305	183	37	40
306	184	37	40
307	184	37	40
308	184	37	39
309	185	37	39
310	185	37	39
311	185	37	39
312	186	37	39
303	185	36	38
304	185	35	37
304	185	35	37
304	185	35	37
305	186	35	37
305	186	35	37
306	186	35	37
306	186	35	37
307	186	35	37
307	187	34	36
308	187	34	36
305	184	36	38
305	184	35	37
305	184	35	37
305	184	35	37
306	184	35	37
306	184	35	37
306	184	35	37
306	184	35	37
307	184	35	37
307	184	35	37
307	184	35	37
308	183	35	36
308	183	34	35
308	182	34	35
308	182	34	35
309	182	34	35
309	182	34	35
309	182	34	35
309	182	34	35
310	182	34	35
310	182	34	34
310	182	34	34
310	182	34	35
310	181	33	34
310	181	33	34
310	181	33	34
310	181	33	34
311	181	33	34
311	181	33	34
311	181	33	34
311	181	33	34
311	181	33	33
312	181	33	33
310	183	34	35
310	182	33	34
310	182	33	34
310	182	33	34
310	182	33	34
310	183	33	34
310	183	33	34
310	183	33	34
310	183	33	34
310	183	33	34
310	183	33	34
317	161	32	34
317	161	31	33
317	159	31	33
317	158	31	33
318	157	31	33
318	156	31	33
319	155	31	33
319	153	31	33
319	152	31	33
320	151	30	33
320	150	30	33
299	167	32	34
299	165	31	33
298	165	31	33
297	165	31	33
296	165	31	33
296	164	31	33
295	164	31	33
294	164	31	33
293	164	31	33
292	164	31	33
292	163	31	33
243	180	34	35
242	179	33	34
238	180	34	35
235	181	34	35
231	181	34	35
228	182	34	35
224	183	34	35
221	183	34	35
217	184	34	35
214	185	34	35
210	186	34	35
262	217	35	36
258	217	35	36
258	220	35	36
257	222	35	36
257	224	35	36
256	227	35	36
256	229	35	36
255	231	35	36
255	234	35	36
254	236	35	36
254	239	35	36
314	253	36	38
313	255	36	38
316	258	36	38
319	261	36	38
322	264	36	38
325	267	36	38
327	270	36	38
330	273	36	38
333	276	36	39
336	279	36	39
339	282	36	39
315	253	36	37
317	256	36	37
319	257	36	37
320	258	36	37
321	259	36	37
323	260	36	37
324	262	36	37
326	263	36	37
327	264	36	37
328	265	36	37
330	266	36	37
317	243	34	36
318	244	34	36
318	244	33	35
319	243	33	35
320	243	33	35
320	243	33	35
321	243	33	35
321	243	33	35
322	242	33	35
322	242	33	35
323	242	33	35
301	207	36	37
301	206	35	36
300	204	35	36
300	202	36	36
299	200	36	37
298	198	36	37
297	196	36	37
297	193	36	37
296	191	36	37
295	189	36	37
295	187	36	37
303	233	34	36
302	230	34	36
302	231	33	35
301	231	33	35
301	232	33	35
301	232	33	35
301	233	33	35
300	233	33	35
300	234	33	35
300	234	33	35
300	235	33	35
281	245	36	37
280	245	35	36
279	246	35	36
278	247	36	37
276	248	36	37
275	249	36	37
274	250	36	37
273	251	36	37
271	252	36	37
270	253	36	37
269	254	36	37
294	247	36	37
292	248	36	37
292	248	36	37
293	249	36	37
293	249	36	37
293	250	36	37
293	250	36	37
293	251	36	37
293	251	36	37
293	252	36	37
294	252	36	37
293	251	35	36
293	251	35	36
293	251	34	35
293	252	34	35
293	252	34	35
293	253	34	35
293	253	34	35
293	253	34	35
293	254	34	35
293	254	34	35
293	255	34	35
267	252	34	35
267	252	33	34
265	252	33	34
264	252	33	34
262	253	33	34
261	253	33	34
260	253	33	34
258	253	33	34
257	253	33	34
255	254	33	34
254	254	33	34
283	261	34	36
281	261	33	35
281	261	33	35
282	262	33	35
282	262	33	35
282	263	33	36
282	264	33	36
283	264	33	36
283	265	33	36
283	265	33	36
283	266	33	36
266	270	34	35
266	270	33	35
265	271	33	34
264	272	33	34
264	272	33	34
263	273	33	34
262	274	33	34
261	275	33	34
261	275	33	34
260	276	33	34
259	277	33	34
263	271	35	36
262	271	34	35
261	272	35	35
261	272	35	36
260	272	35	36
260	273	35	36
259	273	35	36
259	273	35	36
258	274	35	36
258	274	35	36
257	274	35	36
258	273	34	36
257	273	34	36
257	273	34	36
256	273	33	36
256	274	33	36
255	274	33	36
255	274	33	36
254	274	33	36
254	274	33	36
253	275	33	36
253	275	33	36
256	274	34	35
255	274	33	35
255	274	33	34
254	274	33	34
254	274	33	34
254	274	33	34
254	274	33	34
253	275	33	34
253	275	33	34
253	275	33	34
252	275	33	34
259	274	33	34
258	274	32	33
258	274	32	33
258	274	32	33
258	274	32	33
258	274	32	33
259	274	32	33
259	274	32	33
259	274	32	33
259	274	32	33
259	274	32	33
266	237	34	36
266	237	33	35
266	235	33	35
266	232	33	36
267	230	34	36
267	228	34	36
268	226	34	36
268	224	34	36
269	222	34	36
269	220	34	36
269	218	34	36
242	243	36	37
242	240	36	37
241	240	36	37
240	239	36	37
239	239	36	37
237	238	36	37
236	238	36	37
235	237	36	37
234	236	36	37
233	236	37	37
232	235	37	37
237	231	35	36
235	230	35	36
235	229	35	36
234	228	35	36
233	227	35	36
232	227	35	36
231	226	35	36
230	225	35	35
230	224	35	35
229	223	35	35
228	223	35	35
227	239	34	35
226	238	34	34
225	238	33	34
224	238	33	34
223	238	33	34
222	238	33	34
221	238	33	34
221	238	33	34
220	238	33	34
219	239	33	34
218	239	33	34
186	230	35	36
185	230	34	35
182	229	34	35
179	229	34	35
177	228	35	36
174	228	35	36
172	228	35	36
169	227	35	36
166	227	35	36
164	226	35	36
161	226	35	36
175	231	34	35
172	230	34	35
170	230	33	34
168	230	33	34
167	230	33	34
165	230	33	34
163	229	33	34
162	229	33	34
160	229	33	34
158	229	33	34
156	229	33	34
170	233	32	34
168	232	31	33
167	232	31	33
166	233	31	33
165	233	31	33
164	233	31	33
163	233	31	33
162	233	31	33
161	233	31	33
161	233	30	33
160	233	30	33
167	235	32	34
166	235	31	33
165	235	31	33
165	235	31	33
164	235	31	33
164	235	31	33
163	235	31	33
163	235	31	33
162	236	31	33
162	236	31	33
161	236	31	33
164	236	32	33
163	236	31	32
163	236	31	32
162	236	31	32
162	236	31	32
162	236	31	32
161	236	31	32
161	236	31	32
161	236	31	32
160	237	31	32
160	237	31	32
159	235	33	34
158	235	32	33
158	235	33	33
157	235	33	33
157	235	33	34
157	235	33	34
156	235	33	34
156	235	33	34
155	235	33	34
155	235	33	34
155	235	33	34
159	233	34	36
158	232	34	36
158	232	34	36
158	232	34	36
158	232	34	36
157	232	34	36
157	232	34	36
157	232	34	36
157	232	34	36
157	232	34	37
157	231	34	37
158	235	34	35
157	234	34	35
157	234	34	35
157	234	34	35
157	235	34	35
157	235	34	35
157	235	34	35
157	235	34	35
157	235	34	35
157	235	34	35
156	235	34	35
158	235	34	36
157	235	34	35
157	235	34	36
157	235	34	36
157	235	34	36
157	235	34	36
157	235	34	36
157	235	34	36
157	235	34	36
157	235	34	36
157	235	34	36
159	234	33	34
158	234	33	34
159	233	32	33
159	233	32	33
159	233	32	33
159	233	32	33
159	233	32	33
159	233	32	33
159	233	32	33
159	233	32	33
159	233	32	33
143	253	34	36
143	252	33	35
142	253	33	35
141	255	34	36
140	256	34	36
139	257	34	36
138	258	34	36
137	259	34	36
136	260	34	36
136	261	34	36
135	262	34	36
126	252	36	37
125	253	36	37
123	253	36	37
122	253	36	37
121	254	36	37
119	254	36	37
118	255	36	37
117	255	36	37
115	255	36	37
114	256	37	37
113	256	37	37
153	239	34	36
151	239	34	36
152	238	34	36
153	238	34	36
154	237	33	36
155	237	33	36
156	236	33	35
157	235	33	35
158	235	33	35
159	234	33	35
160	234	33	35
136	239	36	37
136	238	35	36
136	238	36	37
136	237	36	37
135	237	36	37
135	237	36	37
134	236	36	37
134	236	36	37
133	236	36	37
133	236	36	37
132	235	36	37
141	259	34	36
140	258	34	36
140	259	34	36
140	260	33	35
140	261	33	35
140	262	33	35
140	263	33	35
140	264	33	35
140	265	33	35
140	266	33	35
140	267	33	35
129	260	33	34
129	261	32	33
128	261	32	33
127	262	32	33
127	262	32	33
126	263	32	33
125	263	32	33
125	264	32	33
124	264	32	33
123	265	32	32
123	265	32	32
130	263	32	33
129	263	31	32
129	263	31	32
128	264	31	32
128	264	31	32
128	264	31	32
128	265	31	32
128	265	31	32
127	265	31	32
127	266	31	31
127	266	31	31
137	263	31	32
136	263	30	31
137	263	30	31
137	263	30	31
137	263	30	31
138	263	30	31
138	263	30	31
138	264	30	31
139	264	30	31
139	264	30	31
139	264	30	31
142	279	31	32
142	279	30	31
142	280	30	31
143	280	30	31
143	281	30	31
144	282	30	31
144	283	30	31
144	284	30	31
145	285	30	31
145	286	30	31
146	287	30	31
121	288	30	32
121	288	29	31
120	289	29	31
119	290	29	31
118	291	29	31
117	292	29	31
116	293	29	31
115	294	29	31
114	295	29	31
113	296	29	31
112	297	29	31
110	301	30	31
109	301	29	30
107	302	29	30
106	304	29	30
105	305	29	30
104	306	29	30
103	307	29	30
102	308	29	30
101	309	29	30
100	310	29	30
99	311	29	30
98	290	31	32
96	291	30	31
95	290	31	31
94	290	31	32
93	290	31	32
92	290	31	32
91	290	31	32
90	289	31	32
89	289	31	32
88	289	31	32
87	289	31	32
88	275	32	34
86	274	32	34
85	273	32	34
84	272	32	34
83	271	32	34
82	270	32	34
82	269	32	34
81	268	32	34
80	268	32	34
79	267	32	35
78	266	32	35
77	271	32	33
76	270	32	33
75	269	32	33
74	268	32	33
73	268	32	33
72	267	32	33
71	266	32	33
70	266	32	33
69	265	32	33
68	264	32	33
67	264	32	33
75	268	33	34
74	267	33	33
73	266	33	34
73	266	33	34
72	266	33	34
72	265	33	34
71	265	33	34
71	264	33	34
70	264	33	34
70	264	33	34
69	263	33	34
76	270	32	33
75	269	32	33
75	269	32	33
75	269	32	32
75	269	31	32
75	269	31	32
74	269	31	32
74	269	31	32
74	269	31	32
74	269	31	32
74	269	31	32
77	268	33	34
76	267	32	33
76	267	33	34
76	267	33	34
76	267	33	34
77	267	33	34
77	267	33	34
77	267	33	34
77	267	33	34
77	267	33	34
77	267	33	34
76	266	32	33
76	265	32	33
76	265	32	33
75	265	31	32
75	265	31	32
75	265	31	32
75	265	31	32
75	264	31	32
75	264	31	32
75	264	31	32
75	264	31	32
75	266	31	32
74	265	30	31
74	265	30	31
74	265	30	31
74	265	30	31
74	265	30	31
74	265	30	31
74	265	30	31
74	265	30	31
74	265	30	31
74	265	30	31
76	266	32	34
75	265	31	33
75	265	31	34
75	265	31	34
76	265	31	34
76	265	32	34
76	265	32	34
76	265	32	34
76	265	32	34
76	265	32	34
76	265	32	34
74	266	33	34
74	265	33	34
73	265	33	34
73	265	33	34
73	265	33	34
73	265	33	34
73	265	33	34
73	265	33	34
73	265	33	34
73	265	33	34
73	265	33	34
75	267	32	34
74	266	32	34
74	267	32	34
74	267	32	34
74	267	31	34
74	267	31	34
74	267	31	34
74	267	31	34
74	267	31	34
74	267	31	34
75	267	31	34
77	268	31	32
77	268	30	32
77	268	30	31
77	268	30	31
77	268	30	31
77	268	30	31
77	268	30	31
77	268	30	31
77	268	30	31
77	268	30	31
78	268	30	31
78	269	32	33
78	269	31	32
78	269	31	32
78	269	31	32
78	269	32	32
78	269	32	32
78	269	32	32
78	269	32	32
78	269	32	32
78	269	32	32
79	269	32	32
75	268	32	34
75	268	32	34
74	268	32	34
74	268	32	34
74	268	32	34
74	268	32	34
74	267	32	34
74	267	32	34
74	267	32	34
74	267	32	34
73	267	32	34
76	267	31	32
75	266	31	32
75	266	30	31
75	266	30	31
75	266	30	31
75	266	30	31
75	266	30	31
75	266	30	31
75	266	30	31
75	266	30	31
75	266	30	31
76	268	31	32
75	267	30	31
75	267	30	31
76	267	30	31
76	268	30	31
76	268	30	31
76	268	30	31
76	268	30	31
76	268	30	31
76	268	30	31
76	268	30	31
72	268	31	32
72	268	30	31
71	268	30	31
71	268	30	31
71	268	30	31
71	268	30	31
70	268	30	31
70	268	30	31
70	268	30	31
70	268	30	31
70	268	30	31
70	266	32	34
69	266	31	33
69	265	32	34
69	265	32	34
69	265	32	34
68	265	32	34
68	265	32	34
68	265	32	34
68	265	32	34
68	265	32	34
67	265	32	34
71	267	32	34
70	266	32	34
70	266	32	34
70	266	32	34
70	266	32	34
70	266	32	34
70	266	32	34
70	266	32	34
70	266	32	34
70	266	32	34
70	266	32	34
70	269	34	35
69	269	34	35
69	269	34	35
69	269	34	35
69	269	34	35
69	269	34	35
69	269	34	35
69	269	34	35
69	269	34	35
69	269	34	35
69	270	35	35
69	267	34	36
68	267	34	36
68	267	34	36
68	267	34	36
68	266	34	36
68	266	34	36
68	266	34	36
68	266	34	36
68	266	34	36
68	266	34	36
68	266	34	36
55	268	35	36
54	267	35	36
54	267	35	36
53	267	35	36
52	268	35	36
51	268	35	36
50	268	35	36
50	268	35	36
49	268	35	36
48	268	35	36
47	268	35	36
42	274	36	38
41	274	36	38
40	274	36	38
39	274	36	38
37	275	36	38
36	275	36	38
35	275	36	38
34	276	36	38
33	276	36	38
32	276	36	39
31	277	36	39
53	276	38	40
51	276	38	40
52	276	38	40
52	276	38	40
52	277	38	40
52	277	38	40
52	277	38	40
52	277	38	41
53	278	39	41
53	278	39	41
53	278	39	41
26	289	39	41
26	289	39	41
24	290	39	41
23	290	39	41
22	291	39	41
20	292	39	41
19	293	39	41
18	294	39	41
16	294	39	42
15	295	40	42
13	296	40	42
34	294	38	40
32	294	38	40
32	295	38	40
32	296	38	40
32	296	38	40
31	297	38	40
31	297	38	40
31	298	38	40
31	299	38	40
31	299	38	40
31	300	38	40
41	296	36	38
40	296	35	37
41	296	35	37
41	297	35	37
41	297	35	37
42	298	35	37
42	298	35	37
43	298	35	37
43	299	35	37
43	299	35	37
44	299	34	36
36	299	38	40
36	299	37	39
36	299	37	39
36	299	37	39
36	300	38	40
36	300	38	40
35	300	38	40
35	301	38	40
35	301	38	40
35	301	38	40
35	301	38	40
34	301	36	38
33	301	36	38
33	301	35	37
33	301	35	37
33	301	35	37
33	302	35	37
33	302	35	37
32	302	35	37
32	302	35	37
32	303	35	37
32	303	35	37
35	304	36	37
34	304	35	36
34	304	35	36
34	304	35	36
34	304	35	36
34	305	35	36
34	305	35	36
34	305	35	36
34	305	35	36
34	306	35	36
34	306	35	36
33	302	37	39
32	302	36	38
32	302	37	38
32	302	37	39
32	302	37	39
32	302	37	39
32	302	37	39
32	302	37	39
32	302	37	39
32	302	37	39
32	302	37	39
34	303	36	38
33	302	36	38
33	303	36	38
33	303	35	38
33	303	35	38
33	303	35	38
33	303	35	37
33	303	35	37
33	303	35	37
33	303	35	37
33	303	35	37
35	303	37	39
35	303	36	38
35	303	37	39
35	303	37	39
35	303	37	39
35	303	37	39
35	303	37	39
35	303	37	39
35	303	37	39
35	303	37	39
35	303	37	39
33	306	37	39
33	306	37	39
32	306	37	39
32	306	37	39
32	306	37	39
32	306	37	39
32	306	37	39
32	307	37	39
32	307	37	39
32	307	37	39
32	307	37	39
29	314	36	38
28	314	36	38
28	314	35	37
28	315	35	37
28	315	35	37
27	316	35	37
27	316	35	37
27	317	35	37
27	317	35	37
26	318	35	37
26	318	35	37
52	300	38	40
51	300	37	39
52	299	38	40
54	299	38	40
55	298	38	40
56	298	38	40
57	297	38	40
58	297	38	40
59	296	38	40
61	296	38	40
62	295	38	40
68	307	39	41
69	306	39	41
70	306	39	41
72	306	39	41
73	306	39	41
74	306	39	41
76	306	39	41
77	307	39	41
79	307	39	41
80	307	39	41
81	307	39	41
60	318	38	40
61	318	38	40
61	318	38	40
61	319	38	40
61	320	38	40
61	320	38	40
62	321	38	40
62	322	37	39
62	322	37	39
62	323	37	39
62	324	37	39
52	300	39	41
52	300	38	40
51	300	39	41
51	299	39	41
50	298	39	41
50	297	39	41
49	297	39	41
49	296	39	41
48	295	39	41
48	295	39	41
47	294	39	41
67	326	38	40
66	325	38	40
67	326	38	40
67	327	37	39
68	328	37	39
68	329	37	39
69	330	37	39
70	331	37	39
70	332	37	39
71	334	37	39
72	335	37	39
65	327	37	39
65	328	36	38
65	328	36	38
66	329	36	38
66	329	36	38
66	330	36	38
66	331	36	38
66	331	36	38
66	332	36	38
67	332	36	38
67	333	36	38
70	327	38	40
70	327	37	39
70	327	37	39
70	327	37	39
71	328	37	39
71	328	38	40
71	328	38	40
72	328	38	40
72	328	38	40
72	329	38	40
73	329	38	40
99	304	36	38
99	304	36	38
101	302	35	37
102	301	35	37
104	300	35	37
106	299	35	37
108	298	35	37
109	296	35	37
111	295	35	37
113	294	35	37
115	293	35	37
99	309	37	39
100	307	36	38
101	307	36	38
102	307	36	38
103	306	36	38
103	306	36	38
104	306	36	38
105	306	36	38
106	305	36	38
106	305	36	38
107	305	37	39
78	274	39	40
78	273	39	40
77	271	39	40
76	269	39	40
75	267	39	40
75	265	39	40
74	263	39	40
73	261	39	40
72	259	39	40
71	257	39	40
70	255	40	40
73	272	38	40
72	269	38	40
71	269	38	40
70	268	38	40
69	267	38	40
69	266	38	40
68	265	38	40
67	264	38	40
66	263	38	40
66	262	38	40
65	261	38	40
83	276	39	41
82	275	38	41
82	274	39	41
82	274	39	41
83	274	39	41
83	274	39	41
83	274	39	41
83	274	39	41
84	274	39	41
84	274	39	41
84	274	39	41
104	259	39	41
104	258	39	41
105	257	39	41
106	257	39	41
108	256	39	41
109	255	39	41
110	254	39	41
112	253	39	41
113	252	39	41
114	251	39	41
116	250	39	41
77	258	39	41
78	257	39	41
77	256	39	41
76	256	39	41
75	255	39	41
74	255	39	41
73	254	39	41
72	254	39	41
71	253	39	41
70	253	39	41
70	252	39	41
81	248	38	40
80	247	38	40
79	246	37	39
79	246	37	39
79	245	37	39
79	244	37	39
78	243	37	39
78	243	37	39
78	242	37	39
77	241	37	39
77	241	37	39
101	226	38	40
100	225	37	39
101	223	37	39
102	222	37	39
103	220	37	39
104	219	37	39
105	217	37	39
106	216	37	39
108	214	37	39
109	213	37	39
110	211	37	39
107	207	37	39
108	205	36	38
108	203	36	38
109	202	36	38
110	200	36	38
111	198	36	38
112	197	36	38
112	195	36	38
113	193	36	38
114	191	36	38
115	190	36	38
80	209	36	38
80	207	35	37
79	206	35	37
78	206	35	37
77	205	35	37
76	205	35	37
74	204	35	37
73	203	35	37
72	203	35	37
71	202	35	37
70	202	35	37
57	208	35	36
55	207	34	35
53	207	34	35
52	207	34	35
50	206	34	35
48	206	34	35
46	206	34	35
44	206	34	35
42	205	34	34
40	205	34	34
39	205	34	34
68	236	36	38
66	235	35	37
65	237	35	37
65	238	35	37
65	240	35	38
65	241	35	38
65	243	36	38
65	244	36	38
65	246	36	38
64	247	36	38
64	249	36	38
69	260	38	40
68	261	38	40
68	263	38	40
69	265	38	40
69	267	38	40
69	269	38	40
69	271	38	40
69	273	38	40
69	275	38	41
69	277	39	41
69	279	39	41
99	278	39	41
99	280	39	41
100	281	39	41
102	283	39	41
104	285	39	41
105	287	39	41
107	289	39	41
109	290	39	41
111	292	39	41
112	294	40	42
114	296	40	42
100	291	40	42
101	292	40	42
102	294	40	42
103	295	40	42
104	297	40	42
104	298	40	42
105	299	40	42
106	301	40	42
107	302	40	42
108	304	40	42
109	305	40	43
82	292	39	40
82	293	39	40
82	294	39	40
81	294	39	39
80	295	39	39
79	295	39	39
79	296	39	39
78	296	38	39
77	297	38	39
76	298	38	39
76	298	38	39
69	297	40	42
68	297	39	41
67	298	40	41
66	298	40	42
64	298	40	42
63	299	40	42
62	299	40	42
61	300	40	42
60	300	40	42
59	301	40	42
58	301	40	42
83	302	39	40
81	302	39	40
82	302	39	39
82	303	38	39
82	303	38	39
83	304	38	39
83	304	38	39
83	305	38	39
84	305	38	39
84	306	38	39
84	306	38	39
107	310	38	40
107	310	37	39
108	311	37	39
110	311	37	39
111	312	37	39
113	312	37	39
115	313	37	39
116	314	37	39
118	314	37	39
119	315	37	39
121	316	37	39
89	307	36	38
90	307	35	37
90	307	35	37
89	307	35	37
89	307	35	37
89	307	35	37
88	308	35	37
88	308	35	37
88	308	34	37
87	308	34	36
87	308	34	36
100	289	35	36
99	289	34	35
100	288	34	35
100	287	34	35
100	286	34	35
101	285	34	35
101	284	34	35
101	283	34	34
102	282	34	34
102	281	33	34
103	280	33	34
96	321	36	38
96	319	35	37
96	321	35	37
96	322	35	37
96	323	35	37
96	325	35	38
96	326	35	38
96	327	35	38
96	329	35	38
96	330	35	38
96	331	35	38
119	311	38	40
118	312	38	40
120	312	38	40
121	312	38	40
122	312	38	40
123	312	38	40
125	312	38	40
126	312	38	40
127	312	38	41
128	313	38	41
130	313	39	41
110	308	38	40
111	308	38	40
111	307	38	40
111	307	38	40
111	307	38	40
111	307	38	40
111	307	38	40
111	306	38	40
111	306	38	40
111	306	38	40
111	306	38	40
100	310	39	40
100	309	39	40
99	309	39	40
98	309	39	40
98	309	39	40
97	309	39	40
97	309	39	40
96	309	39	40
95	309	39	40
95	309	39	40
94	309	39	40
97	312	39	40
96	312	39	40
95	312	39	40
95	312	39	40
95	312	39	40
94	312	39	40
94	312	39	40
93	312	39	40
93	312	39	40
92	313	39	40
92	313	39	40
98	315	38	40
97	315	38	40
97	315	37	40
97	315	37	40
97	315	37	40
97	316	37	40
97	316	37	40
96	316	37	40
96	316	37	40
96	316	37	40
96	317	37	40
99	314	36	38
98	314	35	38
98	314	35	37
98	314	35	37
98	314	35	37
99	314	35	37
99	314	35	37
99	314	35	37
99	314	35	37
99	314	34	37
99	314	34	37
99	314	38	40
99	314	37	39
99	314	37	39
99	314	37	40
99	314	38	40
99	314	38	40
99	314	38	40
99	314	38	40
99	314	38	40
99	314	38	40
99	314	38	40
111	344	36	38
111	343	36	38
111	345	35	37
112	347	35	37
113	348	35	37
113	350	35	37
114	352	35	37
115	353	35	37
115	355	35	37
116	357	35	37
117	358	35	37
67	351	36	38
67	352	35	37
65	353	35	37
63	354	35	37
61	356	35	37
59	357	35	37
56	358	35	37
54	359	35	37
52	360	35	37
50	361	35	37
48	362	35	37
60	348	35	36
57	349	34	35
56	349	34	35
55	349	34	35
53	349	34	35
52	350	34	35
50	350	34	35
49	350	34	35
48	350	34	35
46	351	34	34
45	351	34	34
56	388	36	38
