1.832645
0.043158
0.043438
0.043457
0.043473
0.043488
0.043503
0.043517
0.043535
0.043550
0.043564
0.043579
0.036391
0.036672
0.036691
0.036718
0.036737
0.036757
0.036775
0.036793
0.036812
0.036830
0.036848
0.029813
0.030059
0.030077
0.030092
0.030106
0.030120
0.030134
0.030147
0.030161
0.030174
0.030188
0.026438
0.026670
0.026697
0.026712
0.026726
0.026740
0.026753
0.026766
0.026779
0.026793
0.026806
0.026740
0.026955
0.026983
0.026997
0.027011
0.027025
0.027038
0.027050
0.027064
0.027076
0.027089
0.026579
0.026812
0.026829
0.026844
0.026858
0.026871
0.026886
0.026900
0.026913
0.026926
0.026939
0.026176
0.026404
0.026422
0.026436
0.026449
0.026463
0.026478
0.026492
0.026505
0.026519
0.026531
0.025306
0.025537
0.025554
0.025568
0.025750
0.025771
0.025785
0.025849
0.025863
0.025876
0.025889
0.025458
0.025683
0.025700
0.025713
0.025727
0.025740
0.025753
0.025766
0.025779
0.025792
0.025805
0.051682
0.051915
0.051934
0.051948
0.051961
0.051975
0.051989
0.052005
0.052018
0.052031
0.052044
0.025656
0.025872
0.025898
0.025912
0.025926
0.025940
0.025953
0.025966
0.025979
0.025992
0.026006
0.025609
0.025836
0.025853
0.025867
0.025880
0.025897
0.025910
0.025923
0.025936
0.025949
0.025962
0.025616
0.025839
0.025856
0.025870
0.025884
0.025897
0.025910
0.025923
0.025937
0.025950
0.025964
0.025805
0.026031
0.026047
0.026061
0.026075
0.026091
0.026104
0.026117
0.026129
0.026142
0.026155
0.026111
0.026333
0.026350
0.026364
0.026377
0.026390
0.026404
0.026418
0.026431
0.026445
0.026458
0.025897
0.026120
0.026138
0.026152
0.026165
0.026179
0.026191
0.026205
0.026220
0.026234
0.026247
0.033979
0.034226
0.034253
0.034281
0.034300
0.034318
0.034336
0.034353
0.034370
0.034388
0.034406
0.037848
0.038089
0.038118
0.038140
0.038165
0.038188
0.038212
0.038236
0.038259
0.038283
0.038306
0.025585
0.025809
0.025826
0.025844
0.025857
0.025874
0.025893
0.025913
0.025932
0.025951
0.025972
0.053126
0.053355
0.053371
0.053385
0.053398
0.053411
0.053424
0.053437
0.053449
0.053462
0.053475
0.026023
0.026251
0.026268
0.026282
0.026296
0.026309
0.026323
0.026336
0.026349
0.026362
0.026375
0.031318
0.031543
0.031563
0.031577
0.031590
0.031603
0.031616
0.031630
0.031643
0.031657
0.031670
0.026388
0.026625
0.026642
0.026657
0.026671
0.026684
0.026697
0.026710
0.026723
0.026736
0.026749
0.025974
0.026227
0.026244
0.026257
0.026281
0.026295
0.026309
0.026322
0.026335
0.026349
0.026361
0.025770
0.026001
0.026022
0.026039
0.026055
0.026073
0.026089
0.026104
0.026119
0.026134
0.026149
0.026243
0.026471
0.026491
0.026508
0.026523
0.026540
0.026555
0.026571
0.026586
0.026606
0.026622
0.028683
0.028916
0.028936
0.028954
0.028971
0.028988
0.029003
0.029019
0.029035
0.029050
0.029066
0.026972
0.027210
0.027231
0.027249
0.027265
0.027281
0.027296
0.027312
0.027327
0.027343
0.027358
0.026731
0.026972
0.026990
0.027004
0.027018
0.027031
0.027045
0.027058
0.027071
0.027084
0.027097
0.052155
0.052382
0.052400
0.052414
0.052428
0.052441
0.052455
0.052468
0.052481
0.052494
0.052507
0.026570
0.026797
0.026814
0.026828
0.026841
0.026855
0.026868
0.026881
0.026894
0.026907
0.026921
0.026049
0.026273
0.026290
0.026304
0.026318
0.026331
0.026344
0.026357
0.026369
0.026382
0.026395
0.026403
0.026629
0.026649
0.026663
0.026676
0.026690
0.026703
0.026716
0.026730
0.026743
0.026757
0.026752
0.026982
0.026999
0.027014
0.027027
0.027040
0.027054
0.027067
0.027080
0.027093
0.027106
0.026338
0.026568
0.026585
0.026600
0.026613
0.026627
0.026640
0.026653
0.026667
0.026680
0.026693
0.026519
0.026733
0.026759
0.026773
0.026787
0.026800
0.026814
0.026827
0.026840
0.026853
0.026865
0.027043
0.027271
0.027288
0.027303
0.027316
0.027330
0.027343
0.027357
0.027370
0.027387
0.027400
0.025775
0.026007
0.026026
0.026054
0.026070
0.026084
0.026097
0.026110
0.026123
0.026136
0.026149
0.025128
0.025347
0.025364
0.025378
0.025391
0.025405
0.025418
0.025431
0.025444
0.025457
0.025470
0.050344
0.050572
0.050589
0.050603
0.050617
0.050630
0.050643
0.050656
0.050669
0.050682
0.050695
0.024118
0.024335
0.024362
0.024376
0.024390
0.024404
0.024417
0.024430
0.024443
0.024456
0.024469
0.023229
0.023452
0.023469
0.023484
0.023497
0.023510
0.023523
0.023536
0.023549
0.023562
0.023575
0.024008
0.024239
0.024256
0.024270
0.024284
0.024297
0.024311
0.024324
0.024337
0.024350
0.024363
0.023028
0.023264
0.023293
0.023321
0.023348
0.023373
0.023398
0.023422
0.023446
0.023471
0.023495
0.023741
0.023978
0.024009
0.024037
0.024063
0.024088
0.024112
0.024137
0.024161
0.024184
0.024209
0.024832
0.025058
0.025075
0.025090
0.025103
0.025117
0.025130
0.025143
0.025156
0.025169
0.025181
0.023133
0.023378
0.023401
0.023431
0.023446
0.023459
0.023472
0.023485
0.023499
0.023512
0.023525
0.024241
0.024470
0.024488
0.024502
0.024516
0.024529
0.024543
0.024556
0.024569
0.024585
0.024599
0.025715
0.025928
0.025955
0.025970
0.025983
0.025996
0.026010
0.026022
0.026036
0.026048
0.026062
0.054800
0.055028
0.055045
0.055059
0.055073
0.055085
0.055099
0.055112
0.055125
0.055137
0.055151
0.025869
0.026097
0.026114
0.026128
0.026142
0.026155
0.026169
0.026181
0.026195
0.026208
0.026221
0.025691
0.025923
0.025939
0.025954
0.025967
0.025980
0.025993
0.026006
0.026019
0.026032
0.026046
0.025806
0.026036
0.026053
0.026067
0.026082
0.026095
0.026108
0.026121
0.026134
0.026147
0.026160
0.027429
0.027656
0.027673
0.027687
0.027701
0.027714
0.027727
0.027740
0.027754
0.027767
0.027780
0.028440
0.028657
0.028684
0.028698
0.028717
0.028730
0.028743
0.028756
0.028770
0.028783
0.028795
0.028214
0.028436
0.028462
0.028477
0.028490
0.028504
0.028517
0.028531
0.028545
0.028558
0.028571
0.027305
0.027534
0.027551
0.027565
0.027579
0.027592
0.027606
0.027619
0.027632
0.027646
0.027659
0.027808
0.028042
0.028060
0.028075
0.028088
0.028101
0.028115
0.028129
0.028142
0.028156
0.028169
0.027437
0.027665
0.027682
0.027696
0.027710
0.027723
0.027737
0.027749
0.027762
0.027776
0.027788
0.052904
0.053128
0.053145
0.053160
0.053174
0.053187
0.053201
0.053214
0.053227
0.053240
0.053253
0.027175
0.027394
0.027422
0.027436
0.027450
0.027463
0.027476
0.027489
0.027502
0.027515
0.027528
0.026930
0.027160
0.027177
0.027191
0.027206
0.027224
0.027240
0.027256
0.027277
0.027297
0.027315
0.027180
0.027408
0.027426
0.027440
0.027454
0.027468
0.027481
0.027494
0.027507
0.027520
0.027534
0.026091
0.026323
0.026340
0.026355
0.026368
0.026381
0.026395
0.026408
0.026421
0.026434
0.026446
0.026057
0.026286
0.026303
0.026318
0.026331
0.026345
0.026358
0.026371
0.026384
0.026397
0.026410
0.026316
0.026540
0.026558
0.026572
0.026585
0.026599
0.026612
0.026625
0.026638
0.026650
0.026663
0.026194
0.026424
0.026441
0.026456
0.026469
0.026483
0.026496
0.026509
0.026522
0.026535
0.026548
0.026291
0.026530
0.026565
0.026593
0.026618
0.026644
0.026669
0.026693
0.026716
0.026740
0.026764
0.026088
0.026330
0.026357
0.026385
0.026410
0.026435
0.026460
0.026484
0.026508
0.026532
0.026556
0.052196
0.052432
0.052464
0.052489
0.052515
0.052539
0.052567
0.052593
0.052617
0.052640
0.052664
0.026089
0.026349
0.026383
0.026409
0.026435
0.026459
0.026483
0.026507
0.026531
0.026554
0.026579
0.033919
0.034179
0.034199
0.034227
0.034245
0.034263
0.034280
0.034298
0.034315
0.034333
0.034350
0.037910
0.038145
0.038183
0.038208
0.038233
0.038257
0.038281
0.038304
0.038328
0.038352
0.038377
0.026820
0.027059
0.027087
0.027113
0.027139
0.027162
0.027187
0.027210
0.027234
0.027258
0.027282
0.026648
0.026888
0.026917
0.026943
0.026970
0.026995
0.027020
0.027045
0.027070
0.027094
0.027118
0.027290
0.027508
0.027535
0.027549
0.027562
0.027575
0.027589
0.027602
0.027615
0.027627
0.027640
0.026320
0.026551
0.026567
0.026581
0.026595
0.026608
0.026622
0.026636
0.026649
0.026662
0.026675
0.026878
0.027097
0.027114
0.027128
0.027142
0.027155
0.027168
0.027182
0.027195
0.027208
0.027221
0.027073
0.027303
0.027320
0.027334
0.027348
0.027361
0.027374
0.027387
0.027400
0.027413
0.027426
0.053296
0.053529
0.053547
0.053562
0.053576
0.053593
0.053607
0.053620
0.053632
0.053646
0.053659
0.027123
0.027341
0.027367
0.027382
0.027395
0.027408
0.027422
0.027435
0.027448
0.027461
0.027474
0.026649
0.026884
0.026901
0.026916
0.026929
0.026942
0.026955
0.026968
0.026982
0.026994
0.027007
0.025810
0.026035
0.026052
0.026066
0.026080
0.026094
0.026108
0.026121
0.026134
0.026147
0.026160
0.025940
0.026152
0.026178
0.026192
0.026206
0.026219
0.026232
0.026245
0.026258
0.026271
0.026284
0.027051
0.027278
0.027295
0.027310
0.027324
0.027337
0.027350
0.027363
0.027380
0.027394
0.027407
0.026608
0.026837
0.026857
0.026875
0.026892
0.026907
0.026923
0.026938
0.026954
0.026969
0.026985
0.027150
0.027382
0.027402
0.027419
0.027436
0.027453
0.027469
0.027485
0.027501
0.027517
0.027532
0.027648
0.027880
0.027900
0.027917
0.027933
0.027949
0.027965
0.027981
0.027997
0.028013
0.028028
0.027611
0.027830
0.027849
0.027875
0.027892
0.027908
0.027924
0.027939
0.027955
0.027971
0.027987
0.053563
0.053794
0.053814
0.053832
0.053849
0.053865
0.053880
0.053896
0.053912
0.053927
0.053942
0.028507
0.028750
0.028769
0.028783
0.028797
0.028810
0.028824
0.028837
0.028850
0.028863
0.028877
0.026762
0.027004
0.027022
0.027036
0.027049
0.027063
0.027076
0.027089
0.027102
0.027116
0.027129
0.026150
0.026373
0.026391
0.026405
0.026425
0.026446
0.026465
0.026484
0.026503
0.026523
0.026541
0.025827
0.026049
0.026066
0.026080
0.026093
0.026106
0.026119
0.026132
0.026144
0.026157
0.026170
0.025973
0.026205
0.026232
0.026247
0.026261
0.026274
0.026287
0.026300
0.026314
0.026327
0.026340
0.025592
0.025818
0.025836
0.025850
0.025864
0.025878
0.025892
0.025905
0.025919
0.025933
0.025946
0.025489
0.025716
0.025734
0.025748
0.025762
0.025775
0.025788
0.025801
0.025814
0.025827
0.025840
0.025325
0.025550
0.025567
0.025581
0.025594
0.025607
0.025620
0.025633
0.025647
0.025660
0.025673
0.025291
0.025516
0.025533
0.025547
0.025561
0.025574
0.025588
0.025601
0.025614
0.025627
0.025640
0.051805
0.052027
0.052044
0.052058
0.052072
0.052085
0.052099
0.052112
0.052126
0.052138
0.052151
0.025693
0.025920
0.025937
0.025952
0.025970
0.025984
0.025998
0.026011
0.026025
0.026037
0.026051
0.025185
0.025411
0.025428
0.025442
0.025455
0.025469
0.025483
0.025497
0.025510
0.025525
0.025538
0.024862
0.025087
0.025105
0.025119
0.025133
0.025146
0.025160
0.025172
0.025186
0.025199
0.025212
0.025547
0.025769
0.025787
0.025801
0.025815
0.025829
0.025843
0.025856
0.025869
0.025882
0.025896
0.025503
0.025720
0.025746
0.025761
0.025783
0.025799
0.025813
0.025826
0.025840
0.025861
0.025886
0.025580
0.025808
0.025825
0.025839
0.025852
0.025866
0.025879
0.025892
0.025905
0.025918
0.025935
0.025437
0.025650
0.025676
0.025690
0.025704
0.025718
0.025731
0.025744
0.025757
0.025771
0.025784
0.026227
0.026451
0.026468
0.026482
0.026496
0.026510
0.026523
0.026536
0.026549
0.026562
0.026575
0.025403
0.025632
0.025650
0.025665
0.025678
0.025692
0.025705
0.025719
0.025732
0.025745
0.025758
0.053103
0.053332
0.053349
0.053364
0.053377
0.053391
0.053404
0.053417
0.053431
0.053443
0.053456
0.025720
0.025937
0.025964
0.025978
0.025992
0.026005
0.026019
0.026032
0.026045
0.026058
0.026071
0.026514
0.026743
0.026761
0.026776
0.026789
0.026802
0.026815
0.026828
0.026841
0.026854
0.026867
0.026919
0.027145
0.027162
0.027177
0.027190
0.027204
0.027217
0.027230
0.027244
0.027256
0.027270
0.027107
0.027335
0.027353
0.027367
0.027380
0.027394
0.027407
0.027420
0.027433
0.027446
0.027459
0.027403
0.027628
0.027646
0.027660
0.027674
0.027687
