1.801358
0.037016
0.037302
0.037320
0.037335
0.037351
0.037365
0.037380
0.037396
0.037412
0.037426
0.037441
0.028372
0.028631
0.028648
0.028662
0.028679
0.028712
0.028726
0.028740
0.028755
0.028769
0.028782
0.021734
0.021955
0.021982
0.021998
0.022012
0.022027
0.022043
0.022063
0.022084
0.022105
0.022125
0.021246
0.021468
0.021486
0.021500
0.021514
0.021528
0.021541
0.021555
0.021568
0.021582
0.021595
0.020961
0.021175
0.021192
0.021207
0.021221
0.021234
0.021247
0.021260
0.021274
0.021287
0.021301
0.021470
0.021679
0.021696
0.021711
0.021725
0.021739
0.021753
0.021766
0.021778
0.021791
0.021804
0.020340
0.020535
0.020561
0.020575
0.020589
0.020602
0.020617
0.020630
0.020644
0.020657
0.020670
0.020578
0.020776
0.020801
0.020816
0.020829
0.020843
0.020856
0.020869
0.020882
0.020895
0.020909
0.020692
0.020898
0.020925
0.020939
0.020952
0.020965
0.020979
0.020992
0.021005
0.021018
0.021031
0.043464
0.043675
0.043692
0.043706
0.043720
0.043733
0.043746
0.043761
0.043774
0.043787
0.043800
0.021594
0.021810
0.021837
0.021851
0.021865
0.021879
0.021892
0.021905
0.021918
0.021931
0.021944
0.022032
0.022234
0.022251
0.022265
0.022278
0.022294
0.022307
0.022320
0.022333
0.022346
0.022359
0.021300
0.021496
0.021522
0.021537
0.021550
0.021563
0.021576
0.021589
0.021602
0.021615
0.021628
0.020702
0.020898
0.020914
0.020928
0.020941
0.020956
0.020969
0.020981
0.020994
0.021007
0.021021
0.021483
0.021684
0.021711
0.021725
0.021738
0.021752
0.021765
0.021777
0.021790
0.021803
0.021816
0.022069
0.022278
0.022294
0.022308
0.022321
0.022334
0.022347
0.022360
0.022375
0.022388
0.022402
0.021475
0.021689
0.021707
0.021721
0.021734
0.021747
0.021760
0.021773
0.021785
0.021798
0.021811
0.020752
0.020955
0.020971
0.020985
0.020998
0.021012
0.021025
0.021038
0.021051
0.021064
0.021076
0.021898
0.022102
0.022118
0.022135
0.022148
0.022161
0.022174
0.022187
0.022200
0.022213
0.022226
0.046697
0.046901
0.046918
0.046932
0.046946
0.046959
0.046972
0.046985
0.046998
0.047011
0.047024
0.020622
0.020815
0.020840
0.020854
0.020867
0.020880
0.020894
0.020907
0.020920
0.020933
0.020945
0.021415
0.021618
0.021638
0.021652
0.021666
0.021679
0.021692
0.021705
0.021718
0.021730
0.021743
0.021478
0.021683
0.021699
0.021713
0.021727
0.021740
0.021753
0.021766
0.021779
0.021792
0.021805
0.021690
0.021906
0.021922
0.021936
0.021950
0.021964
0.021978
0.021991
0.022003
0.022016
0.022029
0.020703
0.020894
0.020921
0.020935
0.020948
0.020963
0.020977
0.020989
0.021002
0.021015
0.021028
0.023230
0.023475
0.023501
0.023524
0.023546
0.023578
0.023599
0.023619
0.023640
0.023659
0.023680
0.020672
0.020860
0.020877
0.020890
0.020913
0.020926
0.020939
0.020952
0.020965
0.020978
0.020991
0.021012
0.021207
0.021234
0.021249
0.021262
0.021275
0.021288
0.021302
0.021314
0.021327
0.021339
0.021471
0.021672
0.021698
0.021712
0.021725
0.021738
0.021751
0.021764
0.021777
0.021790
0.021803
0.044633
0.044838
0.044855
0.044869
0.044882
0.044895
0.044908
0.044921
0.044934
0.044946
0.044959
0.021019
0.021226
0.021242
0.021257
0.021270
0.021283
0.021296
0.021309
0.021322
0.021335
0.021348
0.021847
0.022055
0.022072
0.022085
0.022099
0.022112
0.022125
0.022137
0.022150
0.022163
0.022176
0.020934
0.021137
0.021166
0.021180
0.021193
0.021206
0.021219
0.021233
0.021246
0.021260
0.021273
0.021212
0.021428
0.021445
0.021459
0.021472
0.021486
0.021498
0.021511
0.021524
0.021537
0.021550
0.022473
0.022668
0.022694
0.022708
0.022721
0.022734
0.022748
0.022761
0.022774
0.022788
0.022801
0.021066
0.021271
0.021289
0.021303
0.021316
0.021330
0.021343
0.021356
0.021369
0.021381
0.021394
0.022222
0.022424
0.022441
0.022455
0.022468
0.022481
0.022495
0.022508
0.022521
0.022537
0.022550
0.020707
0.020911
0.020928
0.020942
0.020955
0.020968
0.020982
0.020994
0.021007
0.021020
0.021033
0.020689
0.020888
0.020905
0.020920
0.020933
0.020947
0.020961
0.020974
0.020987
0.021000
0.021013
0.043747
0.043948
0.043965
0.043979
0.043992
0.044005
0.044018
0.044030
0.044043
0.044056
0.044069
0.021899
0.022103
0.022119
0.022133
0.022146
0.022161
0.022174
0.022187
0.022200
0.022213
0.022226
0.021021
0.021224
0.021241
0.021255
0.021269
0.021282
0.021295
0.021308
0.021321
0.021334
0.021347
0.021563
0.021765
0.021782
0.021796
0.021810
0.021824
0.021837
0.021850
0.021863
0.021876
0.021889
0.020966
0.021168
0.021185
0.021199
0.021213
0.021226
0.021239
0.021252
0.021265
0.021278
0.021291
0.020616
0.020809
0.020826
0.020841
0.020854
0.020867
0.020880
0.020894
0.020907
0.020920
0.020933
0.021369
0.021579
0.021595
0.021609
0.021623
0.021636
0.021649
0.021662
0.021675
0.021688
0.021701
0.022798
0.023018
0.023035
0.023048
0.023062
0.023076
0.023089
0.023102
0.023115
0.023127
0.023140
0.021026
0.021248
0.021266
0.021281
0.021294
0.021307
0.021321
0.021333
0.021347
0.021362
0.021375
0.021312
0.021523
0.021550
0.021564
0.021577
0.021591
0.021604
0.021617
0.021630
0.021643
0.021656
0.045879
0.046107
0.046124
0.046138
0.046151
0.046165
0.046178
0.046190
0.046203
0.046216
0.046229
0.022163
0.022388
0.022405
0.022419
0.022433
0.022446
0.022460
0.022472
0.022485
0.022498
0.022511
0.020905
0.021122
0.021138
0.021153
0.021166
0.021179
0.021193
0.021206
0.021219
0.021233
0.021246
0.020718
0.020922
0.020947
0.020962
0.020975
0.020988
0.021001
0.021014
0.021027
0.021040
0.021053
0.021587
0.021808
0.021827
0.021842
0.021858
0.021873
0.021888
0.021904
0.021920
0.021935
0.021950
0.021538
0.021754
0.021773
0.021790
0.021808
0.021823
0.021838
0.021853
0.021868
0.021883
0.021898
0.021333
0.021548
0.021564
0.021578
0.021591
0.021605
0.021617
0.021630
0.021643
0.021656
0.021669
0.020680
0.020871
0.020897
0.020911
0.020925
0.020939
0.020952
0.020965
0.020978
0.020991
0.021004
0.021226
0.021434
0.021451
0.021465
0.021478
0.021491
0.021504
0.021518
0.021531
0.021544
0.021558
0.021681
0.021884
0.021902
0.021916
0.021930
0.021943
0.021956
0.021969
0.021981
0.021994
0.022007
0.044435
0.044631
0.044657
0.044671
0.044684
0.044698
0.044730
0.044761
0.044783
0.044797
0.044811
0.020990
0.021199
0.021216
0.021230
0.021244
0.021257
0.021270
0.021283
0.021296
0.021309
0.021322
0.022685
0.022890
0.022906
0.022920
0.022934
0.022948
0.022961
0.022974
0.022991
0.023003
0.023016
0.020795
0.021000
0.021016
0.021030
0.021044
0.021057
0.021070
0.021083
0.021096
0.021108
0.021121
0.020719
0.020922
0.020939
0.020953
0.020967
0.020981
0.020993
0.021007
0.021019
0.021032
0.021045
0.020946
0.021139
0.021165
0.021179
0.021192
0.021205
0.021218
0.021230
0.021243
0.021256
0.021268
0.021208
0.021415
0.021432
0.021446
0.021460
0.021473
0.021486
0.021499
0.021512
0.021524
0.021537
0.021227
0.021431
0.021449
0.021463
0.021476
0.021489
0.021502
0.021515
0.021528
0.021540
0.021553
0.020382
0.020578
0.020605
0.020619
0.020632
0.020645
0.020658
0.020672
0.020684
0.020697
0.020710
0.020670
0.020873
0.020890
0.020904
0.020918
0.020931
0.020944
0.020957
0.020971
0.020983
0.020996
0.043692
0.043885
0.043901
0.043924
0.043938
0.043951
0.043964
0.043976
0.043989
0.044003
0.044015
0.021394
0.021614
0.021631
0.021646
0.021659
0.021672
0.021685
0.021698
0.021711
0.021723
0.021736
0.020843
0.021058
0.021075
0.021090
0.021103
0.021116
0.021130
0.021143
0.021156
0.021169
0.021182
0.021166
0.021383
0.021399
0.021413
0.021427
0.021440
0.021452
0.021466
0.021478
0.021491
0.021505
0.021366
0.021564
0.021590
0.021604
0.021617
0.021631
0.021643
0.021657
0.021669
0.021682
0.021695
0.020452
0.020648
0.020664
0.020677
0.020700
0.020714
0.020727
0.020740
0.020753
0.020766
0.020779
0.020462
0.020665
0.020682
0.020696
0.020709
0.020722
0.020735
0.020748
0.020761
0.020774
0.020787
0.020722
0.020982
0.021011
0.021025
0.021039
0.021052
0.021065
0.021079
0.021092
0.021106
0.021119
0.020694
0.020897
0.020914
0.020928
0.020941
0.020954
0.020967
0.020979
0.020992
0.021005
0.021018
0.020333
0.020531
0.020547
0.020561
0.020574
0.020587
0.020600
0.020613
0.020626
0.020639
0.020652
0.043066
0.043257
0.043284
0.043298
0.043311
0.043333
0.043346
0.043359
0.043372
0.043385
0.043398
0.021830
0.022032
0.022049
0.022064
0.022078
0.022091
0.022105
0.022118
0.022131
0.022145
0.022158
0.020574
0.020766
0.020792
0.020806
0.020820
0.020833
0.020846
0.020859
0.020872
0.020885
0.020898
0.021010
0.021213
0.021230
0.021244
0.021258
0.021271
0.021284
0.021298
0.021311
0.021324
0.021337
0.021366
0.021571
0.021588
0.021602
0.021616
0.021629
0.021641
0.021654
0.021667
0.021680
0.021693
0.020498
0.020693
0.020719
0.020733
0.020747
0.020760
0.020773
0.020786
0.020799
0.020812
0.020825
0.020772
0.020976
0.020993
0.021007
0.021021
0.021034
0.021047
0.021060
0.021073
0.021086
0.021098
0.020723
0.020920
0.020946
0.020961
0.020974
0.020988
0.021001
0.021014
0.021027
0.021039
0.021052
0.020868
0.021069
0.021086
0.021101
0.021114
0.021127
0.021141
0.021153
0.021166
0.021179
0.021192
0.020390
0.020592
0.020610
0.020624
0.020638
0.020651
0.020664
0.020677
0.020690
0.020703
0.020715
0.044150
0.044354
0.044386
0.044419
0.044444
0.044468
0.044492
0.044517
0.044540
0.044564
0.044588
0.020731
0.020939
0.020968
0.020991
0.021015
0.021040
0.021064
0.021088
0.021112
0.021136
0.021159
0.020467
0.020682
0.020710
0.020733
0.020754
0.020775
0.020797
0.020818
0.020840
0.020861
0.020879
0.020838
0.021049
0.021086
0.021113
0.021139
0.021163
0.021187
0.021211
0.021236
0.021259
0.021284
0.020982
0.021194
0.021220
0.021245
0.021268
0.021292
0.021316
0.021340
0.021363
0.021387
0.021412
0.021137
0.021349
0.021369
0.021385
0.021400
0.021417
0.021432
0.021447
0.021462
0.021478
0.021493
0.020423
0.020626
0.020645
0.020662
0.020678
0.020694
0.020710
0.020725
0.020741
0.020757
0.020772
0.021127
0.021332
0.021349
0.021363
0.021377
0.021390
0.021403
0.021416
0.021429
0.021442
0.021455
0.021084
0.021287
0.021303
0.021317
0.021330
0.021343
0.021356
0.021369
0.021382
0.021395
0.021408
0.022089
0.022293
0.022310
0.022324
0.022337
0.022351
0.022364
0.022377
0.022390
0.022403
0.022416
0.044445
0.044649
0.044666
0.044680
0.044693
0.044706
0.044720
0.044734
0.044747
0.044760
0.044773
0.021172
0.021379
0.021396
0.021410
0.021424
0.021437
0.021450
0.021463
0.021476
0.021489
0.021502
0.021721
0.021927
0.021943
0.021957
0.021970
0.021984
0.021997
0.022010
0.022023
0.022038
0.022051
0.020489
0.020685
0.020703
0.020717
0.020730
0.020744
0.020757
0.020770
0.020782
0.020795
0.020808
0.020529
0.020727
0.020753
0.020767
0.020781
0.020795
0.020808
0.020822
0.020835
0.020848
0.020861
0.021823
0.022030
0.022048
0.022062
0.022075
0.022089
0.022102
0.022115
0.022129
0.022141
0.022155
0.021316
0.021520
0.021540
0.021560
0.021575
0.021589
0.021602
0.021621
0.021635
0.021648
0.021661
0.020554
0.020744
0.020770
0.020784
0.020797
0.020811
0.020824
0.020837
0.020850
0.020863
0.020881
0.020801
0.020998
0.021016
0.021030
0.021044
0.021057
0.021070
0.021084
0.021097
0.021109
0.021122
0.021336
0.021540
0.021558
0.021572
0.021585
0.021599
0.021612
0.021625
0.021638
0.021651
0.021664
0.044739
0.044952
0.044969
0.044983
0.044996
0.045010
0.045023
0.045036
0.045049
0.045062
0.045075
0.021812
0.022025
0.022043
0.022057
0.022071
0.022084
0.022098
0.022111
0.022124
0.022137
0.022151
0.021032
0.021231
0.021257
0.021271
0.021285
0.021298
0.021311
0.021324
0.021337
0.021350
0.021363
0.021489
0.021697
0.021713
0.021728
0.021742
0.021755
0.021768
0.021781
0.021794
0.021807
0.021821
0.020700
0.020908
0.020926
0.020941
0.020954
0.020968
0.020981
0.020994
0.021007
0.021020
0.021033
0.020467
0.020663
0.020680
0.020694
0.020708
0.020721
0.020734
0.020747
0.020760
0.020773
0.020787
0.021211
0.021429
0.021460
0.021478
0.021496
0.021513
0.021530
0.021547
0.021564
0.021581
0.021598
0.021686
0.021874
0.021899
0.021914
0.021927
0.021940
0.021955
0.021968
0.021981
0.021995
0.022008
0.020648
0.020848
0.020865
0.020880
0.020893
0.020906
0.020919
0.020932
0.020945
0.020957
0.020970
0.020641
0.020842
0.020859
0.020873
0.020886
0.020900
0.020913
0.020926
0.020940
0.020953
0.020966
0.043114
0.043325
0.043343
0.043357
0.043370
0.043383
0.043396
0.043410
0.043423
0.043436
0.043449
0.021430
0.021635
0.021653
0.021667
0.021680
0.021693
0.021707
0.021721
0.021734
0.021747
0.021760
0.020706
0.020908
0.020925
0.020939
0.020953
0.020966
0.020979
0.020992
0.021004
0.021017
0.021030
0.021286
0.021483
0.021508
0.021523
0.021537
0.021550
0.021564
0.021577
0.021590
0.021604
0.021617
0.020576
0.020772
0.020798
0.020813
0.020826
0.020839
0.020852
0.020865
0.020878
0.020891
0.020903
0.020311
0.020503
0.020529
0.020543
0.020557
0.020571
0.020584
0.020597
0.020610
0.020623
0.020636
0.020645
0.020848
0.020864
0.020878
0.020891
0.020905
0.020917
0.020931
0.020943
0.020956
0.020969
0.021514
0.021715
0.021732
0.021746
0.021760
0.021774
0.021787
0.021800
0.021813
0.021826
0.021838
0.020586
0.020792
0.020810
0.020824
0.020838
0.020852
0.020865
0.020878
0.020891
0.020903
0.020916
0.020370
0.020571
0.020587
0.020602
0.020616
0.020629
0.020642
0.020655
0.020668
0.020681
0.020715
0.042997
0.043199
0.043216
0.043230
0.043243
0.043256
0.043269
0.043282
0.043295
0.043308
0.043320
0.021132
0.021333
0.021354
0.021369
0.021384
0.021397
0.021411
0.021424
0.021437
0.021450
0.021466
0.021012
0.021225
0.021245
0.021262
0.021279
0.021294
0.021310
0.021326
0.021342
0.021357
0.021372
0.021163
0.021362
0.021392
0.021409
0.021426
0.021442
0.021456
0.021469
0.021484
0.021497
0.021513
0.020894
0.021136
0.021156
0.021173
0.021190
0.021206
0.021221
0.021236
0.021251
0.021267
0.021282
0.020548
0.020752
0.020772
0.020790
0.020806
0.020823
0.020838
0.020853
0.020868
0.020884
0.020899
0.020700
0.020891
0.020919
0.020936
0.020952
0.020968
0.020983
0.020999
0.021014
0.021029
0.021045
0.021186
0.021378
0.021406
0.021423
0.021439
0.021455
0.021470
0.021486
0.021503
0.021519
0.021534
0.021063
0.021271
0.021291
0.021309
0.021325
0.021341
0.021355
0.021368
0.021383
0.021397
0.021410
0.020457
0.020656
0.020674
0.020688
0.020701
0.020714
0.020726
0.020739
0.020752
0.020765
0.020778
0.044603
0.044804
0.044821
0.044835
0.044851
0.044868
0.044884
0.044901
0.044916
0.044932
0.044947
0.021020
0.021224
0.021241
0.021255
0.021269
0.021282
0.021298
0.021315
0.021331
0.021348
0.021363
0.020462
0.020670
0.020702
0.020718
0.020731
0.020746
0.020759
0.020773
0.020790
0.020803
0.020816
0.020856
0.021058
0.021084
0.021098
0.021115
0.021132
0.021148
0.021164
0.021179
0.021194
0.021210
0.021164
0.021375
0.021395
0.021411
0.021429
0.021445
0.021461
0.021477
0.021492
0.021507
0.021522
0.021366
0.021563
0.021592
0.021609
0.021626
0.021642
0.021659
0.021675
0.021691
0.021706
0.021722
0.021648
0.021850
0.021870
0.021887
0.021904
0.021921
0.021940
0.021959
0.021979
0.021997
0.022017
0.020650
0.020855
0.020872
0.020886
0.020900
0.020916
0.020934
0.020951
0.020966
0.020982
0.020997
0.020860
0.021072
0.021090
0.021108
0.021137
0.021153
0.021167
0.021181
0.021194
0.021207
0.021220
0.021338
0.021537
0.021563
0.021577
0.021591
0.021604
0.021617
0.021631
0.021644
0.021656
0.021669
0.045761
0.045977
0.045994
0.046008
0.046022
0.046035
0.046048
0.046061
0.046074
0.046087
0.046100
0.021706
0.021928
0.021945
0.021960
0.021974
0.021987
0.022000
0.022014
0.022026
0.022039
0.022052
0.021318
0.021532
0.021549
0.021563
0.021577
0.021590
0.021603
0.021616
0.021629
0.021642
0.021658
0.020555
0.020752
0.020778
0.020793
0.020807
0.020820
0.020833
0.020846
0.020859
0.020872
0.020885
0.020499
0.020693
0.020719
0.020733
0.020747
0.020760
0.020773
0.020787
0.020800
0.020813
0.020826
0.020685
0.020885
0.020903
0.020917
0.020931
0.020944
0.020957
0.020970
0.020983
0.020996
0.021009
0.021424
0.021625
0.021642
0.021656
0.021670
0.021683
0.021696
0.021709
0.021722
0.021735
0.021748
0.020633
0.020834
0.020851
0.020865
0.020879
0.020892
0.020905
0.020919
0.020932
0.020945
0.020959
0.023175
0.023371
0.023388
0.023402
0.023415
0.023429
0.023442
0.023454
0.023468
0.023480
0.023493
0.020588
0.020797
0.020823
0.020837
0.020850
0.020863
0.020876
0.020889
0.020902
0.020915
0.020928
0.044475
0.044676
0.044693
0.044707
0.044720
0.044733
0.044747
0.044760
0.044772
0.044785
0.044798
0.021909
0.022119
0.022136
0.022150
0.022163
0.022177
0.022193
0.022211
0.022228
0.022243
0.022259
0.022281
0.022506
0.022527
0.022544
0.022561
0.022577
0.022592
0.022607
0.022623
0.022638
0.022654
0.020374
0.020568
0.020596
0.020612
0.020627
0.020643
0.020659
0.020674
0.020690
0.020705
0.020720
0.021122
0.021323
0.021352
0.021370
0.021386
0.021402
0.021418
0.021433
0.021449
0.021464
0.021479
0.021753
0.021945
0.021971
0.021985
0.021998
0.022012
0.022026
0.022039
0.022052
0.022065
0.022078
0.020864
0.021065
0.021083
0.021097
0.021111
0.021124
0.021137
0.021150
0.021163
0.021175
0.021188
0.020705
0.020905
0.020922
0.020936
0.020949
0.020963
0.020977
0.020990
0.021003
0.021017
0.021029
0.020908
0.021099
0.021124
0.021138
0.021152
0.021165
0.021178
0.021191
0.021205
0.021218
0.021231
0.021724
0.021937
0.021969
0.021995
0.022022
0.022046
0.022070
0.022094
0.022118
0.022142
0.022166
0.044583
0.044794
0.044813
0.044830
0.044846
0.044862
0.044877
0.044893
0.044908
0.044923
0.044938
0.027920
0.028151
0.028181
0.028199
0.028217
0.028235
0.028254
0.028271
0.028288
0.028305
0.028323
0.023530
0.023741
0.023757
0.023769
0.023782
0.023797
0.023811
0.023824
0.023837
0.023850
0.023864
0.024378
0.024596
0.024614
0.024628
0.024642
0.024656
0.024669
0.024682
0.024695
0.024708
0.024721
0.028842
0.029046
0.029063
0.029077
0.029100
0.029113
0.029126
0.029139
0.029152
0.029167
0.029181
0.020909
0.021120
0.021137
0.021151
0.021165
0.021178
0.021192
0.021205
0.021218
0.021231
0.021244
0.021911
0.022120
0.022137
0.022152
0.022165
0.022179
0.022192
0.022204
0.022217
0.022230
0.022245
0.021019
0.021239
0.021258
0.021272
0.021286
0.021300
0.021313
0.021326
0.021339
0.021352
0.021365
0.021118
0.021324
0.021343
0.021359
0.021374
0.021389
0.021404
0.021419
0.021434
0.021450
0.021465
0.021045
0.021246
0.021265
0.021290
0.021305
0.021321
0.021336
0.021351
0.021365
0.021380
0.021397
0.045771
0.045979
0.045997
0.046013
0.046029
0.046044
0.046059
0.046073
0.046090
0.046107
0.046122
0.021889
0.022101
0.022120
0.022135
0.022151
0.022165
0.022180
0.022194
0.022209
0.022223
0.022240
0.023217
0.023429
0.023449
0.023466
0.023481
0.023497
0.023512
0.023527
0.023543
0.023560
0.023575
0.021941
0.022154
0.022174
0.022190
0.022206
0.022223
0.022238
0.022253
0.022268
0.022284
0.022298
0.021094
0.021296
0.021311
0.021324
0.021338
0.021352
0.021366
0.021379
0.021393
0.021406
0.021430
0.022104
0.022300
0.022316
0.022329
0.022352
0.022366
0.022379
0.022392
0.022405
0.022418
0.022431
0.021294
0.021512
0.021530
0.021543
0.021556
0.021570
0.021584
0.021597
0.021610
0.021623
0.021636
0.021126
0.021323
0.021340
0.021353
0.021377
0.021391
0.021404
0.021417
0.021431
0.021445
0.021458
0.021107
0.021304
0.021321
0.021334
0.021357
0.021375
0.021388
0.021401
0.021415
0.021430
0.021442
0.022042
0.022250
0.022271
0.022285
0.022299
0.022312
0.022325
0.022338
0.022351
0.022365
0.022398
0.045050
0.045258
0.045274
0.045289
0.045303
0.045317
0.045330
0.045343
0.045356
0.045370
0.045384
0.021137
0.021345
0.021362
0.021376
0.021390
0.021403
0.021417
0.021430
0.021443
0.021455
0.021468
0.021578
0.021771
0.021787
0.021801
0.021824
0.021837
0.021851
0.021864
0.021877
0.021890
0.021903
0.020910
0.021103
0.021129
0.021143
0.021156
0.021170
0.021183
0.021196
0.021209
0.021221
0.021235
0.020756
0.020963
0.020980
0.020994
0.021007
0.021020
0.021033
0.021046
0.021059
0.021072
0.021084
0.020978
0.021176
0.021194
0.021208
0.021222
0.021235
0.021249
0.021262
0.021275
0.021288
0.021301
0.021753
0.021958
0.021975
0.021989
0.022002
0.022015
0.022029
0.022042
0.022055
0.022068
0.022080
0.020827
0.021020
0.021047
0.021062
0.021075
0.021089
0.021102
0.021115
0.021128
0.021141
0.021154
0.020710
0.020909
0.020926
0.020941
0.020953
0.020967
0.020980
0.020993
0.021006
0.021019
0.021032
0.021293
0.021518
0.021536
0.021553
0.021569
0.021585
0.021600
0.021616
0.021631
0.021647
0.021663
0.044726
0.044937
0.044954
0.044969
0.044983
0.044996
0.045009
0.045022
0.045036
0.045048
0.045061
0.021573
0.021773
0.021789
0.021803
0.021826
0.021839
0.021853
0.021866
0.021880
0.021893
0.021906
0.021156
0.021368
0.021385
0.021399
0.021413
0.021426
0.021440
0.021452
0.021465
0.021478
0.021491
0.021593
0.021798
0.021815
0.021829
0.021842
0.021855
0.021868
0.021882
0.021895
0.021908
0.021921
0.020954
0.021161
0.021178
0.021192
0.021206
0.021219
0.021232
0.021245
0.021258
0.021271
0.021283
0.021060
0.021260
0.021278
0.021296
0.021310
0.021323
0.021336
0.021349
0.021362
0.021375
0.021389
0.020988
0.021178
0.021204
0.021219
0.021232
0.021245
0.021258
0.021271
0.021284
0.021297
0.021310
0.022525
0.022739
0.022756
0.022770
0.022784
0.022798
0.022811
0.022825
0.022838
0.022851
0.022864
0.021391
0.021589
0.021615
0.021629
0.021642
0.021656
0.021669
0.021682
0.021694
0.021707
0.021720
0.020720
0.020921
0.020940
0.020956
0.020973
0.020989
0.021005
0.021021
0.021036
0.021051
0.021067
0.043455
0.043657
0.043686
0.043703
0.043719
0.043735
0.043750
0.043766
0.043781
0.043797
0.043812
0.021843
0.022054
0.022075
0.022092
0.022109
0.022125
0.022141
0.022156
0.022172
0.022187
0.022203
0.021248
0.021479
0.021508
0.021527
0.021541
0.021569
0.021583
0.021596
0.021609
0.021622
0.021634
0.021819
0.022027
0.022044
0.022059
0.022073
0.022086
0.022099
0.022112
0.022125
0.022139
0.022152
0.021194
0.021405
0.021423
0.021437
0.021451
0.021464
0.021477
0.021491
0.021503
0.021517
0.021529
0.020702
0.020901
0.020918
0.020933
0.020946
0.020959
0.020973
0.020986
0.020999
0.021012
0.021025
0.021248
0.021448
0.021465
0.021479
0.021493
0.021506
0.021519
0.021532
0.021545
0.021558
0.021571
0.021412
0.021614
0.021631
0.021645
0.021659
0.021672
0.021686
0.021699
0.021712
0.021725
0.021738
0.020861
0.021063
0.021080
0.021095
0.021108
0.021121
0.021135
0.021148
0.021161
0.021174
0.021187
0.020769
0.020970
0.020988
0.021002
0.021015
0.021029
0.021042
0.021055
0.021069
0.021081
0.021094
0.044288
0.044486
0.044503
0.044517
0.044531
0.044545
0.044558
0.044581
0.044595
0.044609
0.044622
0.021465
0.021657
0.021683
0.021698
0.021712
0.021725
0.021738
0.021751
0.021764
0.021777
0.021790
0.021029
0.021232
0.021249
0.021263
0.021276
0.021289
0.021302
0.021315
0.021328
0.021342
0.021355
0.021602
0.021808
0.021826
0.021840
0.021854
0.021867
0.021881
0.021894
0.021906
0.021919
0.021932
0.020871
0.021068
0.021094
0.021109
0.021122
0.021135
0.021148
0.021162
0.021175
0.021188
0.021201
0.020817
0.021012
0.021038
0.021053
0.021066
0.021079
0.021092
0.021105
0.021119
0.021132
0.021144
0.020961
0.021165
0.021182
0.021196
0.021210
0.021223
0.021236
0.021250
0.021263
0.021276
0.021290
0.021825
0.022028
0.022046
0.022060
0.022074
0.022088
0.022101
0.022114
0.022128
0.022141
0.022154
0.021240
0.021451
0.021468
0.021482
0.021496
0.021510
0.021524
0.021537
0.021550
0.021563
0.021576
0.020682
0.020886
0.020904
0.020918
0.020931
0.020945
0.020958
0.020972
0.020985
0.020998
0.021011
0.045836
0.046053
0.046072
0.046098
0.046116
0.046134
0.046151
0.046168
0.046185
0.046201
0.046218
0.021959
0.022162
0.022179
0.022194
0.022207
0.022220
0.022233
0.022247
0.022259
0.022272
0.022285
0.021255
0.021451
0.021476
0.021491
0.021505
0.021518
0.021531
0.021545
0.021558
0.021571
0.021584
0.021246
0.021438
0.021464
0.021478
0.021492
0.021506
0.021518
0.021532
0.021545
0.021560
0.021574
0.021308
0.021504
0.021530
0.021545
0.021559
0.021573
0.021586
0.021599
0.021612
0.021625
0.021638
0.020681
0.020884
0.020901
0.020916
0.020929
0.020943
0.020956
0.020969
0.020983
0.020996
0.021008
0.021021
0.021223
0.021240
0.021254
0.021268
0.021281
0.021294
0.021307
0.021321
0.021334
0.021347
0.021641
0.021837
0.021875
0.021899
0.021925
0.021949
0.021973
0.021997
0.022021
0.022044
0.022068
0.021087
0.021303
0.021333
0.021358
0.021382
0.021407
0.021430
0.021454
0.021478
0.021502
0.021525
0.020752
0.020958
0.020983
0.021008
0.021034
0.021065
0.021090
0.021114
0.021137
0.021161
0.021185
0.043568
0.043774
0.043791
0.043805
0.043818
0.043831
0.043845
0.043858
0.043870
0.043883
0.043896
0.021705
0.021912
0.021929
0.021943
0.021957
0.021970
0.021984
0.021997
0.022010
0.022023
0.022037
0.020847
0.021041
0.021067
0.021082
0.021095
0.021108
0.021122
0.021135
0.021148
0.021161
0.021174
0.021592
0.021794
0.021811
0.021825
0.021839
0.021852
0.021865
0.021878
0.021892
0.021905
0.021919
0.020922
0.021125
0.021142
0.021156
0.021169
0.021182
0.021195
0.021208
0.021221
0.021234
0.021247
0.020624
0.020811
0.020838
0.020852
0.020865
0.020879
0.020892
0.020905
0.020918
0.020931
0.020944
0.021902
0.022101
0.022127
0.022141
0.022155
0.022168
0.022181
0.022194
0.022207
0.022220
0.022233
0.021610
0.021813
0.021830
0.021845
0.021859
0.021872
0.021886
0.021899
0.021912
0.021925
0.021938
0.020823
0.021027
0.021044
0.021058
0.021071
0.021085
0.021098
0.021111
0.021124
0.021137
0.021150
0.020706
0.020908
0.020925
0.020939
0.020953
0.020967
0.020980
0.020993
0.021006
0.021019
0.021032
0.043900
0.044116
0.044133
0.044147
0.044160
0.044174
0.044188
0.044200
0.044214
0.044226
0.044239
0.021723
0.021933
0.021962
0.021994
0.022017
0.022035
0.022056
0.022071
0.022084
0.022097
0.022110
0.020984
0.021188
0.021204
0.021219
0.021232
0.021245
0.021258
0.021272
0.021285
0.021298
0.021311
0.021805
0.022008
0.022025
0.022039
0.022053
0.022067
0.022080
0.022093
0.022105
0.022119
0.022131
0.020853
0.021054
0.021071
0.021086
0.021099
0.021112
0.021126
0.021138
0.021151
0.021164
0.021177
0.020725
0.020925
0.020942
0.020956
0.020970
0.020983
0.020997
0.021010
0.021023
0.021035
0.021048
0.021357
0.021561
0.021578
0.021592
0.021606
0.021619
0.021632
0.021645
0.021658
0.021671
0.021683
0.021791
0.021995
0.022013
0.022028
0.022041
0.022054
0.022067
0.022080
0.022094
0.022106
0.022119
0.021410
0.021618
0.021645
0.021660
0.021674
0.021688
0.021701
0.021714
0.021727
0.021740
0.021755
0.021141
0.021342
0.021359
0.021374
0.021387
0.021400
0.021413
0.021426
0.021439
0.021452
0.021465
0.043477
0.043678
0.043695
0.043709
0.043723
0.043736
0.043749
0.043762
0.043776
0.043789
0.043802
0.021829
0.022036
0.022053
0.022068
0.022082
0.022095
0.022108
0.022121
0.022135
0.022147
0.022160
0.020945
0.021148
0.021166
0.021180
0.021194
0.021207
0.021220
0.021233
0.021245
0.021258
0.021271
0.022745
0.022956
0.022974
0.022988
0.023001
0.023015
0.023028
0.023041
0.023054
0.023067
0.023080
0.021097
0.021309
0.021327
0.021342
0.021360
0.021374
0.021387
0.021400
0.021414
0.021427
0.021441
0.020675
0.020879
0.020896
0.020911
0.020924
0.020938
0.020951
0.020964
0.020977
0.020989
0.021002
0.021041
0.021251
0.021268
0.021282
0.021296
0.021309
0.021322
0.021335
0.021348
0.021361
0.021374
0.021470
0.021673
0.021690
0.021704
0.021718
0.021732
0.021745
0.021758
0.021770
0.021784
0.021797
0.020868
0.021073
0.021090
0.021104
0.021118
0.021131
0.021144
0.021158
0.021171
0.021184
0.021197
0.020700
0.020901
0.020918
0.020932
0.020946
0.020959
0.020972
0.020985
0.020998
0.021011
0.021029
0.044658
0.044860
0.044876
0.044890
0.044904
0.044917
0.044931
0.044944
0.044956
0.044970
0.044982
0.021768
0.021962
0.021988
0.022002
0.022016
0.022029
0.022042
0.022055
0.022068
0.022081
0.022094
0.020875
0.021079
0.021096
0.021110
0.021123
0.021137
0.021150
0.021163
0.021176
0.021189
0.021202
0.021747
0.021949
0.021966
0.021981
0.021994
0.022007
0.022020
0.022033
0.022046
0.022058
0.022072
0.020904
0.021105
0.021122
0.021137
0.021151
0.021164
0.021177
0.021191
0.021204
0.021222
0.021235
0.020650
0.020861
0.020878
0.020893
0.020906
0.020920
0.020933
0.020946
0.020958
0.020972
0.020984
0.021181
0.021382
0.021399
0.021413
0.021426
0.021439
0.021452
0.021466
0.021478
0.021491
0.021504
0.022096
0.022307
0.022324
0.022338
0.022352
0.022365
0.022378
0.022391
0.022404
0.022417
0.022429
0.020867
0.021075
0.021094
0.021108
0.021122
0.021135
0.021148
0.021162
0.021174
0.021188
0.021200
0.020904
0.021103
0.021120
0.021134
0.021147
0.021161
0.021174
0.021188
0.021200
0.021213
0.021226
0.044713
0.044905
0.044931
0.044945
0.044959
0.044972
0.044985
0.044998
0.045011
0.045023
0.045036
0.021204
0.021399
0.021425
0.021439
0.021452
0.021465
0.021478
0.021491
0.021504
0.021517
0.021530
0.020640
0.020832
0.020858
0.020872
0.020886
0.020898
0.020911
0.020925
0.020938
0.020950
0.020963
0.020779
0.020984
0.021001
0.021015
0.021029
0.021042
0.021055
0.021068
0.021081
0.021095
0.021108
0.021940
0.022140
0.022157
0.022171
0.022185
0.022198
0.022211
0.022224
0.022237
0.022249
0.022262
0.021122
0.021337
0.021354
0.021369
0.021382
0.021395
0.021409
0.021421
0.021435
0.021449
0.021462
0.020778
0.020985
0.021002
0.021016
0.021030
0.021043
0.021056
0.021069
0.021081
0.021094
0.021107
0.021311
0.021514
0.021531
0.021545
0.021559
0.021572
0.021585
0.021599
0.021612
0.021626
0.021639
0.022060
0.022280
0.022313
0.022340
0.022365
0.022390
0.022414
0.022438
0.022461
0.022485
0.022509
0.020972
0.021189
0.021217
0.021243
0.021266
0.021290
0.021315
0.021340
0.021364
0.021388
0.021412
0.044585
0.044794
0.044824
0.044857
0.044883
0.044906
0.044931
0.044955
0.044978
0.045002
0.045025
0.021942
0.022154
0.022182
0.022205
0.022230
0.022254
0.022278
0.022303
0.022326
0.022350
0.022374
0.020950
0.021164
0.021192
0.021217
0.021241
0.021266
0.021290
0.021313
0.021337
0.021360
0.021384
0.020919
0.021135
0.021167
0.021193
0.021220
0.021244
0.021267
0.021292
0.021316
0.021339
0.021363
0.021024
0.021239
0.021271
0.021296
0.021322
0.021345
0.021369
0.021392
0.021416
0.021439
0.021464
0.021762
0.021963
0.022004
0.022028
0.022054
0.022078
0.022102
0.022126
0.022150
0.022173
0.022197
0.020901
0.021101
0.021128
0.021161
0.021186
0.021210
0.021234
0.021258
0.021282
0.021306
0.021331
0.021583
0.021794
0.021825
0.021850
0.021875
0.021899
0.021924
0.021948
0.021971
0.021996
0.022019
0.021441
0.021648
0.021675
0.021700
0.021725
0.021748
0.021772
0.021796
0.021820
0.021843
0.021867
0.021911
0.022123
0.022152
0.022176
0.022201
0.022226
0.022250
0.022273
0.022297
0.022320
0.022345
0.044445
0.044658
0.044686
0.044710
0.044736
0.044760
0.044784
0.044808
0.044831
0.044855
0.044879
0.020943
0.021162
0.021194
0.021219
0.021246
0.021270
0.021294
0.021318
0.021342
0.021365
0.021389
0.021559
0.021776
0.021802
0.021827
0.021852
0.021876
0.021900
0.021924
0.021947
0.021972
0.021995
0.021122
0.021332
0.021369
0.021393
0.021418
0.021442
0.021466
0.021491
0.021514
0.021538
0.021562
0.020618
0.020843
0.020875
0.020901
0.020926
0.020950
0.020974
0.020998
0.021022
0.021046
0.021070
0.020884
0.021105
0.021137
0.021162
0.021188
0.021212
0.021236
0.021260
0.021284
0.021307
0.021331
0.021520
0.021736
0.021769
0.021795
0.021820
0.021845
0.021869
0.021894
0.021918
0.021941
0.021965
0.021010
0.021219
0.021248
0.021271
0.021296
0.021321
0.021345
0.021369
0.021392
0.021417
0.021441
0.020504
0.020717
0.020748
0.020773
0.020799
0.020823
0.020846
0.020870
0.020894
0.020918
0.020942
0.020633
0.020839
0.020880
0.020905
0.020930
0.020957
0.020975
0.020989
0.021003
0.021017
0.021030
0.043682
0.043890
0.043907
0.043921
0.043934
0.043948
0.043962
0.043975
0.043988
0.044002
0.044015
0.021353
0.021545
0.021572
0.021586
0.021600
0.021614
0.021627
0.021641
0.021653
0.021666
0.021679
0.021114
0.021319
0.021336
0.021350
0.021363
0.021377
0.021391
0.021404
0.021416
0.021430
0.021442
0.021006
0.021209
0.021226
0.021240
0.021254
0.021267
0.021281
0.021294
0.021306
0.021319
0.021332
0.021353
0.021544
0.021569
0.021583
0.021597
0.021611
0.021624
0.021637
0.021651
0.021663
0.021676
0.020542
0.020737
0.020763
0.020778
0.020791
0.020804
0.021092
0.021112
0.021127
0.021191
0.021206
0.020477
0.020683
0.020700
0.020715
0.020728
0.020741
0.020754
0.020767
0.020780
0.020793
0.020806
0.021499
0.021694
0.021720
0.021734
0.021747
0.021761
0.021774
0.021787
0.021800
0.021812
0.021825
0.021488
0.021691
0.021708
0.021722
0.021736
0.021749
0.021763
0.021776
0.021789
0.021802
0.021815
0.021241
0.021498
0.021525
0.021549
0.021754
0.021770
0.021833
0.021849
0.021862
0.021876
0.021888
0.044302
0.044504
0.044521
0.044536
0.044549
0.044563
0.044576
0.044589
0.044602
0.044615
0.044628
0.021772
0.021968
0.021994
0.022008
0.022022
0.022035
0.022048
0.022062
0.022075
0.022088
0.022101
0.021218
0.021688
0.021707
0.021721
0.021734
0.021748
0.021761
0.021774
0.021786
0.021799
0.021812
0.021374
0.021569
0.021585
0.021609
0.021623
0.021636
0.021649
0.021662
0.021675
0.021688
0.021701
0.021926
0.022131
0.022148
0.022162
0.022175
0.022188
0.022202
0.022215
0.022228
0.022241
0.022254
0.021964
0.022155
0.022171
0.022185
0.022208
0.022222
0.022235
0.022248
0.022261
0.022275
0.022288
0.021709
0.021914
0.021931
0.021945
0.021958
0.021972
0.021985
0.021998
0.022011
0.022023
0.022036
0.021176
0.021379
0.021395
0.021409
0.021423
0.021436
0.021450
0.021463
0.021476
0.021489
0.021502
0.021265
0.021457
0.021483
0.021497
0.021511
0.021524
0.021537
0.021550
0.021563
0.021576
0.021589
0.022449
0.022658
0.022675
0.022689
0.022703
0.022717
0.022729
0.022743
0.022757
0.022770
0.022783
0.044373
0.044582
0.044599
0.044613
0.044626
0.044640
0.044653
0.044666
0.044679
0.044692
0.044704
0.021422
0.021624
0.021641
0.021656
0.021669
0.021683
0.021696
0.021710
0.021724
0.021737
0.021750
0.021309
0.021512
0.021528
0.021543
0.021556
0.021569
0.021581
0.021595
0.021607
0.021620
0.021633
0.021284
0.021482
0.021508
0.021523
0.021536
0.021550
0.021564
0.021577
0.021590
0.021603
0.021616
0.020597
0.020788
0.020804
0.020818
0.020840
0.020854
0.020867
0.020880
0.020893
0.020906
0.020920
0.021619
0.021854
0.021872
0.021886
0.021900
0.021914
0.021928
0.021941
0.021955
0.021968
0.021981
0.021103
0.021309
0.021326
0.021340
0.021354
0.021367
0.021380
0.021393
0.021406
0.021419
0.021432
0.021593
0.021795
0.021812
0.021827
0.021841
0.021854
0.021868
0.021881
0.021894
0.021908
0.021920
0.020512
0.020701
0.020727
0.020741
0.020755
0.020768
0.020782
0.020795
0.020808
0.020821
0.020833
0.020731
0.020939
0.020955
0.020970
0.020984
0.020997
0.021013
0.021030
0.021047
0.021062
0.021078
0.048550
0.048775
0.048795
0.048812
0.048829
0.048845
0.048861
0.048877
0.048892
0.048908
0.048923
0.022344
0.022561
0.022579
0.022593
0.022607
0.022621
0.022634
0.022647
0.022660
0.022673
0.022686
0.021333
0.021545
0.021562
0.021576
0.021590
0.021603
0.021623
0.021636
0.021649
0.021662
0.021675
0.021490
0.021702
0.021719
0.021733
0.021747
0.021760
0.021773
0.021785
0.021798
0.021811
0.021824
0.021325
0.021531
0.021548
0.021562
0.021575
0.021589
0.021602
0.021615
0.021628
0.021641
0.021654
0.020638
0.020832
0.020858
0.020873
0.020886
0.020900
0.020913
0.020926
0.020939
0.020952
0.020965
0.021611
0.021812
0.021828
0.021843
0.021856
0.021869
0.021883
0.021896
0.021910
0.021923
0.021937
0.021337
0.021540
0.021581
0.021606
0.021632
0.021657
0.021681
0.021704
0.021729
0.021752
0.021776
0.021662
0.021864
0.021897
0.021921
0.021945
0.021977
0.022001
0.022024
0.022048
0.022072
0.022095
0.020827
0.021030
0.021415
0.021441
0.021467
0.021491
0.021515
0.021539
0.021563
0.021586
0.021610
0.044965
0.045175
0.045216
0.045240
0.045265
0.045289
0.045313
0.045337
0.045362
0.045386
0.045410
0.021670
0.021874
0.021905
0.021938
0.021965
0.021988
0.022013
0.022038
0.022061
0.022085
0.022108
0.021043
0.021245
0.021271
0.021303
0.021328
0.021535
0.021611
0.021635
0.021660
0.021683
0.021707
0.020733
0.020952
0.020983
0.021008
0.021034
0.021057
0.021081
0.021105
0.021129
0.021153
0.021176
0.021047
0.021269
0.021293
0.021308
0.021322
0.021336
0.021350
0.021363
0.021377
0.021390
0.021403
0.021318
0.021514
0.021541
0.021573
0.021598
0.021621
0.021645
0.021668
0.021692
0.021714
0.021739
0.021764
0.021985
0.022021
0.022044
0.022069
0.022093
0.022117
0.022141
0.022165
0.022189
0.022212
0.020433
0.020623
0.020656
0.020681
0.020706
0.020729
0.020753
0.020777
0.020801
0.020824
0.020848
0.021214
0.021419
0.021445
0.021471
0.021496
0.021521
0.021545
0.021569
0.021593
0.021617
0.021640
0.021512
0.021719
0.021746
0.021770
0.021795
0.021818
0.021842
0.021866
0.021890
0.021914
0.021937
0.045494
0.045702
0.045731
0.045754
0.045788
0.045812
0.045836
0.045860
0.045883
0.045907
0.045930
0.022188
0.022390
0.022424
0.022450
0.022475
0.022499
0.022523
0.022547
0.022571
0.022594
0.022617
0.021401
0.021597
0.021624
0.021638
0.021652
0.021665
0.021679
0.021691
0.021704
0.021717
0.021730
0.021113
0.021331
0.021367
0.021387
0.021402
0.021415
0.021429
0.021442
0.021455
0.021468
0.021481
0.024935
0.025146
0.025163
0.025177
0.025191
0.025204
0.025217
0.025231
0.025244
0.025256
0.025269
0.021010
0.021219
0.021236
0.021250
0.021264
0.021277
0.021290
0.021303
0.021317
0.021329
0.021343
0.020872
0.021069
0.021086
0.021101
0.021114
0.021127
0.021140
0.021153
0.021166
0.021179
0.021191
0.021923
0.022133
0.022171
0.022197
0.022222
0.022245
0.022270
0.022294
0.022317
0.022341
0.022365
0.022732
0.022959
0.022990
0.023024
0.023048
0.023073
0.023096
0.023120
0.023143
0.023166
0.023190
0.021446
0.021655
0.021672
0.021686
0.021699
0.021713
0.021726
0.021739
0.021753
0.021767
0.021780
0.043626
0.043820
0.043846
0.043860
0.043873
0.043887
0.043900
0.043913
0.043926
0.043938
0.043951
0.021858
0.022051
0.022066
0.022079
0.022102
0.022115
0.022129
0.022142
