1.832501
0.036493
0.036763
0.036791
0.036807
0.036822
0.036836
0.036850
0.036865
0.036879
0.036893
0.036908
0.029061
0.029294
0.029310
0.029322
0.029349
0.029364
0.029378
0.029392
0.029405
0.029419
0.029432
0.028203
0.028427
0.028453
0.028469
0.028483
0.028497
0.028510
0.028524
0.028537
0.028550
0.028564
0.030113
0.030341
0.030358
0.030372
0.030386
0.030399
0.030413
0.030426
0.030439
0.030452
0.030465
0.028197
0.028430
0.028448
0.028462
0.028476
0.028490
0.028503
0.028517
0.028530
0.028544
0.028557
0.027665
0.027888
0.027905
0.027920
0.027934
0.027948
0.027961
0.027975
0.027988
0.028001
0.028014
0.028560
0.028789
0.028806
0.028821
0.028834
0.028847
0.028864
0.028877
0.028890
0.028903
0.028916
0.028437
0.028664
0.028682
0.028696
0.028710
0.028724
0.028737
0.028751
0.028763
0.028776
0.028790
0.026743
0.026960
0.026986
0.027000
0.027013
0.027027
0.027040
0.027054
0.027067
0.027080
0.027093
0.051667
0.051895
0.051912
0.051926
0.051940
0.051954
0.051967
0.051983
0.051996
0.052009
0.052022
0.028091
0.028311
0.028338
0.028352
0.028366
0.028379
0.028392
0.028405
0.028418
0.028431
0.028444
0.027460
0.027691
0.027709
0.027722
0.027736
0.027751
0.027765
0.027777
0.027790
0.027803
0.027816
0.027403
0.027630
0.027646
0.027660
0.027674
0.027687
0.027700
0.027713
0.027726
0.027740
0.027753
0.027884
0.028113
0.028130
0.028145
0.028158
0.028174
0.028187
0.028200
0.028214
0.028227
0.028240
0.026994
0.027221
0.027239
0.027254
0.027267
0.027281
0.027295
0.027309
0.027322
0.027335
0.027349
0.026509
0.026730
0.026746
0.026760
0.026774
0.026787
0.026800
0.026813
0.026828
0.026840
0.026853
0.028233
0.028457
0.028475
0.028490
0.028504
0.028517
0.028531
0.028544
0.028557
0.028570
0.028583
0.027576
0.027804
0.027821
0.027835
0.027849
0.027862
0.027876
0.027889
0.027902
0.027915
0.027928
0.027828
0.028044
0.028070
0.028088
0.028101
0.028115
0.028128
0.028141
0.028154
0.028167
0.028181
0.053283
0.053506
0.053523
0.053537
0.053551
0.053564
0.053577
0.053595
0.053610
0.053623
0.053636
0.036124
0.036381
0.036412
0.036431
0.036448
0.036466
0.036484
0.036501
0.036519
0.036536
0.036554
0.030097
0.030327
0.030347
0.030361
0.030374
0.030387
0.030400
0.030413
0.030426
0.030439
0.030452
0.028815
0.029043
0.029060
0.029074
0.029087
0.029100
0.029113
0.029126
0.029139
0.029151
0.029164
0.027555
0.027779
0.027796
0.027811
0.027824
0.027838
0.027852
0.027865
0.027879
0.027892
0.027905
0.027769
0.027997
0.028014
0.028028
0.028043
0.028059
0.028075
0.028093
0.028109
0.028125
0.028140
0.027937
0.028167
0.028187
0.028204
0.028220
0.028236
0.028253
0.028270
0.028286
0.028301
0.028317
0.026438
0.026665
0.026686
0.026704
0.026720
0.026736
0.026752
0.026768
0.026784
0.026799
0.026815
0.029047
0.029279
0.029300
0.029318
0.029336
0.029352
0.029368
0.029383
0.029400
0.029416
0.029431
0.027286
0.027520
0.027541
0.027557
0.027574
0.027591
0.027607
0.027622
0.027638
0.027654
0.027670
0.053605
0.053836
0.053856
0.053872
0.053888
0.053904
0.053919
0.053934
0.053949
0.053964
0.053978
0.028037
0.028270
0.028290
0.028307
0.028324
0.028339
0.028355
0.028371
0.028387
0.028403
0.028419
0.027917
0.028137
0.028167
0.028183
0.028199
0.028215
0.028231
0.028246
0.028262
0.028277
0.028292
0.027482
0.027708
0.027731
0.027748
0.027765
0.027780
0.027797
0.027812
0.027828
0.027844
0.027860
0.027703
0.027935
0.027955
0.027972
0.027989
0.028004
0.028020
0.028036
0.028052
0.028067
0.028083
0.027084
0.027315
0.027332
0.027346
0.027360
0.027373
0.027386
0.027399
0.027413
0.027426
0.027439
0.026957
0.027186
0.027203
0.027217
0.027231
0.027244
0.027257
0.027271
0.027283
0.027297
0.027309
0.028555
0.028782
0.028799
0.028814
0.028827
0.028841
0.028855
0.028868
0.028881
0.028897
0.028910
0.027841
0.028066
0.028084
0.028098
0.028111
0.028125
0.028138
0.028151
0.028164
0.028177
0.028190
0.027374
0.027590
0.027616
0.027630
0.027643
0.027657
0.027671
0.027684
0.027697
0.027710
0.027723
0.054662
0.054874
0.054900
0.054914
0.054928
0.054941
0.054954
0.054967
0.054980
0.054993
0.055006
0.028910
0.029137
0.029154
0.029168
0.029182
0.029196
0.029209
0.029222
0.029235
0.029248
0.029261
0.028031
0.028255
0.028273
0.028287
0.028300
0.028314
0.028327
0.028340
0.028353
0.028366
0.028378
0.027839
0.028066
0.028083
0.028098
0.028111
0.028125
0.028138
0.028151
0.028164
0.028177
0.028190
0.028368
0.028584
0.028601
0.028615
0.028638
0.028651
0.028665
0.028678
0.028692
0.028705
0.028718
0.027567
0.027800
0.027818
0.027833
0.027846
0.027859
0.027873
0.027886
0.027899
0.027912
0.027925
0.029493
0.029720
0.029739
0.029753
0.029767
0.029781
0.029794
0.029808
0.029821
0.029834
0.029847
0.027884
0.028111
0.028128
0.028142
0.028157
0.028170
0.028184
0.028197
0.028211
0.028224
0.028237
0.027958
0.028187
0.028204
0.028218
0.028232
0.028245
0.028258
0.028271
0.028284
0.028300
0.028313
0.028033
0.028263
0.028280
0.028295
0.028309
0.028322
0.028336
0.028349
0.028362
0.028376
0.028388
0.054213
0.054443
0.054461
0.054475
0.054489
0.054502
0.054515
0.054528
0.054541
0.054554
0.054568
0.029459
0.029685
0.029703
0.029717
0.029736
0.029749
0.029763
0.029776
0.029789
0.029802
0.029816
0.028190
0.028406
0.028422
0.028436
0.028459
0.028472
0.028485
0.028498
0.028512
0.028525
0.028538
0.028007
0.028222
0.028248
0.028262
0.028275
0.028289
0.028302
0.028315
0.028328
0.028342
0.028354
0.028326
0.028549
0.028567
0.028581
0.028594
0.028608
0.028621
0.028635
0.028648
0.028661
0.028675
0.028214
0.028442
0.028459
0.028474
0.028491
0.028504
0.028518
0.028531
0.028545
0.028558
0.028571
0.030730
0.030956
0.030974
0.030988
0.031002
0.031015
0.031028
0.031042
0.031055
0.031068
0.031081
0.028718
0.028935
0.028963
0.028977
0.028991
0.029004
0.029017
0.029031
0.029044
0.029057
0.029070
0.028203
0.028430
0.028448
0.028462
0.028476
0.028489
0.028503
0.028517
0.028530
0.028543
0.028555
0.028539
0.028772
0.028790
0.028805
0.028818
0.028831
0.028844
0.028858
0.028871
0.028884
0.028897
0.057083
0.057313
0.057331
0.057345
0.057359
0.057373
0.057386
0.057400
0.057412
0.057426
0.057439
0.030208
0.030439
0.030456
0.030470
0.030484
0.030497
0.030511
0.030524
0.030537
0.030550
0.030563
0.029140
0.029375
0.029393
0.029407
0.029421
0.029435
0.029448
0.029461
0.029478
0.029491
0.029505
0.029022
0.029254
0.029272
0.029286
0.029300
0.029313
0.029326
0.029340
0.029352
0.029366
0.029379
0.028607
0.028827
0.028845
0.028859
0.028873
0.028886
0.028899
0.028913
0.028926
0.028939
0.028952
0.030689
0.030918
0.030936
0.030951
0.030964
0.030977
0.030990
0.031004
0.031017
0.031030
0.031043
0.029504
0.029732
0.029750
0.029764
0.029778
0.029791
0.029804
0.029818
0.029831
0.029844
0.029857
0.029024
0.029241
0.029258
0.029271
0.029294
0.029307
0.029320
0.029333
0.029346
0.029359
0.029372
0.028507
0.028729
0.028747
0.028761
0.028775
0.028788
0.028802
0.028815
0.028828
0.028841
0.028854
0.030779
0.031005
0.031023
0.031037
0.031051
0.031064
0.031078
0.031091
0.031104
0.031117
0.031130
0.057009
0.057236
0.057253
0.057268
0.057281
0.057295
0.057308
0.057321
0.057334
0.057347
0.057360
0.030328
0.030556
0.030575
0.030589
0.030603
0.030616
0.030629
0.030643
0.030656
0.030669
0.030682
0.029589
0.029816
0.029834
0.029849
0.029862
0.029876
0.029889
0.029903
0.029916
0.029929
0.029943
0.029203
0.029432
0.029449
0.029464
0.029478
0.029492
0.029505
0.029518
0.029531
0.029545
0.029558
0.028327
0.028558
0.028576
0.028590
0.028604
0.028617
0.028631
0.028644
0.028656
0.028669
0.028682
0.030964
0.031188
0.031206
0.031220
0.031234
0.031247
0.031261
0.031274
0.031288
0.031301
0.031314
0.030462
0.030689
0.030706
0.030720
0.030733
0.030747
0.030760
0.030773
0.030786
0.030799
0.030812
0.029567
0.029790
0.029807
0.029822
0.029835
0.029848
0.029861
0.029875
0.029888
0.029902
0.029914
0.028744
0.028973
0.028991
0.029005
0.029018
0.029032
0.029045
0.029058
0.029071
0.029084
0.029097
0.028177
0.028401
0.028418
0.028436
0.028450
0.028464
0.028478
0.028491
0.028504
0.028517
0.028530
0.056899
0.057120
0.057137
0.057150
0.057174
0.057189
0.057202
0.057215
0.057228
0.057241
0.057254
0.030386
0.030616
0.030647
0.030680
0.030706
0.030731
0.030755
0.030779
0.030803
0.030826
0.030850
0.028683
0.028910
0.028928
0.028941
0.028955
0.028969
0.028981
0.028995
0.029008
0.029021
0.029034
0.028469
0.028697
0.028716
0.028730
0.028744
0.028758
0.028771
0.028784
0.028797
0.028811
0.028824
0.028080
0.028337
0.028370
0.028396
0.028422
0.028446
0.028471
0.028495
0.028518
0.028542
0.028566
0.029866
0.030101
0.030135
0.030161
0.030190
0.030217
0.030242
0.030266
0.030291
0.030314
0.030338
0.028945
0.029187
0.029216
0.029242
0.029267
0.029291
0.029316
0.029340
0.029364
0.029387
0.029410
0.028406
0.028635
0.028656
0.028672
0.028689
0.028705
0.028721
0.028738
0.028754
0.028770
0.028786
0.027966
0.028195
0.028215
0.028233
0.028250
0.028266
0.028282
0.028299
0.028315
0.028331
0.028346
0.029771
0.030005
0.030024
0.030041
0.030058
0.030074
0.030089
0.030105
0.030120
0.030136
0.030152
0.061694
0.061926
0.061944
0.061958
0.061972
0.061985
0.061999
0.062012
0.062025
0.062038
0.062052
0.029317
0.029548
0.029565
0.029580
0.029593
0.029607
0.029620
0.029633
0.029646
0.029660
0.029673
0.029122
0.029355
0.029372
0.029386
0.029399
0.029413
0.029426
0.029439
0.029452
0.029465
0.029479
0.028141
0.028377
0.028394
0.028409
0.028423
0.028436
0.028450
0.028464
0.028477
0.028490
0.028503
0.028155
0.028374
0.028400
0.028414
0.028428
0.028441
0.028454
0.028466
0.028479
0.028493
0.028506
0.029160
0.029383
0.029400
0.029415
0.029428
0.029442
0.029455
0.029469
0.029482
0.029495
0.029508
0.028056
0.028283
0.028301
0.028315
0.028329
0.028342
0.028355
0.028368
0.028382
0.028395
0.028408
0.029159
0.029385
0.029402
0.029416
0.029430
0.029444
0.029457
0.029470
0.029484
0.029497
0.029510
0.028326
0.028546
0.028573
0.028588
0.028601
0.028615
0.028628
0.028642
0.028655
0.028668
0.028681
0.029990
0.030220
0.030238
0.030253
0.030266
0.030280
0.030293
0.030306
0.030319
0.030332
0.030345
0.055053
0.055278
0.055295
0.055310
0.055323
0.055336
0.055350
0.055364
0.055376
0.055389
0.055402
0.029736
0.029967
0.029984
0.029999
0.030012
0.030026
0.030039
0.030052
0.030066
0.030079
0.030092
0.029012
0.029244
0.029261
0.029275
0.029289
0.029302
0.029315
0.029329
0.029342
0.029358
0.029371
0.028217
0.028446
0.028464
0.028478
0.028491
0.028505
0.028518
0.028531
0.028544
0.028558
0.028570
0.028911
0.029137
0.029155
0.029169
0.029183
0.029197
0.029210
0.029223
0.029236
0.029249
0.029262
0.029895
0.030123
0.030141
0.030155
0.030169
0.030183
0.030196
0.030210
0.030223
0.030236
0.030249
0.028165
0.028393
0.028410
0.028425
0.028439
0.028452
0.028465
0.028479
0.028491
0.028504
0.028517
0.027615
0.027844
0.027861
0.027875
0.027889
0.027902
0.027915
0.027929
0.027942
0.027954
0.027967
0.028290
0.028517
0.028534
0.028549
0.028563
0.028576
0.028589
0.028603
0.028616
0.028629
0.028642
0.028123
0.028352
0.028379
0.028405
0.028429
0.028457
0.028482
0.028506
0.028530
0.028554
0.028578
0.056870
0.057097
0.057128
0.057163
0.057188
0.057213
0.057237
0.057261
0.057285
0.057308
0.057332
0.028859
0.029099
0.029127
0.029154
0.029178
0.029204
0.029228
0.029253
0.029277
0.029301
0.029324
0.029409
0.029656
0.029683
0.029709
0.029735
0.029760
0.029783
0.029808
0.029831
0.029855
0.029878
0.028485
0.028714
0.028751
0.028776
0.028801
0.028826
0.028850
0.028875
0.028899
0.028923
0.028947
0.028592
0.028832
0.028867
0.028892
0.028918
0.028942
0.028967
0.028991
0.029015
0.029039
0.029063
0.029456
0.029699
0.029732
0.029757
0.029783
0.029808
0.029832
0.029856
0.029880
0.029904
0.029928
0.028959
0.029195
0.029228
0.029254
0.029280
0.029306
0.029331
0.029355
0.029379
0.029402
0.029426
0.029446
0.029679
0.029701
0.029723
0.029747
0.029771
0.029795
0.029819
0.029843
0.029867
0.029891
0.028845
0.029075
0.029103
0.029128
0.029157
0.029182
0.029207
0.029231
0.029255
0.029278
0.029302
0.029754
0.029996
0.030029
0.030056
0.030082
0.030107
0.030131
0.030156
0.030180
0.030204
0.030229
0.054578
0.054808
0.054832
0.054856
0.054880
0.054905
0.054929
0.054953
0.054976
0.055000
0.055023
0.029772
0.030000
0.030028
0.030054
0.030078
0.030103
0.030128
0.030151
0.030176
0.030200
0.030224
0.028519
0.028750
0.028774
0.028798
0.028822
0.028846
0.028870
0.028894
0.028919
0.028943
0.028967
0.028247
0.028483
0.028512
0.028540
0.028565
0.028591
0.028615
0.028639
0.028663
0.028688
0.028712
0.028157
0.028401
0.028430
0.028464
0.028489
0.028513
0.028537
0.028561
0.028585
0.028609
0.028632
0.029800
0.030038
0.030071
0.030097
0.030124
0.030148
0.030173
0.030197
0.030221
0.030244
0.030269
0.028481
0.028723
0.028751
0.028778
0.028803
0.028828
0.028852
0.028876
0.028901
0.028925
0.028948
0.028193
0.028422
0.028450
0.028486
0.028511
0.028536
0.028561
0.028585
0.028609
0.028632
0.028656
0.028176
0.028430
0.028461
0.028485
0.028509
0.028534
0.028558
0.028582
0.028606
0.028629
0.028653
0.032503
0.032752
0.032781
0.032809
0.032835
0.032861
0.032886
0.032911
0.032935
0.032960
0.032983
0.056029
0.056274
0.056307
0.056330
0.056355
0.056379
0.056403
0.056426
0.056450
0.056473
0.056497
0.030110
0.030354
0.030393
0.030419
0.030445
0.030469
0.030494
0.030519
0.030542
0.030566
0.030591
0.029771
0.030006
0.030034
0.030059
0.030083
0.030107
0.030132
0.030156
0.030179
0.030204
0.030227
0.029757
0.029984
0.030016
0.030049
0.030075
0.030099
0.030123
0.030148
0.030172
0.030195
0.030220
0.028371
0.028608
0.028637
0.028665
0.028691
0.028716
0.028740
0.028764
0.028788
0.028812
0.028836
0.028364
0.028591
0.028631
0.028656
0.028681
0.028706
0.028730
0.028755
0.028779
0.028803
0.028827
0.028283
0.028523
0.028551
0.028575
0.028600
0.028624
0.028648
0.028672
0.028696
0.028720
0.028744
0.030198
0.030443
0.030476
0.030502
0.030527
0.030551
0.030576
0.030599
0.030623
0.030647
0.030670
0.028507
0.028730
0.028749
0.028775
0.028791
0.028807
0.028823
0.028839
0.028855
0.028872
0.028887
0.027957
0.028201
0.028222
0.028239
0.028255
0.028271
0.028287
0.028303
0.028318
0.028334
0.028349
0.055030
0.055262
0.055282
0.055298
0.055314
0.055329
0.055345
0.055360
0.055376
0.055391
0.055406
0.029465
0.029699
0.029719
0.029737
0.029754
0.029771
0.029787
0.029802
0.029818
0.029833
0.029849
0.028843
0.029077
0.029097
0.029113
0.029129
0.029145
0.029160
0.029176
0.029192
0.029208
0.029223
0.028639
0.028874
0.028904
0.028920
0.028937
0.028954
0.028970
0.028987
0.029002
0.029018
0.029033
0.028361
0.028586
0.028615
0.028632
0.028650
0.028666
0.028683
0.028698
0.028714
0.028729
0.028745
0.029366
0.029601
0.029622
0.029639
0.029655
0.029671
0.029686
0.029703
0.029719
0.029735
0.029749
0.028416
0.028662
0.028689
0.028704
0.028718
0.028732
0.028745
0.028758
0.028771
0.028783
0.028796
0.029165
0.029385
0.029412
0.029427
0.029441
0.029454
0.029467
0.029480
0.029494
0.029507
0.029520
0.028203
0.028437
0.028454
0.028468
0.028482
0.028495
0.028508
0.028522
0.028535
0.028548
0.028561
0.029568
0.029794
0.029812
0.029826
0.029840
0.029853
0.029866
0.029879
0.029891
0.029904
0.029917
0.054825
0.055052
0.055069
0.055083
0.055097
0.055110
0.055123
0.055136
0.055149
0.055162
0.055175
0.029777
0.029992
0.030019
0.030034
0.030047
0.030061
0.030075
0.030088
0.030101
0.030114
0.030127
0.029180
0.029410
0.029427
0.029441
0.029455
0.029468
0.029481
0.029494
0.029507
0.029520
0.029533
0.028597
0.028840
0.028870
0.028897
0.028924
0.028950
0.028975
0.028998
0.029023
0.029047
0.029070
0.028425
0.028659
0.028687
0.028712
0.028736
0.028760
0.028784
0.028808
0.028832
0.028856
0.028880
0.029748
0.029981
0.030009
0.030033
0.030058
0.030083
0.030107
0.030130
0.030154
0.030178
0.030202
0.028662
0.028894
0.028917
0.028939
0.028964
0.028988
0.029012
0.029037
0.029060
0.029083
0.029107
0.028680
0.028909
0.028932
0.028955
0.028980
0.029004
0.029028
0.029053
0.029076
0.029100
0.029125
0.028477
0.028712
0.028740
0.028765
0.028791
0.028815
0.028840
0.028864
0.028888
0.028917
0.028939
0.029660
0.029880
0.029916
0.029941
0.029967
0.029991
0.030015
0.030040
0.030064
0.030088
0.030112
0.054775
0.055002
0.055026
0.055050
0.055075
0.055099
0.055124
0.055148
0.055171
0.055196
0.055219
0.029710
0.029943
0.029971
0.029996
0.030021
0.030045
0.030069
0.030093
0.030118
0.030142
0.030166
0.028428
0.028663
0.028686
0.028708
0.028732
0.028757
0.028781
0.028805
0.028829
0.028853
0.028877
0.028670
0.028910
0.028938
0.028965
0.028992
0.029017
0.029042
0.029067
0.029091
0.029114
0.029138
0.028931
0.029162
0.029191
0.029214
0.029239
0.029263
0.029287
0.029310
0.029334
0.029358
0.029382
0.031520
0.031760
0.031792
0.031818
0.031843
0.031868
0.031894
0.031917
0.031941
0.031965
0.031988
0.029019
0.029248
0.029265
0.029279
0.029292
0.029306
0.029319
0.029332
0.029345
0.029358
0.029371
0.028451
0.028681
0.028699
0.028713
0.028732
0.028745
0.028759
0.028773
0.028786
0.028799
0.028812
0.028700
0.028928
0.028945
0.028960
0.028973
0.028986
0.029000
0.029013
0.029026
0.029039
0.029052
0.029687
0.029924
0.029942
0.029957
0.029971
0.029984
0.029997
0.030010
0.030024
0.030037
0.030049
0.055224
0.055444
0.055465
0.055492
0.055508
0.055525
0.055541
0.055557
0.055573
0.055588
0.055603
0.029673
0.029900
0.029918
0.029932
0.029946
0.029959
0.029972
0.029985
0.029998
0.030012
0.030024
0.028972
0.029204
0.029222
0.029235
0.029249
0.029262
0.029276
0.029289
0.029302
0.029315
0.029328
0.028599
0.028830
0.028848
0.028863
0.028877
0.028890
0.028903
0.028917
0.028930
0.028943
0.028956
0.028593
0.028811
0.028828
0.028841
0.028865
0.028878
0.028892
0.028905
0.028918
0.028932
0.028944
0.029400
0.029629
0.029647
0.029661
0.029675
0.029688
0.029701
0.029715
0.029728
0.029741
0.029753
0.028918
0.029150
0.029170
0.029186
0.029204
0.029220
0.029236
0.029252
0.029269
0.029284
0.029300
0.028702
0.028936
0.028956
0.028973
0.028990
0.029006
0.029023
0.029039
0.029055
0.029071
0.029087
0.028416
0.028649
0.028670
0.028687
0.028704
0.028720
0.028736
0.028751
0.028768
0.028784
0.028800
0.029648
0.029881
0.029902
0.029920
0.029936
0.029952
0.029968
0.029983
0.029999
0.030014
0.030030
0.055429
0.055655
0.055676
0.055693
0.055709
0.055725
0.055742
0.055758
0.055774
0.055790
0.055805
0.030315
0.030537
0.030556
0.030583
0.030600
0.030615
0.030631
0.030647
0.030663
0.030678
0.030694
0.029789
0.030017
0.030037
0.030054
0.030070
0.030087
0.030102
0.030119
0.030135
0.030151
0.030166
0.029246
0.029484
0.029503
0.029520
0.029536
0.029552
0.029568
0.029584
0.029599
0.029615
0.029630
0.028577
0.028811
0.028832
0.028850
0.028867
0.028885
0.028902
0.028918
0.028935
0.028951
0.028966
0.030419
0.030650
0.030668
0.030682
0.030696
0.030709
0.030722
0.030736
0.030749
0.030762
0.030776
0.029127
0.029356
0.029373
0.029387
0.029401
0.029415
0.029428
0.029442
0.029454
0.029468
0.029480
0.028881
0.029109
0.029127
0.029142
0.029156
0.029170
0.029183
0.029197
0.029210
0.029223
0.029236
0.028618
0.028844
0.028861
0.028875
0.028889
0.028906
0.028919
0.028933
0.028946
0.028959
0.028972
0.030312
0.030543
0.030561
0.030576
0.030590
0.030603
0.030616
0.030629
0.030642
0.030655
0.030668
0.058476
0.058706
0.058723
0.058738
0.058752
0.058765
0.058779
0.058792
0.058805
0.058818
0.058831
0.029700
0.029928
0.029945
0.029959
0.029973
0.029987
0.030000
0.030013
0.030026
0.030039
0.030052
0.028718
0.028947
0.028965
0.028979
0.028993
0.029006
0.029020
0.029033
0.029046
0.029059
0.029072
0.028745
0.028975
0.028993
0.029007
0.029021
0.029034
0.029047
0.029060
0.029073
0.029087
0.029100
0.028601
0.028828
0.028846
0.028860
0.028874
0.028887
0.028901
0.028914
0.028927
0.028940
0.028953
0.030296
0.030525
0.030542
0.030557
0.030571
0.030584
0.030597
0.030611
0.030624
0.030637
0.030650
0.029007
0.029243
0.029263
0.029279
0.029296
0.029312
0.029328
0.029344
0.029360
0.029375
0.029391
0.028208
0.028442
0.028462
0.028478
0.028494
0.028510
0.028525
0.028541
0.028556
0.028571
0.028586
0.028715
0.028950
0.028970
0.028987
0.029005
0.029022
0.029038
0.029053
0.029069
0.029084
0.029100
0.029310
0.029539
0.029560
0.029577
0.029594
0.029609
0.029625
0.029641
0.029656
0.029671
0.029687
0.056108
0.056340
0.056360
0.056377
0.056393
0.056409
0.056425
0.056440
0.056456
0.056471
0.056487
0.030618
0.030847
0.030864
0.030879
0.030893
0.030906
0.030920
0.030933
0.030947
0.030960
0.030973
0.029454
0.029683
0.029701
0.029715
0.029728
0.029742
0.029755
0.029768
0.029781
0.029794
0.029807
0.028657
0.028889
0.028906
0.028920
0.028934
0.028948
0.028960
0.028974
0.028988
0.029001
0.029014
0.029241
0.029470
0.029487
0.029502
0.029516
0.029529
0.029542
0.029556
0.029569
0.029582
0.029595
0.030776
0.030992
0.031019
0.031033
0.031047
0.031060
0.031074
0.031087
0.031100
0.031113
0.031127
0.029195
0.029413
0.029440
0.029455
0.029469
0.029482
0.029495
0.029509
0.029522
0.029535
0.029548
0.028696
0.028927
0.028944
0.028959
0.028972
0.028986
0.029000
0.029013
0.029026
0.029039
0.029052
0.028769
0.029002
0.029029
0.029045
0.029059
0.029072
0.029085
0.029099
0.029111
0.029124
0.029137
0.030117
0.030344
0.030361
0.030375
0.030389
0.030402
0.030416
0.030429
0.030442
0.030456
0.030468
0.055393
0.055617
0.055634
0.055649
0.055662
0.055676
0.055689
0.055702
0.055716
0.055729
0.055742
0.029961
0.030189
0.030207
0.030222
0.030236
0.030250
0.030263
0.030276
0.030289
0.030303
0.030316
0.028296
0.028524
0.028542
0.028556
0.028570
0.028586
0.028599
0.028612
0.028625
0.028639
0.028652
0.028355
0.028579
0.028607
0.028622
0.028636
0.028649
0.028663
0.028676
0.028689
0.028703
0.028716
0.029242
0.029476
0.029493
0.029507
0.029521
0.029535
0.029548
0.029561
0.029573
0.029587
0.029599
0.029203
0.029429
0.029457
0.029471
0.029485
0.029498
0.029511
0.029525
0.029538
0.029550
0.029563
0.028178
0.028406
0.028424
0.028438
0.028452
0.028465
0.028478
0.028491
0.028505
0.028518
0.028531
0.027859
0.028078
0.028105
0.028120
0.028133
0.028147
0.028160
0.028174
0.028187
0.028200
0.028214
0.027902
0.028138
0.028169
0.028194
0.028219
0.028245
0.028269
0.028293
0.028317
0.028341
0.028365
0.027844
0.028079
0.028106
0.028132
0.028157
0.028185
0.028210
0.028235
0.028258
0.028282
0.028306
0.056656
0.056890
0.056921
0.056944
0.056970
0.056992
0.057018
0.057040
0.057064
0.057089
0.057113
0.029998
0.030245
0.030277
0.030303
0.030329
0.030354
0.030379
0.030403
0.030427
0.030450
0.030474
0.028265
0.028508
0.028528
0.028545
0.028562
0.028578
0.028594
0.028610
0.028626
0.028642
0.028658
0.028131
0.028353
0.028372
0.028398
0.028416
0.028432
0.028448
0.028465
0.028481
0.028496
0.028512
0.027968
0.028199
0.028219
0.028234
0.028251
0.028267
0.028282
0.028298
0.028314
0.028329
0.028343
0.027918
0.028137
0.028167
0.028184
0.028201
0.028218
0.028233
0.028249
0.028265
0.028280
0.028295
0.030269
0.030495
0.030515
0.030532
0.030549
0.030565
0.030581
0.030597
0.030613
0.030629
0.030644
0.030410
0.030705
0.030734
0.030759
0.030795
0.030821
0.030847
0.030873
0.030899
0.030924
0.030950
0.028658
0.028881
0.028908
0.028922
0.028936
0.028950
0.028963
0.028977
0.028990
0.029004
0.029017
0.028440
0.028667
0.028685
0.028699
0.028713
0.028726
0.028739
0.028752
0.028765
0.028778
0.028792
0.056302
0.056528
0.056545
0.056559
0.056572
0.056586
0.056599
0.056612
0.056625
0.056638
0.056651
0.029479
0.029704
0.029722
0.029737
0.029751
0.029765
0.029778
0.029792
0.029805
0.029819
0.029832
0.029299
0.029523
0.029541
0.029556
0.029570
0.029583
0.029596
0.029609
0.029623
0.029636
0.029649
0.028999
0.029228
0.029245
0.029260
