1.833490
0.041323
0.041594
0.041624
0.041640
0.041655
0.041669
0.041684
0.041698
0.041714
0.041728
0.041743
0.025661
0.025902
0.025918
0.025933
0.025957
0.025972
0.025986
0.026000
0.026013
0.026027
0.026040
0.024762
0.024991
0.025018
0.025033
0.025048
0.025062
0.025075
0.025090
0.025103
0.025117
0.025132
0.023578
0.023828
0.023847
0.023861
0.023875
0.023889
0.023902
0.023916
0.023929
0.023942
0.023956
0.025218
0.025436
0.025453
0.025467
0.025490
0.025504
0.025517
0.025531
0.025544
0.025572
0.025605
0.025187
0.025423
0.025440
0.025456
0.025470
0.025483
0.025496
0.025510
0.025523
0.025536
0.025549
0.023942
0.024156
0.024173
0.024187
0.024201
0.024215
0.024230
0.024243
0.024256
0.024269
0.024282
0.024085
0.024301
0.024317
0.024331
0.024346
0.024359
0.024373
0.024386
0.024399
0.024412
0.024425
0.024002
0.024222
0.024240
0.024254
0.024268
0.024281
0.024294
0.024307
0.024320
0.024333
0.024346
0.049028
0.049243
0.049260
0.049275
0.049289
0.049302
0.049315
0.049330
0.049343
0.049356
0.049369
0.023837
0.024050
0.024067
0.024081
0.024094
0.024107
0.024120
0.024133
0.024158
0.024174
0.024190
0.024075
0.024291
0.024312
0.024329
0.024347
0.024363
0.024377
0.024390
0.024403
0.024416
0.024431
0.023646
0.023864
0.023881
0.023896
0.023909
0.023923
0.023936
0.023950
0.023963
0.023977
0.023990
0.022843
0.023053
0.023069
0.023083
0.023097
0.023112
0.023125
0.023138
0.023151
0.023168
0.023185
0.024126
0.024342
0.024359
0.024372
0.024386
0.024399
0.024412
0.024428
0.024446
0.024462
0.024477
0.023602
0.023808
0.023838
0.023855
0.023871
0.023888
0.023903
0.023919
0.023937
0.023953
0.023968
0.024063
0.024278
0.024297
0.024315
0.024332
0.024349
0.024366
0.024382
0.024398
0.024414
0.024430
0.023326
0.023540
0.023559
0.023576
0.023593
0.023609
0.023625
0.023641
0.023656
0.023672
0.023687
0.023189
0.023403
0.023424
0.023444
0.023460
0.023477
0.023497
0.023514
0.023529
0.023546
0.023561
0.048844
0.049052
0.049069
0.049083
0.049096
0.049110
0.049123
0.049136
0.049149
0.049162
0.049176
0.023804
0.024003
0.024029
0.024042
0.024056
0.024069
0.024082
0.024096
0.024109
0.024122
0.024135
0.023483
0.023701
0.023721
0.023736
0.023749
0.023762
0.023775
0.023788
0.023801
0.023814
0.023827
0.023462
0.023678
0.023695
0.023709
0.023722
0.023736
0.023749
0.023762
0.023775
0.023788
0.023802
0.024272
0.024481
0.024497
0.024511
0.024524
0.024538
0.024552
0.024566
0.024579
0.024592
0.024605
0.023256
0.023469
0.023487
0.023501
0.023515
0.023530
0.023544
0.023557
0.023571
0.023583
0.023596
0.022986
0.023196
0.023213
0.023227
0.023241
0.023254
0.023268
0.023281
0.023294
0.023307
0.023319
0.023191
0.023409
0.023427
0.023441
0.023455
0.023468
0.023482
0.023495
0.023508
0.023521
0.023534
0.023900
0.024115
0.024133
0.024147
0.024161
0.024174
0.024187
0.024200
0.024213
0.024226
0.024240
0.024593
0.024804
0.024821
0.024835
0.024849
0.024862
0.024875
0.024888
0.024901
0.024914
0.024927
0.049797
0.050012
0.050029
0.050043
0.050057
0.050071
0.050084
0.050097
0.050110
0.050123
0.050136
0.023404
0.023617
0.023634
0.023648
0.023661
0.023675
0.023688
0.023701
0.023714
0.023727
0.023741
0.023329
0.023545
0.023561
0.023576
0.023590
0.023603
0.023616
0.023629
0.023642
0.023655
0.023669
0.023404
0.023607
0.023636
0.023650
0.023663
0.023677
0.023690
0.023703
0.023717
0.023731
0.023744
0.024384
0.024583
0.024609
0.024623
0.024637
0.024650
0.024663
0.024676
0.024689
0.024702
0.024715
0.023519
0.023731
0.023748
0.023762
0.023775
0.023789
0.023802
0.023815
0.023829
0.023842
0.023855
0.023599
0.023805
0.023823
0.023836
0.023850
0.023863
0.023876
0.023889
0.023902
0.023915
0.023928
0.023567
0.023776
0.023793
0.023808
0.023821
0.023834
0.023848
0.023862
0.023876
0.023892
0.023905
0.024031
0.024240
0.024257
0.024271
0.024285
0.024298
0.024311
0.024324
0.024337
0.024350
0.024363
0.024329
0.024523
0.024549
0.024563
0.024577
0.024590
0.024604
0.024617
0.024631
0.024644
0.024657
0.050850
0.051052
0.051078
0.051092
0.051106
0.051119
0.051132
0.051145
0.051158
0.051171
0.051184
0.025528
0.025751
0.025768
0.025782
0.025796
0.025810
0.025824
0.025838
0.025851
0.025864
0.025877
0.024173
0.024393
0.024410
0.024424
0.024437
0.024451
0.024463
0.024477
0.024489
0.024502
0.024515
0.024033
0.024248
0.024264
0.024278
0.024292
0.024306
0.024320
0.024333
0.024346
0.024359
0.024372
0.024127
0.024342
0.024359
0.024374
0.024387
0.024401
0.024414
0.024427
0.024440
0.024453
0.024467
0.024339
0.024543
0.024569
0.024584
0.024598
0.024611
0.024624
0.024637
0.024651
0.024663
0.024677
0.023810
0.024026
0.024043
0.024058
0.024071
0.024085
0.024098
0.024112
0.024124
0.024137
0.024150
0.023716
0.023916
0.023942
0.023956
0.023970
0.023983
0.023997
0.024010
0.024023
0.024036
0.024049
0.023809
0.024021
0.024038
0.024052
0.024065
0.024097
0.024122
0.024137
0.024151
0.024168
0.024181
0.023948
0.024151
0.024177
0.024192
0.024205
0.024219
0.024232
0.024245
0.024258
0.024270
0.024283
0.049883
0.050086
0.050115
0.050131
0.050148
0.050165
0.050181
0.050197
0.050213
0.050228
0.050243
0.023856
0.024063
0.024092
0.024108
0.024124
0.024139
0.024169
0.024193
0.024217
0.024241
0.024264
0.024315
0.024529
0.024546
0.024560
0.024574
0.024586
0.024600
0.024613
0.024626
0.024638
0.024652
0.026020
0.026231
0.026249
0.026263
0.026277
0.026289
0.026303
0.026316
0.026330
0.026343
0.026356
0.024395
0.024608
0.024625
0.024639
0.024652
0.024665
0.024678
0.024691
0.024704
0.024718
0.024731
0.024541
0.024753
0.024770
0.024784
0.024801
0.024814
0.024828
0.024841
0.024854
0.024868
0.024880
0.023490
0.023690
0.023715
0.023730
0.023744
0.023757
0.023770
0.023783
0.023797
0.023810
0.023823
0.024579
0.024798
0.024816
0.024831
0.024844
0.024858
0.024871
0.024884
0.024898
0.024911
0.024924
0.025312
0.025578
0.025605
0.025620
0.025633
0.025647
0.025660
0.025673
0.025687
0.025700
0.025713
0.025356
0.025572
0.025589
0.025603
0.025617
0.025631
0.025644
0.025658
0.025671
0.025684
0.025697
0.051642
0.051857
0.051873
0.051888
0.051901
0.051914
0.051928
0.051941
0.051954
0.051966
0.051980
0.024999
0.025212
0.025230
0.025244
0.025258
0.025271
0.025284
0.025297
0.025310
0.025323
0.025337
0.026409
0.026627
0.026644
0.026658
0.026672
0.026686
0.026699
0.026713
0.026728
0.026741
0.026755
0.025036
0.025240
0.025266
0.025281
0.025294
0.025308
0.025321
0.025334
0.025347
0.025360
0.025373
0.025815
0.026034
0.026051
0.026065
0.026079
0.026093
0.026106
0.026119
0.026132
0.026145
0.026159
0.024186
0.024386
0.024412
0.024427
0.024440
0.024454
0.024467
0.024480
0.024493
0.024506
0.024519
0.023992
0.024201
0.024218
0.024233
0.024246
0.024260
0.024273
0.024286
0.024299
0.024312
0.024324
0.023671
0.023912
0.023949
0.023972
0.023992
0.024006
0.024019
0.024039
0.024060
0.024082
0.024096
0.024198
0.024402
0.024419
0.024433
0.024447
0.024461
0.024474
0.024487
0.024500
0.024513
0.024526
0.024012
0.024223
0.024240
0.024254
0.024268
0.024281
0.024294
0.024307
0.024320
0.024333
0.024346
0.050550
0.050761
0.050779
0.050793
0.050806
0.050819
0.050832
0.050846
0.050858
0.050871
0.050884
0.024025
0.024240
0.024257
0.024271
0.024284
0.024297
0.024310
0.024323
0.024336
0.024348
0.024362
0.024121
0.024330
0.024347
0.024361
0.024375
0.024388
0.024401
0.024415
0.024427
0.024441
0.024454
0.023970
0.024168
0.024193
0.024207
0.024221
0.024234
0.024247
0.024260
0.024272
0.024285
0.024298
0.024813
0.025025
0.025042
0.025056
0.025069
0.025083
0.025096
0.025109
0.025122
0.025135
0.025149
0.024805
0.025012
0.025029
0.025043
0.025056
0.025070
0.025083
0.025096
0.025109
0.025123
0.025136
0.026440
0.026664
0.026681
0.026695
0.026709
0.026723
0.026736
0.026749
0.026762
0.026775
0.026788
0.026348
0.026608
0.026633
0.026648
0.026662
0.026675
0.026689
0.026702
0.026716
0.026729
0.026742
0.026453
0.026691
0.026715
0.026747
0.026769
0.026790
0.026811
0.026831
0.026852
0.026872
0.026893
0.025785
0.026025
0.026043
0.026057
0.026071
0.026085
0.026099
0.026114
0.026127
0.026140
0.026153
0.053275
0.053492
0.053509
0.053523
0.053536
0.053552
0.053565
0.053578
0.053591
0.053604
0.053617
0.026093
0.026296
0.026322
0.026336
0.026350
0.026363
0.026377
0.026391
0.026404
0.026417
0.026430
0.024370
0.024582
0.024598
0.024613
0.024627
0.024640
0.024654
0.024667
0.024680
0.024693
0.024706
0.025278
0.025492
0.025508
0.025522
0.025536
0.025549
0.025563
0.025576
0.025589
0.025603
0.025616
0.026060
0.026272
0.026289
0.026303
0.026317
0.026330
0.026344
0.026357
0.026370
0.026383
0.026396
0.028497
0.028712
0.028728
0.028742
0.028757
0.028770
0.028784
0.028797
0.028810
0.028823
0.028836
0.025422
0.025641
0.025668
0.025683
0.025696
0.025709
0.025723
0.025736
0.025749
0.025762
0.025775
0.023732
0.023944
0.023961
0.023976
0.023989
0.024003
0.024016
0.024030
0.024043
0.024056
0.024069
0.025768
0.025980
0.025997
0.026012
0.026025
0.026038
0.026052
0.026065
0.026078
0.026091
0.026104
0.025928
0.026139
0.026161
0.026176
0.026190
0.026203
0.026217
0.026230
0.026243
0.026256
0.026269
0.051979
0.052190
0.052207
0.052221
0.052235
0.052248
0.052261
0.052274
0.052287
0.052300
0.052313
0.025971
0.026208
0.026227
0.026241
0.026255
0.026268
0.026282
0.026295
0.026309
0.026322
0.026336
0.025910
0.026128
0.026145
0.026159
0.026172
0.026186
0.026199
0.026212
0.026225
0.026238
0.026251
0.023884
0.024095
0.024112
0.024126
0.024140
0.024153
0.024167
0.024181
0.024194
0.024207
0.024221
0.024038
0.024241
0.024267
0.024281
0.024295
0.024308
0.024321
0.024334
0.024348
0.024360
0.024374
0.024716
0.024929
0.024946
0.024961
0.024974
0.024987
0.025001
0.025013
0.025027
0.025040
0.025053
0.024911
0.025122
0.025139
0.025153
0.025167
0.025179
0.025192
0.025206
0.025219
0.025232
0.025245
0.026684
0.026900
0.026917
0.026931
0.026945
0.026959
0.026972
0.026986
0.026999
0.027012
0.027025
0.027279
0.027507
0.027525
0.027539
0.027552
0.027565
0.027578
0.027591
0.027605
0.027618
0.027631
0.027028
0.027249
0.027267
0.027281
0.027295
0.027308
0.027322
0.027335
0.027348
0.027361
0.027375
0.055603
0.055824
0.055841
0.055855
0.055869
0.055882
0.055896
0.055909
0.055923
0.055936
0.055949
0.027095
0.027313
0.027330
0.027344
0.027358
0.027371
0.027384
0.027397
0.027410
0.027423
0.027436
0.026719
0.026937
0.026954
0.026968
0.026982
0.026995
0.027009
0.027023
0.027036
0.027053
0.027066
0.027100
0.027323
0.027340
0.027354
0.027368
0.027381
0.027394
0.027407
0.027420
0.027433
0.027447
0.027229
0.027447
0.027463
0.027477
0.027491
0.027504
0.027517
0.027530
0.027543
0.027556
0.027570
0.027237
0.027446
0.027462
0.027476
0.027503
0.027517
0.027529
0.027543
0.027556
0.027569
0.027582
0.026237
0.026454
0.026472
0.026487
0.026501
0.026515
0.026528
0.026541
0.026554
0.026567
0.026580
0.025874
0.026077
0.026094
0.026108
0.026131
0.026144
0.026158
0.026171
0.026184
0.026196
0.026210
0.024236
0.024440
0.024457
0.024472
0.024485
0.024499
0.024512
0.024525
0.024539
0.024551
0.024565
0.025002
0.025227
0.025245
0.025259
0.025273
0.025286
0.025300
0.025313
0.025326
0.025339
0.025352
0.052821
0.053030
0.053069
0.053098
0.053126
0.053153
0.053179
0.053204
0.053231
0.053257
0.053287
0.024324
0.024539
0.024556
0.024570
0.024584
0.024597
0.024610
0.024623
0.024636
0.024649
0.024662
0.025243
0.025458
0.025475
0.025490
0.025503
0.025516
0.025529
0.025542
0.025555
0.025568
0.025582
0.025254
0.025456
0.025482
0.025496
0.025509
0.025523
0.025536
0.025549
0.025562
0.025575
0.025588
0.023838
0.024051
0.024068
0.024082
0.024096
0.024109
0.024122
0.024135
0.024148
0.024161
0.024174
0.026310
0.026519
0.026536
0.026550
0.026564
0.026577
0.026590
0.026603
0.026616
0.026629
0.026643
0.023714
0.023916
0.023945
0.023959
0.023973
0.023986
0.023999
0.024013
0.024026
0.024039
0.024052
0.025039
0.025252
0.025279
0.025293
0.025306
0.025320
0.025333
0.025346
0.025359
0.025373
0.025386
0.023524
0.023731
0.023748
0.023763
0.023777
0.023789
0.023803
0.023816
0.023829
0.023842
0.023854
0.024021
0.024227
0.024255
0.024272
0.024290
0.024305
0.024322
0.024338
0.024354
0.024369
0.024385
0.051508
0.051717
0.051746
0.051764
0.051780
0.051796
0.051813
0.051829
0.051845
0.051860
0.051876
0.024473
0.024685
0.024702
0.024716
0.024730
0.024743
0.024756
0.024770
0.024784
0.024797
0.024810
0.025148
0.025358
0.025375
0.025389
0.025403
0.025416
0.025429
0.025442
0.025455
0.025468
0.025481
0.024027
0.024249
0.024272
0.024288
0.024302
0.024316
0.024330
0.024343
0.024357
0.024370
0.024383
0.024363
0.024559
0.024586
0.024600
0.024614
0.024627
0.024640
0.024653
0.024667
0.024680
0.024693
0.024841
0.025054
0.025071
0.025084
0.025098
0.025112
0.025126
0.025140
0.025153
0.025166
0.025179
0.023956
0.024172
0.024190
0.024204
0.024218
0.024231
0.024244
0.024258
0.024271
0.024284
0.024297
0.023852
0.024067
0.024084
0.024098
0.024112
0.024126
0.024139
0.024152
0.024165
0.024179
0.024191
0.023903
0.024117
0.024134
0.024148
0.024161
0.024174
0.024187
0.024200
0.024213
0.024226
0.024239
0.024840
0.025052
0.025068
0.025083
0.025097
0.025110
0.025124
0.025137
0.025150
0.025163
0.025176
0.052399
0.052623
0.052656
0.052680
0.052705
0.052729
0.052754
0.052777
0.052801
0.052825
0.052849
0.026372
0.026598
0.026631
0.026656
0.026682
0.026705
0.026729
0.026754
0.026777
0.026801
0.026825
0.027603
0.027822
0.027850
0.027882
0.027907
0.027932
0.027956
0.027980
0.028004
0.028027
0.028051
0.025897
0.026122
0.026152
0.026181
0.026206
0.026231
0.026256
0.026280
0.026304
0.026328
0.026351
0.027718
0.027944
0.027973
0.028000
0.028026
0.028052
0.028076
0.028102
0.028126
0.028150
0.028173
0.025433
0.025659
0.025690
0.025718
0.025744
0.025770
0.025794
0.025818
0.025842
0.025866
0.025889
0.026905
0.027137
0.027165
0.027193
0.027218
0.027243
0.027267
0.027291
0.027315
0.027339
0.027363
0.029713
0.029952
0.029973
0.029988
0.030002
0.030015
0.030029
0.030041
0.030055
0.030067
0.030080
0.027602
0.027828
0.027846
0.027863
0.027879
0.027894
0.027910
0.027925
0.027941
0.027956
0.027971
0.027348
0.027580
0.027601
0.027619
0.027636
0.027651
0.027667
0.027682
0.027698
0.027713
0.027729
0.054372
0.054610
0.054630
0.054647
0.054665
0.054681
0.054697
0.054713
0.054729
0.054745
0.054760
0.027385
0.027626
0.027647
0.027664
0.027680
0.027695
0.027710
0.027726
0.027741
0.027757
0.027773
0.026768
0.027049
0.027086
0.027108
0.027128
0.027149
0.027171
0.027193
0.027215
0.027236
0.027257
0.032949
0.033184
0.033202
0.033216
0.033230
0.033244
0.033257
0.033271
0.033284
0.033297
0.033310
0.026826
0.027055
0.027084
0.027109
0.027134
0.027159
0.027183
0.027208
0.027231
0.027255
0.027280
0.027311
0.027552
0.027582
0.027609
0.027633
0.027659
0.027683
0.027708
0.027731
0.027755
0.027780
0.027111
0.027349
0.027380
0.027406
0.027433
0.027458
0.027483
0.027508
0.027532
0.027556
0.027580
0.033307
