1.889979
0.036580
0.036849
0.036878
0.036893
0.036908
0.036922
0.036937
0.036951
0.036966
0.036980
0.036994
0.034379
0.034661
0.034679
0.034706
0.034725
0.034745
0.034764
0.034782
0.034801
0.034819
0.034838
0.028766
0.029003
0.029021
0.029037
0.029052
0.029066
0.029079
0.029093
0.029106
0.029120
0.029134
0.025476
0.025709
0.025727
0.025743
0.025757
0.025772
0.025786
0.025801
0.025815
0.025830
0.025843
0.025182
0.025401
0.025427
0.025441
0.025455
0.025469
0.025485
0.025502
0.025519
0.025535
0.025551
0.024381
0.024622
0.024652
0.024670
0.024686
0.024702
0.024719
0.024735
0.024751
0.024766
0.024782
0.025105
0.025347
0.025375
0.025402
0.025425
0.025450
0.025476
0.025501
0.025525
0.025548
0.025572
0.026113
0.026347
0.026380
0.026414
0.026440
0.026464
0.026488
0.026513
0.026536
0.026560
0.026583
0.025278
0.025524
0.025557
0.025583
0.025608
0.025633
0.025657
0.025681
0.025705
0.025729
0.025752
0.052636
0.052873
0.052907
0.052931
0.052957
0.052981
0.053005
0.053031
0.053055
0.053079
0.053102
0.025961
0.026192
0.026221
0.026244
0.026269
0.026293
0.026317
0.026341
0.026364
0.026387
0.026412
0.025619
0.025850
0.025867
0.025882
0.025895
0.025911
0.025924
0.025937
0.025950
0.025964
0.025977
0.026007
0.026229
0.026254
0.026268
0.026282
0.026295
0.026308
0.026321
0.026335
0.026348
0.026361
0.026574
0.026809
0.026828
0.026845
0.026862
0.026881
0.026896
0.026912
0.026927
0.026944
0.026960
0.025164
0.025385
0.025413
0.025429
0.025444
0.025460
0.025476
0.025491
0.025506
0.025521
0.025536
0.025352
0.025574
0.025594
0.025619
0.025635
0.025651
0.025667
0.025682
0.025701
0.025716
0.025732
0.025601
0.025838
0.025858
0.025874
0.025891
0.025907
0.025923
0.025939
0.025954
0.025969
0.025985
0.025842
0.026074
0.026092
0.026106
0.026119
0.026134
0.026147
0.026160
0.026173
0.026186
0.026200
0.025022
0.025251
0.025268
0.025286
0.025300
0.025313
0.025326
0.025340
0.025353
0.025366
0.025379
0.051767
0.051986
0.052011
0.052025
0.052038
0.052051
0.052064
0.052077
0.052090
0.052103
0.052116
0.024083
0.024301
0.024328
0.024342
0.024355
0.024369
0.024382
0.024395
0.024408
0.024421
0.024434
0.024290
0.024519
0.024539
0.024553
0.024566
0.024579
0.024592
0.024605
0.024618
0.024631
0.024644
0.032166
0.032437
0.032459
0.032477
0.032495
0.032513
0.032532
0.032550
0.032567
0.032584
0.032602
0.029537
0.029866
0.029899
0.029919
0.029939
0.029959
0.029980
0.030000
0.030020
0.030039
0.030058
0.025649
0.025884
0.025901
0.025915
0.025929
0.025946
0.025959
0.025972
0.025985
0.025998
0.026011
0.024338
0.024567
0.024585
0.024600
0.024614
0.024627
0.024640
0.024653
0.024666
0.024679
0.024692
0.024196
0.024431
0.024449
0.024463
0.024477
0.024490
0.024503
0.024515
0.024529
0.024542
0.024555
0.023483
0.023719
0.023737
0.023751
0.023765
0.023778
0.023791
0.023804
0.023818
0.023830
0.023843
0.025913
0.026132
0.026159
0.026173
0.026187
0.026201
0.026214
0.026227
0.026241
0.026253
0.026267
0.051265
0.051493
0.051510
0.051524
0.051538
0.051551
0.051564
0.051577
0.051589
0.051603
0.051615
0.024779
0.025007
0.025025
0.025040
0.025054
0.025067
0.025080
0.025093
0.025106
0.025120
0.025133
0.024548
0.024770
0.024797
0.024811
0.024825
0.024838
0.024851
0.024864
0.024877
0.024890
0.024903
0.024530
0.024767
0.024788
0.024802
0.024817
0.024830
0.024843
0.024857
0.024870
0.024884
0.024897
0.024103
0.024330
0.024347
0.024362
0.024375
0.024389
0.024402
0.024415
0.024428
0.024440
0.024453
0.024686
0.024900
0.024926
0.024940
0.024954
0.024967
0.024981
0.024994
0.025007
0.025020
0.025033
0.024586
0.024813
0.024831
0.024845
0.024859
0.024872
0.024885
0.024899
0.024912
0.024925
0.024938
0.024541
0.024763
0.024781
0.024795
0.024809
0.024822
0.024836
0.024849
0.024863
0.024879
0.024893
0.031367
0.031625
0.031655
0.031674
0.031692
0.031710
0.031728
0.031745
0.031763
0.031780
0.031798
0.026125
0.026357
0.026375
0.026390
0.026403
0.026417
0.026430
0.026443
0.026456
0.026470
0.026483
0.050800
0.051032
0.051051
0.051065
0.051088
0.051101
0.051114
0.051127
0.051141
0.051153
0.051166
0.024025
0.024255
0.024273
0.024287
0.024301
0.024315
0.024328
0.024342
0.024354
0.024368
0.024381
0.023498
0.023729
0.023746
0.023760
0.023774
0.023787
0.023800
0.023813
0.023826
0.023839
0.023852
0.023972
0.024203
0.024220
0.024235
0.024249
0.024262
0.024276
0.024288
0.024302
0.024315
0.024328
0.023426
0.023655
0.023672
0.023686
0.023700
0.023714
0.023727
0.023740
0.023753
0.023766
0.023779
0.023840
0.024058
0.024084
0.024099
0.024112
0.024126
0.024139
0.024152
0.024165
0.024178
0.024191
0.023370
0.023600
0.023617
0.023632
0.023645
0.023658
0.023671
0.023684
0.023697
0.023710
0.023723
0.023417
0.023648
0.023665
0.023679
0.023693
0.023707
0.023720
0.023733
0.023746
0.023759
0.023772
0.023814
0.024029
0.024055
0.024069
0.024082
0.024096
0.024109
0.024122
0.024135
0.024151
0.024164
0.026337
0.026562
0.026580
0.026594
0.026608
0.026622
0.026635
0.026648
0.026661
0.026674
0.026687
0.056220
0.056439
0.056466
0.056480
0.056493
0.056506
0.056519
0.056532
0.056545
0.056557
0.056571
0.026212
0.026441
0.026459
0.026473
0.026486
0.026499
0.026513
0.026526
0.026539
0.026551
0.026565
0.026645
0.026879
0.026896
0.026911
0.026925
0.026938
0.026951
0.026965
0.026977
0.026991
0.027004
0.026834
0.027056
0.027082
0.027097
0.027110
0.027123
0.027137
0.027150
0.027162
0.027175
0.027188
0.025759
0.025990
0.026008
0.026022
0.026036
0.026049
0.026062
0.026075
0.026089
0.026102
0.026116
0.025622
0.025855
0.025872
0.025886
0.025903
0.025916
0.025929
0.025942
0.025955
0.025968
0.025981
0.025609
0.025838
0.025855
0.025869
0.025883
0.025896
0.025909
0.025922
0.025935
0.025948
0.025961
0.026219
0.026449
0.026467
0.026482
0.026495
0.026509
0.026522
0.026536
0.026549
0.026562
0.026575
0.027036
0.027274
0.027302
0.027316
0.027330
0.027343
0.027356
0.027370
0.027384
0.027397
0.027410
0.025166
0.025396
0.025414
0.025428
0.025441
0.025455
0.025468
0.025481
0.025494
0.025507
0.025520
0.055344
0.055570
0.055610
0.055637
0.055661
0.055686
0.055710
0.055734
0.055758
0.055782
0.055805
0.026798
0.027043
0.027076
0.027099
0.027125
0.027149
0.027173
0.027197
0.027220
0.027244
0.027267
0.026816
0.027049
0.027090
0.027113
0.027139
0.027163
0.027187
0.027211
0.027241
0.027266
0.027288
0.026838
0.027078
0.027109
0.027136
0.027162
0.027185
0.027210
0.027233
0.027258
0.027281
0.027305
0.025738
0.025985
0.026016
0.026044
0.026070
0.026094
0.026120
0.026148
0.026173
0.026197
0.026221
0.026256
0.026502
0.026532
0.026561
0.026586
0.026610
0.026635
0.026659
0.026683
0.026707
0.026730
0.025570
0.025808
0.025836
0.025862
0.025888
0.025913
0.025937
0.025960
0.025984
0.026008
0.026031
0.025433
0.025668
0.025698
0.025725
0.025752
0.025777
0.025802
0.025826
0.025850
0.025874
0.025898
0.025619
0.025863
0.025893
0.025920
0.025945
0.025971
0.025995
0.026019
0.026043
0.026069
0.026089
0.025112
0.025392
0.025422
0.025438
0.025455
0.025471
0.025487
0.025503
0.025519
0.025536
0.025552
0.054475
0.054732
0.054762
0.054780
0.054796
0.054812
0.054828
0.054843
0.054859
0.054875
0.054890
0.025450
0.025684
0.025704
0.025721
0.025739
0.025754
0.025771
0.025786
0.025802
0.025817
0.025834
0.025467
0.025705
0.025725
0.025743
0.025759
0.025775
0.025790
0.025806
0.025821
0.025837
0.025852
0.026088
0.026331
0.026355
0.026370
0.026384
0.026398
0.026411
0.026425
0.026438
0.026451
0.026465
0.025213
0.025443
0.025463
0.025480
0.025497
0.025514
0.025529
0.025545
0.025560
0.025576
0.025592
0.024979
0.025213
0.025233
0.025250
0.025266
0.025282
0.025298
0.025313
0.025330
0.025347
0.025363
0.025254
0.025487
0.025517
0.025534
0.025551
0.025566
0.025582
0.025597
0.025613
0.025628
0.025644
0.025628
0.025865
0.025885
0.025902
0.025917
0.025934
0.025949
0.025966
0.025982
0.025997
0.026013
0.025572
0.025794
0.025822
0.025839
0.025856
0.025872
0.025888
0.025903
0.025919
0.025934
0.025950
0.025193
0.025418
0.025447
0.025464
0.025480
0.025496
0.025513
0.025530
0.025545
0.025561
0.025577
0.055884
0.056116
0.056138
0.056155
0.056172
0.056229
0.056248
0.056265
0.056281
0.056296
0.056312
0.025301
0.025538
0.025558
0.025576
0.025593
0.025609
0.025626
0.025641
0.025657
0.025672
0.025688
0.025490
0.025726
0.025746
0.025763
0.025779
0.025795
0.025811
0.025826
0.025841
0.025857
0.025872
0.026247
0.026477
0.026495
0.026508
0.026522
0.026535
0.026549
0.026562
0.026575
0.026588
0.026601
0.025177
0.025410
0.025427
0.025441
0.025455
0.025468
0.025481
0.025495
0.025508
0.025521
0.025534
0.025621
0.025851
0.025868
0.025883
0.025897
0.025910
0.025923
0.025937
0.025950
0.025963
0.025976
0.027943
0.028160
0.028187
0.028201
0.028215
0.028228
0.028241
0.028254
0.028267
0.028280
0.028293
0.024883
0.025099
0.025125
0.025140
0.025153
0.025166
0.025179
0.025192
0.025206
0.025218
0.025232
0.025770
0.026000
0.026018
0.026032
0.026046
0.026059
0.026073
0.026086
0.026099
0.026112
0.026125
0.026433
0.026664
0.026680
0.026695
0.026708
0.026721
0.026734
0.026747
0.026760
0.026773
0.026786
0.056579
0.056812
0.056829
0.056843
0.056857
0.056870
0.056883
0.056896
0.056909
0.056922
0.056935
0.024884
0.025113
0.025131
0.025145
0.025158
0.025172
0.025185
0.025198
0.025211
0.025225
0.025238
0.024879
0.025108
0.025124
0.025139
0.025152
0.025166
0.025179
0.025192
0.025205
0.025218
0.025231
0.024903
0.025134
0.025151
0.025165
0.025179
0.025192
0.025206
0.025219
0.025232
0.025245
0.025258
0.025148
0.025379
0.025397
0.025411
0.025424
0.025437
0.025450
0.025463
0.025476
0.025489
0.025502
0.025093
0.025320
0.025338
0.025352
0.025366
0.025379
0.025392
0.025405
0.025419
0.025431
0.025445
0.025025
0.025248
0.025275
0.025289
0.025304
0.025317
0.025330
0.025343
0.025357
0.025371
0.025384
0.025296
0.025532
0.025548
0.025563
0.025576
0.025589
0.025602
0.025615
0.025628
0.025641
0.025653
0.024943
0.025167
0.025184
0.025198
0.025212
0.025226
0.025239
0.025253
0.025266
0.025279
0.025292
0.026947
0.027268
0.027305
0.027348
0.027380
0.027462
0.027507
0.027541
0.027574
0.027606
0.027638
0.054657
0.054873
0.054899
0.054913
0.054926
0.054940
0.054953
0.054967
0.054980
0.054997
0.055011
0.025413
0.025642
0.025659
0.025673
0.025687
0.025700
0.025714
0.025727
0.025740
0.025754
0.025767
0.026062
0.026292
0.026309
0.026323
0.026337
0.026351
0.026365
0.026378
0.026391
0.026407
0.026420
0.025851
0.026082
0.026098
0.026113
0.026127
0.026140
0.026153
0.026166
0.026180
0.026192
0.026205
0.026347
0.026579
0.026596
0.026611
0.026625
0.026639
0.026652
0.026665
0.026678
0.026690
0.026703
0.025309
0.025542
0.025559
0.025573
0.025587
0.025600
0.025613
0.025627
0.025640
0.025653
0.025666
0.025351
0.025582
0.025598
0.025613
0.025626
0.025640
0.025653
0.025666
0.025679
0.025692
0.025705
0.025636
0.025856
0.025884
0.025898
0.025912
0.025925
0.025938
0.025950
0.025963
0.025976
0.025989
0.026464
0.026696
0.026713
0.026728
0.026742
0.026755
0.026768
0.026781
0.026793
0.026806
0.026819
0.025599
0.025824
0.025860
0.025886
0.025911
0.025936
0.025963
0.025989
0.026012
0.026036
0.026060
0.055362
0.055603
0.055635
0.055662
0.055687
0.055712
0.055736
0.055760
0.055784
0.055808
0.055831
0.025781
0.026021
0.026050
0.026075
0.026100
0.026125
0.026150
0.026174
0.026197
0.026222
0.026245
0.026394
0.026631
0.026662
0.026696
0.026721
0.026744
0.026768
0.026792
0.026815
0.026839
0.026862
0.026295
0.026532
0.026566
0.026590
0.026615
0.026639
0.026662
0.026686
0.026710
0.026733
0.026757
0.025936
0.026179
0.026209
0.026236
0.026263
0.026286
0.026310
0.026334
0.026358
0.026381
0.026405
0.025380
0.025622
0.025651
0.025679
0.025703
0.025729
0.025752
0.025776
0.025800
0.025824
0.025850
0.025334
0.025579
0.025611
0.025640
0.025665
0.025690
0.025714
0.025738
0.025762
0.025786
0.025810
0.025217
0.025460
0.025488
0.025516
0.025542
0.025567
0.025591
0.025615
0.025638
0.025663
0.025687
0.025310
0.025549
0.025578
0.025606
0.025631
0.025657
0.025681
0.025705
0.025728
0.025752
0.025776
0.024932
0.025158
0.025176
0.025190
0.025204
0.025219
0.025240
0.025254
0.025269
0.025287
0.025309
0.054202
0.054427
0.054445
0.054460
0.054473
0.054486
0.054500
0.054513
0.054526
0.054539
0.054552
0.025933
0.026152
0.026168
0.026181
0.026204
0.026218
0.026231
0.026245
0.026258
0.026271
0.026285
0.027747
0.027973
0.027990
0.028004
0.028018
0.028032
0.028045
0.028058
0.028070
0.028083
0.028096
0.027154
0.027387
0.027404
0.027418
0.027431
0.027445
0.027459
0.027473
0.027486
0.027499
0.027513
0.026419
0.026652
0.026670
0.026684
0.026698
0.026711
0.026725
0.026738
0.026751
0.026764
0.026777
0.026817
0.027044
0.027062
0.027076
0.027091
0.027104
0.027118
0.027131
0.027144
0.027158
0.027170
0.026489
0.026718
0.026736
0.026751
0.026764
0.026778
0.026791
0.026804
0.026818
0.026831
0.026844
0.026592
0.026822
0.026839
0.026854
0.026868
0.026881
0.026895
0.026908
0.026921
0.026934
0.026947
0.026582
0.026807
0.026833
0.026848
0.026861
0.026875
0.026887
0.026907
0.026932
0.026947
0.026960
0.026579
0.026812
0.026830
0.026845
0.026858
0.026872
0.026886
0.026898
0.026911
0.026925
0.026938
0.056858
0.057129
0.057148
0.057162
0.057176
0.057189
0.057202
0.057215
0.057229
0.057241
0.057254
0.026442
0.026681
0.026703
0.026717
0.026731
0.026744
0.026758
0.026771
0.026784
0.026798
0.026810
0.025888
0.026117
0.026135
0.026149
0.026164
0.026177
0.026190
0.026204
0.026217
0.026230
0.026243
0.027017
0.027247
0.027264
0.027279
0.027293
0.027306
0.027319
0.027332
0.027345
0.027359
0.027371
0.026814
0.027049
0.027066
0.027080
0.027094
0.027107
0.027121
0.027134
0.027148
0.027161
0.027174
0.024956
0.025186
0.025204
0.025218
0.025232
0.025245
0.025258
0.025271
0.025284
0.025297
0.025310
0.025025
0.025257
0.025274
0.025289
0.025302
0.025316
0.025329
0.025342
0.025355
0.025369
0.025382
0.025322
0.025558
0.025575
0.025589
0.025603
0.025616
0.025629
0.025642
0.025655
0.025668
0.025681
0.025317
0.025548
0.025566
0.025580
0.025594
0.025608
0.025621
0.025634
0.025648
0.025661
0.025674
0.027753
0.027987
0.028004
0.028019
0.028032
0.028046
0.028059
0.028072
0.028085
0.028098
0.028111
0.056611
0.056832
0.056874
0.056893
0.056907
0.056921
0.056937
0.056954
0.056971
0.056986
0.057002
0.025311
0.025544
0.025574
0.025596
0.025613
0.025628
0.025644
0.025703
0.025721
0.025736
0.025752
0.025217
0.025476
0.025504
0.025520
0.025536
0.025551
0.025567
0.025582
0.025598
0.025612
0.025627
0.026849
0.027075
0.027104
0.027121
0.027136
0.027152
0.027167
0.027182
0.027197
0.027212
0.027227
0.025484
0.025713
0.025731
0.025745
0.025759
0.025773
0.025786
0.025800
0.025813
0.025826
0.025838
0.025323
0.025605
0.025624
0.025639
0.025652
0.025666
0.025679
0.025692
0.025705
0.025718
0.025731
0.026262
0.026492
0.026509
0.026524
0.026537
0.026551
0.026564
0.026577
0.026590
0.026603
0.026616
0.026839
0.027070
0.027088
0.027102
0.027117
0.027129
0.027143
0.027156
0.027169
0.027181
0.027194
0.025953
0.026200
0.026231
0.026253
0.026268
0.026282
0.026295
0.026309
0.026322
0.026335
0.026348
0.025546
0.025777
0.025794
0.025809
0.025823
0.025836
0.025849
0.025863
0.025876
0.025889
0.025902
0.055720
0.055948
0.055965
0.055980
0.055993
0.056007
0.056020
0.056033
0.056046
0.056060
0.056073
0.025844
0.026074
0.026091
0.026106
0.026119
0.026133
0.026146
0.026160
0.026173
0.026185
0.026198
0.025927
0.026154
0.026172
0.026187
0.026200
0.026213
0.026227
0.026240
0.026253
0.026266
0.026279
0.026233
0.026465
0.026482
0.026496
0.026510
0.026524
0.026537
0.026551
0.026564
0.026577
0.026590
0.025885
0.026112
0.026129
0.026143
0.026157
0.026170
0.026183
0.026196
0.026209
0.026222
0.026236
0.025428
0.025656
0.025673
0.025687
0.025701
0.025715
0.025728
0.025742
0.025755
0.025768
0.025782
0.025425
0.025652
0.025670
0.025684
0.025698
0.025711
0.025724
0.025738
0.025751
0.025764
0.025777
0.025398
0.025626
0.025643
0.025657
0.025671
0.025684
0.025698
0.025711
0.025728
0.025741
0.025755
0.025509
0.025739
0.025757
0.025771
0.025784
0.025798
0.025811
0.025824
0.025836
0.025849
0.025862
0.025523
0.025751
0.025768
0.025782
0.025795
0.025808
0.025822
0.025835
0.025848
0.025867
0.025892
0.055269
0.055502
0.055520
0.055535
0.055548
0.055561
0.055574
0.055588
0.055601
0.055614
0.055627
0.025995
0.026228
0.026247
0.026261
0.026274
0.026287
0.026301
0.026314
0.026328
0.026341
0.026355
0.026296
0.026530
0.026547
0.026561
0.026575
0.026588
0.026601
0.026614
0.026628
0.026641
0.026654
0.026745
0.026965
0.026991
0.027005
0.027018
0.027032
0.027045
0.027059
0.027072
0.027085
0.027098
0.025511
0.025741
0.025759
0.025773
0.025787
0.025801
0.025814
0.025827
0.025841
0.025854
0.025867
0.025584
0.025815
0.025832
0.025846
0.025860
0.025874
0.025887
0.025901
0.025914
0.025927
0.025940
0.026160
0.026379
0.026405
0.026419
0.026433
0.026446
0.026459
0.026473
0.026486
0.026499
0.026512
0.025442
0.025672
0.025689
0.025703
0.025716
0.025730
0.025744
0.025757
0.025770
0.025783
0.025796
0.025510
0.025743
0.025760
0.025774
0.025787
0.025801
0.025814
0.025826
0.025839
0.025852
0.025865
0.025317
0.025558
0.025586
0.025612
0.025637
0.025664
0.025688
0.025712
0.025737
0.025760
0.025784
0.056207
0.056434
0.056463
0.056499
0.056522
0.056547
0.056570
0.056594
0.056618
0.056641
0.056665
0.027342
0.027580
0.027601
0.027618
0.027634
0.027650
0.027666
0.027682
0.027697
0.027713
0.027729
0.026804
0.027027
0.027056
0.027073
0.027089
0.027105
0.027120
0.027136
0.027151
0.027167
0.027182
0.027359
0.027583
0.027614
0.027631
0.027648
0.027665
0.027681
0.027697
0.027713
0.027728
0.027744
0.025807
0.026029
0.026058
0.026076
0.026093
0.026108
0.026124
0.026139
0.026155
0.026171
0.026187
0.025857
0.026091
0.026111
0.026128
0.026145
0.026161
0.026177
0.026193
0.026208
0.026224
0.026239
0.026335
0.026573
0.026593
0.026610
0.026627
0.026643
0.026659
0.026675
0.026690
0.026706
0.026722
0.026176
0.026408
0.026428
0.026444
0.026459
0.026475
0.026490
0.026506
0.026520
0.026536
0.026551
0.025822
0.026046
0.026065
0.026092
0.026109
0.026124
0.026140
0.026156
0.026172
0.026187
0.026204
0.027129
0.027359
0.027377
0.027391
0.027405
0.027418
0.027431
0.027444
0.027457
0.027470
0.027483
0.056503
0.056731
0.056749
0.056763
0.056777
0.056790
0.056803
0.056816
0.056868
0.056882
0.056895
0.027110
0.027330
0.027356
0.027370
0.027384
0.027398
0.027411
0.027424
0.027436
0.027449
0.027462
0.026621
0.026840
0.026866
0.026881
0.026894
0.026907
0.026920
0.026934
0.026947
0.026960
0.026973
0.026493
0.026713
0.026739
0.026753
0.026767
0.026780
0.026793
0.026806
0.026819
0.026832
0.026844
0.026184
0.026417
0.026444
0.026459
0.026472
0.026485
0.026498
0.026512
0.026525
0.026539
0.026552
0.026194
0.026429
0.026447
0.026461
0.026474
0.026487
0.026500
0.026513
0.026526
0.026545
0.026561
0.026065
0.026290
0.026319
0.026337
0.026354
0.026370
0.026386
0.026403
0.026420
0.026436
0.026451
0.026035
0.026273
0.026293
0.026309
0.026326
0.026342
0.026358
0.026374
0.026390
0.026405
0.026421
0.025231
0.025463
0.025483
0.025499
0.025517
0.025538
0.025554
0.025571
0.025586
0.025602
0.025617
0.025716
0.025952
0.025970
0.025987
0.026003
0.026018
0.026033
0.026048
0.026063
0.026078
0.026093
0.056684
0.056897
0.056923
0.056938
0.056952
0.056965
0.056979
0.056993
0.057005
0.057018
0.057031
0.026506
0.026726
0.026753
0.026767
0.026781
0.026794
0.026808
0.026821
0.026834
0.026847
0.026860
0.026748
0.026989
0.027006
0.027021
0.027035
0.027048
0.027061
0.027075
0.027088
0.027101
0.027114
0.026171
0.026411
0.026430
0.026444
0.026459
0.026472
0.026485
0.026498
0.026511
0.026525
0.026536
0.025781
0.025999
0.026026
0.026040
0.026054
0.026067
0.026081
0.026093
0.026106
0.026119
0.026132
0.025807
0.026033
0.026050
0.026064
0.026083
0.026097
0.026110
0.026123
0.026136
0.026149
0.026162
0.025678
0.025961
0.025979
0.025994
0.026007
0.026021
0.026035
0.026048
0.026061
0.026074
0.026087
0.026361
0.026588
0.026606
0.026620
0.026634
0.026647
0.026660
0.026673
0.026686
0.026699
0.026712
0.026321
0.026545
0.026562
0.026577
0.026590
0.026603
0.026617
0.026630
0.026643
0.026656
0.026668
0.025590
0.025824
0.025841
0.025856
0.025869
0.025882
0.025895
0.025908
0.025921
0.025935
0.025948
0.054964
0.055190
0.055207
0.055221
0.055235
0.055248
0.055261
0.055274
0.055287
0.055300
0.055312
0.027305
0.027538
0.027555
0.027611
0.027628
0.027642
0.027655
0.027668
0.027682
0.027696
0.027709
0.026712
0.026944
0.026963
0.026977
0.026991
0.027004
0.027017
0.027030
0.027043
0.027056
0.027069
0.025719
0.025936
0.025953
0.025977
0.025991
0.026004
0.026017
0.026030
0.026044
0.026057
0.026070
0.026132
0.026354
0.026380
0.026394
0.026408
0.026421
0.026435
0.026448
0.026461
0.026474
0.026488
0.026419
0.026650
0.026667
0.026681
0.026694
0.026708
0.026721
0.026735
0.026748
0.026761
0.026774
0.025811
0.026047
0.026065
0.026079
0.026092
0.026105
0.026119
0.026132
0.026145
0.026158
0.026171
0.026136
0.026367
0.026384
0.026399
0.026412
0.026426
0.026439
0.026453
0.026466
0.026479
0.026492
0.025879
0.026109
0.026126
0.026140
0.026153
0.026166
0.026179
0.026192
0.026205
0.026218
0.026230
0.025943
0.026170
0.026187
0.026202
0.026216
0.026230
0.026243
0.026257
0.026270
0.026283
0.026295
0.055109
0.055338
0.055354
0.055369
0.055383
0.055396
0.055409
0.055422
0.055435
0.055448
0.055460
0.025831
0.026059
0.026075
0.026090
0.026104
0.026118
0.026131
0.026144
0.026157
0.026170
0.026183
0.026255
0.026472
0.026498
0.026512
0.026526
0.026541
0.026554
0.026567
0.026581
0.026593
0.026607
0.026461
0.026691
0.026708
0.026723
0.026737
0.026750
0.026763
0.026777
0.026789
0.026804
0.026817
0.025712
0.025940
0.025960
0.025976
0.025993
0.026009
0.026026
0.026041
0.026057
0.026072
0.026088
0.025414
0.025645
0.025665
0.025682
0.025698
0.025714
0.025731
0.025746
0.025762
0.025777
0.025793
0.026989
0.027204
0.027222
0.027249
0.027266
0.027282
0.027298
0.027313
0.027329
0.027346
0.027362
0.025466
0.025700
0.025719
0.025736
0.025751
0.025767
0.025782
0.025797
0.025813
0.025829
0.025844
0.026247
0.026475
0.026497
0.026514
0.026530
0.026546
0.026562
0.026578
0.026594
0.026610
0.026626
0.026685
0.026919
0.026940
0.026958
0.026975
0.026991
0.027008
0.027024
0.027040
0.027056
0.027072
0.056877
0.057101
0.057119
0.057133
0.057147
0.057171
0.057185
0.057199
0.057212
0.057225
0.057238
0.025542
0.025771
0.025788
0.025803
0.025816
0.025830
0.025843
0.025856
0.025869
0.025882
0.025895
0.025846
0.026074
0.026092
0.026107
0.026120
0.026134
0.026147
0.026161
0.026216
0.026231
0.026245
0.026948
0.027179
0.027196
0.027211
0.027224
0.027237
0.027251
0.027264
0.027277
0.027290
0.027303
0.025234
0.025450
0.025476
0.025491
0.025504
0.025518
0.025532
0.025546
0.025559
0.025573
0.025586
0.025645
0.025874
0.025892
0.025906
0.025920
0.025934
0.025947
0.025960
0.025973
0.025985
0.025998
0.026393
0.026626
0.026644
0.026658
0.026672
0.026685
0.026699
0.026713
0.026726
0.026739
0.026752
0.031011
0.031244
0.031262
0.031276
0.031290
0.031303
0.031316
0.031329
0.031342
0.031355
0.031367
0.025925
0.026153
0.026170
0.026184
0.026198
0.026212
0.026225
0.026238
0.026251
0.026264
0.026278
0.027533
0.027758
0.027776
0.027790
0.027804
0.027818
0.027831
0.027844
0.027857
0.027870
0.027883
0.056712
0.056944
0.056961
0.056976
0.056989
0.057003
0.057016
0.057029
0.057043
0.057055
0.057068
0.028772
0.029053
0.029073
0.029087
0.029101
0.029114
0.029128
0.029140
0.029153
0.029166
0.029179
0.026812
0.027034
0.027060
0.027075
0.027089
0.027102
0.027116
0.027129
0.027142
0.027155
0.027168
0.026402
0.026634
0.026651
0.026665
0.026679
0.026692
0.026705
0.026718
0.026731
0.026744
0.026757
0.026928
0.027160
0.027177
0.027192
0.027205
0.027219
0.027232
0.027245
0.027258
0.027271
0.027284
0.026323
0.026551
0.026569
0.026583
0.026597
0.026610
0.026623
0.026636
0.026649
0.026661
0.026674
0.027798
0.028018
0.028045
0.028059
0.028073
0.028087
0.028100
0.028113
0.028126
0.028139
0.028153
0.027196
0.027425
0.027442
0.027457
0.027471
0.027484
0.027497
0.027510
0.027523
0.027537
0.027550
0.026500
0.026730
0.026747
0.026761
0.026774
0.026787
0.026801
0.026814
0.026827
0.026840
0.026853
0.026760
0.026987
0.027005
0.027019
0.027032
0.027054
0.027067
0.027080
0.027093
0.027107
0.027120
0.056327
0.056549
0.056575
0.056589
0.056603
0.056617
0.056630
0.056643
0.056656
0.056669
0.056682
0.027343
0.027574
0.027591
0.027606
0.027619
0.027633
0.027646
0.027659
0.027672
0.027685
0.027699
0.027354
0.027584
0.027601
0.027615
0.027628
0.027642
0.027656
0.027668
0.027682
0.027694
0.027707
0.027219
0.027452
0.027470
0.027485
0.027498
0.027511
0.027524
0.027538
0.027551
0.027565
0.027578
0.026875
0.027107
0.027124
0.027139
0.027153
0.027166
0.027180
0.027193
0.027206
0.027219
0.027232
0.026919
0.027203
0.027234
0.027251
0.027274
0.027309
0.027340
0.027369
0.027387
0.027411
0.027445
0.027581
0.027815
0.027835
0.027852
0.027868
0.027885
0.027901
0.027917
0.027932
0.027948
0.027964
0.026006
0.026228
0.026257
0.026274
0.026291
0.026307
0.026323
0.026339
0.026354
0.026370
0.026385
0.026068
0.026300
0.026321
0.026338
0.026355
0.026372
0.026388
0.026403
0.026419
0.026434
0.026449
0.026861
0.027094
0.027116
0.027133
0.027149
0.027165
0.027181
0.027196
0.027212
0.027228
0.027243
0.057738
0.057969
0.057989
0.058006
0.058022
0.058039
0.058055
0.058070
0.058086
0.058101
0.058117
0.026989
0.027223
0.027245
0.027263
0.027281
0.027298
0.027314
0.027330
0.027346
0.027361
0.027377
0.027443
0.027665
0.027694
0.027712
0.027728
0.027744
0.027759
0.027775
0.027790
0.027806
0.027821
0.026200
0.026431
0.026451
0.026469
0.026487
0.026503
0.026518
0.026534
0.026550
0.026565
0.026581
0.024844
0.025078
0.025099
0.025115
0.025132
0.025147
0.025163
0.025179
0.025195
0.025210
0.025226
0.024862
0.025093
0.025113
0.025131
0.025147
0.025163
0.025180
0.025195
0.025211
0.025226
0.025242
0.024828
0.025050
0.025078
0.025095
0.025111
0.025126
0.025142
0.025158
0.025174
0.025189
0.025205
0.025327
0.025546
0.025574
0.025591
0.025607
0.025623
0.025639
0.025654
0.025670
0.025686
0.025702
0.025607
0.025846
0.025865
0.025881
0.025898
0.025914
0.025930
0.025946
0.025961
0.025983
0.026009
0.025563
0.025793
0.025815
0.025850
0.025870
0.025885
0.025898
0.025911
0.025924
0.025938
0.025951
0.055118
0.055355
0.055376
0.055394
0.055414
0.055431
0.055446
0.055462
0.055478
0.055493
0.055510
0.025713
0.025948
0.025970
0.025989
0.026006
0.026022
0.026038
0.026054
0.026070
0.026086
0.026102
0.026437
0.026674
0.026695
0.026712
0.026730
0.026746
0.026762
0.026778
0.026794
0.026809
0.026826
0.026710
0.026945
0.026964
0.026982
0.026999
0.027015
0.027031
0.027047
0.027062
0.027078
0.027094
0.026214
0.026459
0.026479
0.026504
0.026522
0.026537
0.026553
0.026569
0.026585
0.026601
0.026617
0.025576
0.025806
0.025828
0.025846
0.025862
0.025878
0.025894
0.025910
0.025925
0.025941
0.025957
0.025879
0.026098
0.026127
0.026144
0.026160
0.026176
0.026192
0.026207
0.026223
0.026238
0.026254
0.025387
0.025622
0.025642
0.025659
0.025676
0.025692
0.025707
0.025724
0.025739
0.025754
0.025770
0.025757
0.025999
0.026020
0.026037
0.026055
0.026072
0.026088
0.026104
0.026121
0.026136
0.026152
0.025909
0.026149
0.026170
0.026186
0.026203
0.026219
0.026235
0.026251
0.026267
0.026282
0.026304
0.055727
0.055959
0.055978
0.055996
0.056012
0.056029
0.056047
