1.912385
0.038539
0.038816
0.038848
0.038866
0.038883
0.038899
0.038916
0.038932
0.038949
0.038965
0.038981
0.024233
0.024484
0.024512
0.024528
0.024544
0.024560
0.024578
0.024594
0.024619
0.024652
0.024674
0.023422
0.023655
0.023683
0.023699
0.023714
0.023728
0.023742
0.023756
0.023770
0.023783
0.023797
0.031116
0.031374
0.031396
0.031424
0.031442
0.031461
0.031479
0.031497
0.031514
0.031532
0.031550
0.029211
0.029462
0.029494
0.029513
0.029532
0.029550
0.029568
0.029586
0.029603
0.029622
0.029639
0.026831
0.027048
0.027075
0.027090
0.027103
0.027117
0.027130
0.027144
0.027158
0.027172
0.027186
0.030307
0.030560
0.030581
0.030600
0.030618
0.030636
0.030656
0.030673
0.030691
0.030708
0.030725
0.031235
0.031476
0.031497
0.031528
0.031547
0.031564
0.031582
0.031600
0.031618
0.031635
0.031653
0.029629
0.029878
0.029899
0.029926
0.029944
0.029962
0.029979
0.029997
0.030015
0.030033
0.030050
0.057814
0.058038
0.058055
0.058069
0.058083
0.058097
0.058110
0.058126
0.058139
0.058152
0.058165
0.029960
0.030211
0.030242
0.030261
0.030279
0.030297
0.030314
0.030332
0.030349
0.030367
0.030385
0.026606
0.026829
0.026848
0.026862
0.026876
0.026892
0.026905
0.026919
0.026932
0.026945
0.026958
0.029399
0.029650
0.029670
0.029698
0.029716
0.029733
0.029751
0.029769
0.029786
0.029804
0.029821
0.029704
0.029951
0.029972
0.029999
0.030017
0.030037
0.030055
0.030072
0.030090
0.030107
0.030124
0.029798
0.030044
0.030074
0.030093
0.030111
0.030129
0.030146
0.030164
0.030182
0.030200
0.030218
0.030160
0.030406
0.030436
0.030454
0.030473
0.030490
0.030508
0.030526
0.030546
0.030563
0.030581
0.040608
0.040833
0.040850
0.040864
0.040878
0.040891
0.040905
0.040921
0.040939
0.040955
0.040971
0.029364
0.029609
0.029639
0.029658
0.029675
0.029693
0.029710
0.029728
0.029746
0.029763
0.029781
0.026320
0.026540
0.026556
0.026573
0.026588
0.026602
0.026615
0.026628
0.026641
0.026654
0.026667
0.058903
0.059155
0.059185
0.059204
0.059222
0.059240
0.059258
0.059275
0.059293
0.059310
0.059327
0.026788
0.027010
0.027028
0.027042
0.027056
0.027069
0.027083
0.027096
0.027109
0.027123
0.027136
0.030238
0.030495
0.030519
0.030537
0.030555
0.030573
0.030590
0.030608
0.030626
0.030643
0.030661
0.036413
0.036756
0.036789
0.036817
0.036843
0.036869
0.036894
0.036920
0.036945
0.036970
0.036996
0.028744
0.028993
0.029022
0.029041
0.029059
0.029078
0.029096
0.029114
0.029131
0.029149
0.029166
0.029476
0.029724
0.029746
0.029773
0.029791
0.029812
0.029830
0.029848
0.029866
0.029884
0.029902
0.026750
0.026962
0.026987
0.027001
0.027015
0.027028
0.027041
0.027054
0.027067
0.027080
0.027101
0.029530
0.029778
0.029798
0.029826
0.029844
0.029861
0.029879
0.029897
0.029914
0.029932
0.029950
0.029328
0.029577
0.029598
0.029626
0.029644
0.029661
0.029679
0.029697
0.029714
0.029732
0.029749
0.027367
0.027590
0.027607
0.027622
0.027636
0.027649
0.027662
0.027676
0.027689
0.027702
0.027715
0.057841
0.058089
0.058120
0.058138
0.058157
0.058174
0.058192
0.058210
0.058228
0.058246
0.058264
0.029876
0.030131
0.030149
0.030176
0.030194
0.030212
0.030230
0.030248
0.030266
0.030285
0.030303
0.041821
0.042134
0.042164
0.042190
0.042215
0.042239
0.042264
0.042288
0.042312
0.042336
0.042360
0.029449
0.029706
0.029736
0.029755
0.029774
0.029791
0.029809
0.029826
0.029844
0.029862
0.029880
0.034069
0.034506
0.034557
0.034598
0.034637
0.034676
0.034714
0.034751
0.034789
0.034826
0.034863
0.030073
0.030323
0.030353
0.030371
0.030389
0.030407
0.030425
0.030442
0.030461
0.030478
0.030496
0.029719
0.029984
0.030005
0.030027
0.030045
0.030063
0.030081
0.030098
0.030116
0.030133
0.030150
0.025502
0.025721
0.025738
0.025752
0.025765
0.025779
0.025793
0.025806
0.025820
0.025836
0.025849
0.029841
0.030088
0.030118
0.030137
0.030155
0.030172
0.030190
0.030207
0.030225
0.030242
0.030260
0.026666
0.026890
0.026907
0.026921
0.026935
0.026948
0.026962
0.026976
0.026989
0.027002
0.027015
0.058936
0.059181
0.059211
0.059230
0.059248
0.059266
0.059283
0.059301
0.059319
0.059336
0.059353
0.023940
0.024168
0.024195
0.024230
0.024254
0.024278
0.024302
0.024326
0.024349
0.024374
0.024397
0.030722
0.030962
0.030992
0.031011
0.031029
0.031047
0.031065
0.031083
0.031101
0.031118
0.031137
0.036031
0.036249
0.036284
0.036309
0.036335
0.036360
0.036383
0.036407
0.036431
0.036454
0.036478
0.022983
0.023216
0.023250
0.023277
0.023301
0.023326
0.023350
0.023374
0.023396
0.023420
0.023444
0.023757
0.023973
0.024009
0.024033
0.024057
0.024082
0.024106
0.024129
0.024153
0.024176
0.024199
0.022143
0.022373
0.022405
0.022431
0.022456
0.022481
0.022505
0.022529
0.022552
0.022575
0.022598
0.029050
0.029309
0.029331
0.029350
0.029368
0.029386
0.029404
0.029422
0.029439
0.029457
0.029474
0.030464
0.030711
0.030742
0.030761
0.030780
0.030797
0.030815
0.030833
0.030850
0.030871
0.030888
0.037580
0.037794
0.037821
0.037835
0.037849
0.037862
0.037875
0.037889
0.037901
0.037914
0.037927
0.054182
0.054404
0.054421
0.054435
0.054449
0.054462
0.054475
0.054488
0.054501
0.054514
0.054527
0.023858
0.024083
0.024101
0.024116
0.024129
0.024143
0.024156
0.024170
0.024183
0.024196
0.024209
0.029984
0.030227
0.030257
0.030276
0.030295
0.030312
0.030330
0.030347
0.030365
0.030382
0.030401
0.036483
0.036705
0.036722
0.036737
0.036751
0.036764
0.036777
0.036790
0.036803
0.036817
0.036830
0.024553
0.024773
0.024789
0.024803
0.024817
0.024830
0.024843
0.024856
0.024869
0.024883
0.024896
0.023504
0.023716
0.023743
0.023758
0.023775
0.023788
0.023802
0.023815
0.023829
0.023842
0.023855
0.023230
0.023445
0.023462
0.023476
0.023489
0.023502
0.023515
0.023528
0.023542
0.023555
0.023568
0.023767
0.023973
0.023990
0.024004
0.024027
0.024040
0.024054
0.024067
0.024081
0.024101
0.024116
0.024807
0.025029
0.025046
0.025060
0.025074
0.025087
0.025100
0.025114
0.025127
0.025140
0.025153
0.024289
0.024512
0.024530
0.024544
0.024558
0.024572
0.024585
0.024598
0.024611
0.024624
0.024637
0.053741
0.053966
0.053983
0.053998
0.054011
0.054025
0.054039
0.054052
0.054066
0.054079
0.054092
0.023564
0.023775
0.023802
0.023816
0.023830
0.023844
0.023857
0.023871
0.023884
0.023897
0.023910
0.022885
0.023105
0.023121
0.023135
0.023149
0.023163
0.023176
0.023189
0.023206
0.023220
0.023233
0.023419
0.023627
0.023644
0.023668
0.023682
0.023695
0.023708
0.023721
0.023735
0.023748
0.023761
0.024032
0.024250
0.024267
0.024281
0.024295
0.024309
0.024322
0.024335
0.024348
0.024361
0.024374
0.024008
0.024217
0.024244
0.024259
0.024272
0.024286
0.024299
0.024313
0.024326
0.024339
0.024352
0.023767
0.023986
0.024003
0.024018
0.024032
0.024045
0.024058
0.024071
0.024085
0.024097
0.024110
0.023164
0.023376
0.023403
0.023418
0.023432
0.023445
0.023459
0.023473
0.023486
0.023499
0.023512
0.023283
0.023499
0.023517
0.023531
0.023545
0.023558
0.023572
0.023585
0.023598
0.023611
0.023624
0.024030
0.024250
0.024267
0.024282
0.024296
0.024309
0.024323
0.024336
0.024349
0.024362
0.024375
0.053766
0.053988
0.054006
0.054020
0.054034
0.054047
0.054060
0.054074
0.054086
0.054099
0.054112
0.024082
0.024308
0.024325
0.024339
0.024354
0.024367
0.024380
0.024394
0.024407
0.024420
0.024434
0.023997
0.024219
0.024236
0.024250
0.024264
0.024277
0.024290
0.024304
0.024317
0.024330
0.024343
0.027172
0.027386
0.027412
0.027427
0.027441
0.027454
0.027467
0.027480
0.027493
0.027506
0.027520
0.024241
0.024461
0.024478
0.024492
0.024506
0.024519
0.024532
0.024545
0.024558
0.024571
0.024585
0.023078
0.023287
0.023303
0.023326
0.023339
0.023352
0.023365
0.023379
0.023391
0.023405
0.023418
0.023034
0.023262
0.023280
0.023295
0.023309
0.023322
0.023335
0.023349
0.023362
0.023375
0.023388
0.023576
0.023795
0.023812
0.023826
0.023839
0.023853
0.023865
0.023878
0.023892
0.023905
0.023918
0.023954
0.024172
0.024190
0.024204
0.024217
0.024231
0.024244
0.024257
0.024270
0.024282
0.024296
0.024619
0.024850
0.024868
0.024882
0.024895
0.024908
0.024922
0.024935
0.024949
0.024962
0.024975
0.054555
0.054773
0.054790
0.054804
0.054818
0.054835
0.054848
0.054861
0.054874
0.054887
0.054900
0.023692
0.023922
0.023939
0.023954
0.023967
0.023981
0.023994
0.024008
0.024021
0.024034
0.024047
0.023094
0.023304
0.023329
0.023344
0.023357
0.023370
0.023383
0.023396
0.023410
0.023423
0.023436
0.024788
0.024997
0.025023
0.025037
0.025051
0.025064
0.025078
0.025091
0.025105
0.025117
0.025131
0.023750
0.023971
0.023988
0.024003
0.024016
0.024029
0.024042
0.024055
0.024068
0.024081
0.024094
0.024568
0.024778
0.024805
0.024819
0.024833
0.024847
0.024860
0.024874
0.024888
0.024901
0.024914
0.024682
0.024903
0.024920
0.024934
0.024948
0.024961
0.024975
0.024988
0.025001
0.025014
0.025027
0.023655
0.023864
0.023890
0.023905
0.023919
0.023933
0.023946
0.023959
0.023972
0.023985
0.023998
0.023299
0.023517
0.023534
0.023548
0.023562
0.023575
0.023588
0.023601
0.023614
0.023627
0.023640
0.023206
0.023424
0.023442
0.023456
0.023470
0.023484
0.023497
0.023510
0.023524
0.023536
0.023550
0.053946
0.054168
0.054184
0.054199
0.054212
0.054225
0.054239
0.054252
0.054265
0.054278
0.054291
0.024353
0.024583
0.024611
0.024625
0.024638
0.024652
0.024665
0.024678
0.024691
0.024704
0.024716
0.024162
0.024382
0.024399
0.024413
0.024427
0.024440
0.024453
0.024466
0.024478
0.024499
0.024512
0.023974
0.024199
0.024216
0.024230
0.024244
0.024257
0.024270
0.024283
0.024296
0.024309
0.024322
0.023578
0.023787
0.023813
0.023827
0.023840
0.023854
0.023867
0.023880
0.023893
0.023906
0.023920
0.024020
0.024241
0.024259
0.024273
0.024287
0.024300
0.024313
0.024327
0.024340
0.024353
0.024366
0.023801
0.024021
0.024038
0.024052
0.024066
0.024079
0.024092
0.024105
0.024118
0.024131
0.024144
0.025991
0.026283
0.026313
0.026349
0.026376
0.026402
0.026428
0.026456
0.026482
0.026508
0.026534
0.022900
0.023114
0.023132
0.023145
0.023159
0.023172
0.023185
0.023198
0.023211
0.023227
0.023246
0.023329
0.023548
0.023565
0.023579
0.023593
0.023607
0.023620
0.023633
0.023646
0.023659
0.023673
0.052669
0.052885
0.052905
0.052922
0.052940
0.052956
0.052973
0.052990
0.053007
0.053023
0.053039
0.030344
0.030610
0.030631
0.030653
0.030672
0.030690
0.030707
0.030725
0.030742
0.030760
0.030778
0.030203
0.030450
0.030477
0.030491
0.030504
0.030518
0.030532
0.030545
0.030559
0.030574
0.030587
0.023794
0.024001
0.024028
0.024042
0.024056
0.024070
0.024083
0.024096
0.024110
0.024123
0.024136
0.023298
0.023523
0.023540
0.023553
0.023567
0.023581
0.023594
0.023607
0.023621
0.023633
0.023647
0.023456
0.023679
0.023696
0.023710
0.023724
0.023737
0.023751
0.023764
0.023777
0.023790
0.023803
0.023571
0.023795
0.023813
0.023828
0.023842
0.023855
0.023869
0.023882
0.023896
0.023909
0.023922
0.024678
0.024900
0.024917
0.024932
0.024945
0.024959
0.024972
0.024986
0.024999
0.025012
0.025025
0.023853
0.024061
0.024088
0.024102
0.024116
0.024129
0.024143
0.024156
0.024169
0.024182
0.024195
0.022995
0.023227
0.023261
0.023287
0.023313
0.023338
0.023362
0.023387
0.023411
0.023435
0.023458
0.054858
0.055088
0.055119
0.055143
0.055170
0.055199
0.055223
0.055247
0.055271
0.055295
0.055319
0.023051
0.023286
0.023315
0.023342
0.023367
0.023391
0.023415
0.023439
0.023463
0.023488
0.023511
0.024173
0.024410
0.024442
0.024471
0.024496
0.024525
0.024551
0.024575
0.024598
0.024623
0.024646
0.024366
0.024589
0.024631
0.024656
0.024681
0.024704
0.024728
0.024752
0.024776
0.024800
0.024824
0.023285
0.023523
0.023556
0.023580
0.023606
0.023629
0.023653
0.023676
0.023700
0.023724
0.023747
0.023965
0.024205
0.024238
0.024266
0.024300
0.024327
0.024343
0.024357
0.024371
0.024384
0.024398
0.023913
0.024134
0.024154
0.024169
0.024183
0.024196
0.024209
0.024222
0.024235
0.024248
0.024261
0.024687
0.024909
0.024925
0.024940
0.024953
0.024967
0.024980
0.024993
0.025007
0.025020
0.025034
0.024133
0.024353
0.024371
0.024385
0.024399
0.024413
0.024426
0.024440
0.024453
0.024466
0.024479
0.024533
0.024743
0.024769
0.024783
0.024796
0.024810
0.024823
0.024836
0.024850
0.024863
0.024876
0.054636
0.054844
0.054870
0.054884
0.054898
0.054911
0.054925
0.054938
0.054951
0.054963
0.054976
0.030930
0.031184
0.031214
0.031233
0.031251
0.031269
0.031287
0.031305
0.031323
0.031340
0.031358
0.028665
0.028888
0.028905
0.028920
0.028933
0.028946
0.028960
0.028973
0.028986
0.028999
0.029012
0.024199
0.024426
0.024444
0.024458
0.024472
0.024485
0.024499
0.024513
0.024526
0.024539
0.024553
0.031069
0.031325
0.031357
0.031376
0.031394
0.031412
0.031430
0.031448
0.031465
0.031483
0.031501
0.032114
0.032362
0.032381
0.032398
0.032426
0.032444
0.032463
0.032481
0.032499
0.032517
0.032535
0.032956
0.033208
0.033227
0.033253
0.033273
0.033292
0.033310
0.033328
0.033345
0.033363
0.033381
0.028131
0.028356
0.028373
0.028388
0.028402
0.028416
0.028430
0.028443
0.028456
0.028470
0.028483
0.025238
0.025451
0.025478
0.025493
0.025506
0.025520
0.025533
0.025546
0.025559
0.025576
0.025590
0.024046
0.024341
0.024374
0.024402
0.024441
0.024468
0.024495
0.024522
0.024549
0.024576
0.024605
0.057866
0.058090
0.058107
0.058121
0.058135
0.058148
0.058161
0.058174
0.058187
0.058200
0.058212
0.024000
0.024223
0.024242
0.024257
0.024270
0.024284
0.024297
0.024311
0.024324
0.024337
0.024350
0.023856
0.024078
0.024096
0.024110
0.024123
0.024136
0.024150
0.024163
0.024176
0.024189
0.024202
0.023387
0.023615
0.023632
0.023646
0.023660
0.023673
0.023686
0.023700
0.023713
0.023726
0.023739
0.023706
0.023916
0.023943
0.023957
0.023970
0.023984
0.023997
0.024011
0.024024
0.024037
0.024050
0.024849
0.025059
0.025075
0.025089
0.025113
0.025126
0.025140
0.025153
0.025166
0.025179
0.025192
0.023485
0.023706
0.023723
0.023737
0.023751
0.023764
0.023777
0.023791
0.023804
0.023817
0.023831
0.023497
0.023722
0.023741
0.023754
0.023768
0.023782
0.023795
0.023808
0.023821
0.023834
0.023847
0.023456
0.023676
0.023693
0.023707
0.023721
0.023735
0.023748
0.023761
0.023774
0.023787
0.023801
0.023596
0.023817
0.023835
0.023850
0.023863
0.023876
0.023890
0.023903
0.023916
0.023929
0.023942
0.053869
0.054090
0.054107
0.054121
0.054135
0.054148
0.054161
0.054174
0.054188
0.054201
0.054214
0.023888
0.024112
0.024129
0.024144
0.024157
0.024171
0.024184
0.024197
0.024210
0.024223
0.024236
0.023381
0.023605
0.023622
0.023636
0.023650
0.023664
0.023677
0.023691
0.023704
0.023717
0.023731
0.023595
0.023804
0.023832
0.023846
0.023860
0.023873
0.023886
0.023899
0.023913
0.023926
0.023939
0.023313
0.023534
0.023551
0.023565
0.023578
0.023591
0.023605
0.023618
0.023631
0.023644
0.023657
0.024009
0.024235
0.024252
0.024266
0.024280
0.024293
0.024307
0.024320
0.024333
0.024346
0.024359
0.023512
0.023735
0.023751
0.023766
0.023780
0.023794
0.023807
0.023820
0.023833
0.023847
0.023860
0.023368
0.023578
0.023604
0.023618
0.023632
0.023645
0.023658
0.023672
0.023684
0.023697
0.023710
0.023686
0.023910
0.023927
0.023941
0.023956
0.023991
0.024010
0.024024
0.024038
0.024051
0.024065
0.023543
0.023765
0.023783
0.023797
0.023811
0.023823
0.023837
0.023850
0.023863
0.023876
0.023889
0.053540
0.053761
0.053778
0.053793
0.053807
0.053820
0.053833
0.053846
0.053860
0.053873
0.053886
0.023436
0.023643
0.023669
0.023683
0.023697
0.023710
0.023724
0.023737
0.023750
0.023763
0.023776
0.023632
0.023852
0.023869
0.023884
0.023897
0.023910
0.023923
0.023937
0.023950
0.023963
0.023976
0.023721
0.023946
0.023963
0.023977
0.023991
0.024005
0.024018
0.024031
0.024044
0.024057
0.024070
0.024323
0.024535
0.024561
0.024575
0.024589
0.024602
0.024615
0.024628
0.024642
0.024655
0.024668
0.024447
0.024655
0.024671
0.024685
0.024709
0.024722
0.024735
0.024749
0.024762
0.024775
0.024788
0.023347
0.023567
0.023584
0.023598
0.023612
0.023625
0.023639
0.023652
0.023665
0.023678
0.023691
0.023288
0.023507
0.023524
0.023538
0.023552
0.023565
0.023578
0.023592
0.023605
0.023618
0.023632
0.023200
0.023422
0.023440
0.023454
0.023467
0.023480
0.023494
0.023507
0.023520
0.023533
0.023546
0.023432
0.023653
0.023670
0.023685
0.023698
0.023711
0.023724
0.023737
0.023750
0.023764
0.023777
0.054117
0.054339
0.054357
0.054371
0.054384
0.054398
0.054411
0.054424
0.054437
0.054450
0.054463
0.023601
0.023825
0.023843
0.023857
0.023871
0.023884
0.023897
0.023911
0.023924
0.023938
0.023951
0.023608
0.023828
0.023845
0.023860
0.023873
0.023886
0.023900
0.023912
0.023925
0.023938
0.023951
0.023614
0.023841
0.023858
0.023872
0.023886
0.023900
0.023914
0.023927
0.023941
0.023954
0.023967
0.024134
0.024357
0.024375
0.024389
0.024402
0.024415
0.024429
0.024442
0.024454
0.024467
0.024480
0.025546
0.025758
0.025785
0.025800
0.025813
0.025826
0.025840
0.025853
0.025867
0.025880
0.025893
0.024347
0.024560
0.024587
0.024601
0.024615
0.024628
0.024641
0.024654
0.024668
0.024680
0.024693
0.023617
0.023894
0.023925
0.023942
0.023959
0.023977
0.023993
0.024009
0.024025
0.024040
0.024056
0.023372
0.023592
0.023608
0.023623
0.023636
0.023650
0.023663
0.023675
0.023688
0.023701
0.023714
0.023469
0.023689
0.023706
0.023721
0.023735
0.023748
0.023762
0.023775
0.023788
0.023801
0.023815
0.053013
0.053232
0.053250
0.053264
0.053278
0.053291
0.053304
0.053317
0.053330
0.053343
0.053356
0.023679
0.023903
0.023920
0.023935
0.023949
0.023962
0.023976
0.023989
0.024003
0.024016
0.024029
0.023260
0.023480
0.023496
0.023520
0.023541
0.023556
0.023569
0.023582
0.023595
0.023608
0.023622
0.023623
0.023846
0.023864
0.023878
0.023892
0.023906
0.023919
0.023932
0.023945
0.023958
0.023971
0.024010
0.024231
0.024248
0.024262
0.024276
0.024289
0.024302
0.024315
0.024328
0.024342
0.024354
0.024645
0.024857
0.024883
0.024898
0.024912
0.024926
0.024940
0.024953
0.024966
0.024979
0.024993
0.023423
0.023631
0.023657
0.023671
0.023684
0.023698
0.023711
0.023724
0.023738
0.023751
0.023764
0.023257
0.023477
0.023494
0.023508
0.023522
0.023536
0.023549
0.023561
0.023575
0.023587
0.023600
0.023707
0.023928
0.023945
0.023960
0.023973
0.023986
0.023999
0.024013
0.024025
0.024038
0.024052
0.023451
0.023666
0.023693
0.023707
0.023721
0.023734
0.023747
0.023760
0.023773
0.023786
0.023798
0.055145
0.055371
0.055388
0.055402
0.055415
0.055428
0.055441
0.055454
0.055467
0.055481
0.055494
0.023595
0.023822
0.023840
0.023854
0.023868
0.023881
0.023895
0.023908
0.023921
