563	244	158	118
561	244	161	120
566	246	162	121
571	248	164	122
577	251	165	123
583	253	167	124
588	256	168	125
594	258	170	127
599	260	172	128
605	263	173	129
610	265	175	130
616	268	176	131
567	247	154	115
567	247	153	114
568	247	152	114
568	247	152	113
569	248	151	113
569	248	150	112
570	248	150	112
570	248	149	111
571	249	148	111
572	249	148	110
572	249	147	110
563	244	158	118
563	244	157	117
563	244	157	117
563	244	157	117
563	243	157	117
563	243	157	117
563	243	157	117
563	243	157	117
563	243	157	117
563	243	157	117
563	243	157	117
573	244	158	118
572	243	158	118
573	243	158	118
573	243	158	118
574	243	158	118
575	243	158	118
575	243	158	118
576	243	158	118
576	243	158	118
577	243	158	118
577	243	158	118
581	246	151	113
581	245	151	113
582	246	150	112
582	246	150	112
583	246	149	112
584	246	149	111
584	246	149	111
585	246	148	111
586	246	148	111
586	246	148	110
587	246	147	110
583	249	158	118
583	249	157	117
584	249	157	117
584	249	158	118
584	249	158	118
585	249	158	118
585	250	158	118
585	250	158	118
586	250	159	118
586	250	159	118
587	250	159	119
598	261	151	113
598	261	151	113
599	261	150	112
600	262	150	112
601	263	150	112
602	264	150	112
603	264	149	112
604	265	149	112
605	266	149	111
606	267	149	111
607	267	148	111
593	256	158	118
593	256	157	117
594	256	157	117
594	256	158	118
594	256	158	118
594	256	158	118
594	256	159	118
594	257	159	118
594	257	159	119
595	257	159	119
595	257	160	119
593	251	158	118
593	251	158	118
593	250	158	118
593	250	158	118
593	250	158	118
593	249	158	118
593	249	158	118
593	249	159	118
593	248	159	118
593	248	159	118
593	248	159	119
586	251	158	118
586	250	158	118
585	250	158	118
585	250	158	118
584	250	158	118
584	250	158	118
584	250	158	118
583	249	158	118
583	249	158	118
582	249	158	118
582	249	158	118
585	251	164	122
584	250	164	122
584	250	164	122
584	250	164	122
583	250	165	122
583	250	165	122
583	250	165	123
583	250	166	123
582	250	166	123
582	250	166	123
582	250	167	124
582	253	161	120
581	252	161	120
581	253	161	120
581	253	161	120
581	253	161	120
580	253	161	120
580	253	161	120
580	253	161	120
580	253	161	120
579	253	161	120
579	253	161	120
581	260	154	115
580	260	153	114
580	260	153	114
580	260	153	114
580	261	152	114
580	261	152	113
579	262	151	113
579	262	151	113
579	263	151	112
579	263	150	112
579	264	150	112
587	266	151	113
586	266	150	112
587	266	150	112
587	267	149	112
587	267	149	111
587	268	149	111
588	269	148	111
588	269	148	111
588	270	148	111
589	270	147	110
589	271	147	110
596	269	157	117
596	269	156	116
596	269	156	116
597	270	157	117
598	270	157	117
598	271	157	117
599	271	157	117
600	271	157	117
600	272	158	117
601	272	158	117
601	272	158	117
617	287	154	115
617	287	154	115
619	288	154	115
620	289	154	115
621	290	154	115
623	291	153	114
624	293	153	114
626	294	153	114
627	295	153	114
629	296	153	114
630	297	153	114
588	295	161	120
589	296	160	119
588	297	161	120
587	297	161	120
586	298	161	120
585	299	162	120
584	300	162	121
583	301	163	121
582	302	163	121
581	303	163	121
580	304	164	122
666	304	164	122
664	304	164	122
668	305	164	122
672	306	165	122
676	307	165	122
680	308	165	123
683	309	165	123
687	310	166	123
691	310	166	123
695	311	166	124
699	312	167	124
638	295	167	125
641	295	167	125
642	295	167	125
642	295	167	125
642	295	168	125
642	295	168	126
642	294	168	126
643	294	169	126
643	294	169	126
643	294	169	127
643	294	169	127
616	284	174	130
616	283	174	130
614	283	174	130
613	282	175	131
612	281	175	131
610	280	176	131
609	280	176	132
608	279	177	132
606	278	177	132
605	277	178	133
604	277	178	133
631	288	171	127
629	287	171	127
629	287	171	127
630	287	171	127
630	286	171	127
630	286	171	127
630	286	171	127
630	286	171	127
631	286	171	127
631	286	171	127
631	286	171	127
637	300	167	125
637	299	167	124
637	300	166	124
638	301	166	124
638	301	166	124
639	302	166	124
639	303	165	124
640	303	165	124
640	304	165	124
641	305	165	123
641	305	164	123
607	286	174	130
607	286	173	129
606	286	174	130
604	285	174	130
603	285	174	130
601	284	174	130
600	284	175	130
598	283	175	131
597	283	175	131
595	282	176	131
594	282	176	131
600	283	181	135
598	282	181	135
597	282	181	135
596	281	182	135
595	281	182	136
594	280	183	136
593	280	183	137
592	280	184	137
591	279	184	137
590	279	185	138
588	278	186	138
587	273	185	138
585	272	185	138
584	271	185	138
583	271	186	139
582	270	186	139
581	269	187	139
580	269	187	140
579	268	188	140
578	267	188	140
577	266	189	140
575	266	189	141
579	270	177	132
577	269	177	132
577	268	177	132
576	268	176	131
575	267	176	131
574	267	176	131
573	266	176	131
572	266	175	131
571	266	175	130
570	265	175	130
569	265	174	130
586	265	181	135
585	264	180	134
585	264	180	134
585	263	180	134
585	263	180	134
585	262	181	135
585	262	181	135
585	261	181	135
585	261	181	135
585	260	181	135
585	260	181	135
601	264	185	138
601	263	185	138
601	263	185	138
602	263	185	138
603	262	185	138
604	262	186	138
605	262	186	139
606	262	186	139
607	261	186	139
608	261	187	139
609	261	187	139
598	258	185	138
598	257	185	138
599	257	185	138
599	256	185	138
599	256	185	138
599	256	185	138
600	255	185	138
600	255	185	138
600	254	186	138
600	254	186	138
601	254	186	138
601	261	177	132
601	260	177	132
601	260	176	131
601	260	176	131
601	260	175	131
602	260	175	130
602	260	175	130
602	260	174	130
602	260	174	129
602	260	173	129
603	260	173	129
591	256	181	135
591	255	180	134
590	255	180	134
590	255	180	134
589	255	180	134
589	254	180	134
588	254	180	134
588	254	180	134
587	254	180	134
587	253	180	134
586	253	180	134
593	258	177	132
592	257	177	132
592	257	176	131
592	257	176	131
592	257	176	131
592	257	176	131
591	257	176	131
591	257	175	131
591	257	175	131
591	257	175	130
591	257	175	130
593	258	177	132
592	257	176	131
592	258	176	131
592	258	176	131
592	258	176	131
592	258	176	131
592	258	176	131
592	258	176	131
592	258	176	131
592	258	176	131
592	258	176	131
594	259	181	135
593	259	180	134
594	259	181	135
594	259	181	135
594	259	181	135
594	259	181	135
594	259	181	135
594	259	182	135
594	259	182	135
594	259	182	136
594	259	182	136
599	269	177	132
599	269	177	132
599	269	177	132
599	270	176	131
599	270	176	131
600	271	176	131
600	271	176	131
600	272	176	131
601	273	176	131
601	273	176	131
601	274	176	131
602	274	171	127
602	274	170	126
602	275	170	126
602	275	170	126
603	276	169	125
603	276	169	125
603	277	168	125
604	277	168	124
604	278	168	124
604	278	167	124
604	279	167	123
608	274	164	122
608	274	163	121
608	274	163	121
609	274	162	120
609	275	161	120
610	275	161	119
610	275	160	119
610	275	160	119
611	275	159	118
611	276	159	118
612	276	158	117
611	271	171	127
611	271	170	126
611	271	170	126
612	270	170	126
612	270	170	126
612	270	171	127
613	270	171	127
613	270	171	127
613	270	171	127
614	270	171	127
614	270	171	127
617	283	167	125
617	282	167	125
617	283	167	125
618	284	166	125
618	284	166	124
619	285	166	124
619	285	166	124
620	286	166	124
620	287	166	124
621	287	166	124
621	288	166	124
607	290	167	125
607	290	166	124
607	291	166	124
606	291	166	124
606	292	166	124
605	293	166	124
605	293	166	124
605	294	166	124
604	295	166	124
604	295	166	124
604	296	166	124
592	294	171	127
591	294	170	126
590	295	171	127
589	295	171	127
588	296	171	127
587	296	171	127
586	297	171	127
585	297	172	127
584	298	172	127
583	298	172	127
582	299	172	127
586	293	167	125
584	293	167	125
584	293	167	125
583	293	166	124
582	293	166	124
581	293	166	124
581	294	166	124
580	294	166	124
579	294	166	124
578	294	166	124
578	294	166	124
583	289	164	122
582	289	163	121
581	288	163	121
581	288	163	121
580	288	163	121
580	288	162	121
579	288	162	120
579	287	162	120
579	287	162	120
578	287	161	120
578	287	161	120
589	280	167	125
588	279	166	124
588	279	166	124
588	278	166	124
589	278	166	125
589	277	167	125
589	276	167	125
589	276	167	125
589	275	167	125
589	275	167	125
590	274	167	125
596	273	164	122
596	272	164	122
596	271	163	121
597	271	163	121
597	270	163	121
598	269	163	121
598	269	163	121
599	268	163	121
599	267	163	121
600	267	163	121
600	266	162	121
605	269	161	120
605	268	160	119
606	267	160	119
606	267	160	119
607	266	160	119
608	266	159	119
609	265	159	119
609	265	159	118
610	265	159	118
611	264	159	118
611	264	158	118
600	269	167	125
600	268	166	124
600	268	167	125
600	268	167	125
600	267	167	125
600	267	167	125
600	267	167	125
600	267	168	126
600	267	168	126
600	267	168	126
600	266	168	126
598	264	174	130
598	263	174	130
597	263	174	130
597	263	175	130
597	262	175	131
597	262	176	131
597	262	176	132
597	261	177	132
596	261	177	132
596	261	178	133
596	260	178	133
585	258	174	130
584	257	174	130
584	257	174	130
583	256	174	130
582	256	175	130
581	255	175	131
580	255	175	131
580	254	175	131
579	254	176	131
578	253	176	131
577	253	176	131
573	248	181	135
572	247	181	135
571	246	181	135
570	246	182	135
569	245	182	136
568	244	183	136
567	243	183	136
566	243	183	137
565	242	184	137
564	241	184	137
563	240	185	138
569	244	177	132
567	243	177	132
567	242	177	132
566	242	177	132
566	241	177	132
565	241	177	132
564	240	177	132
564	240	177	132
563	239	177	132
562	239	177	132
562	238	177	132
563	244	177	132
562	243	176	131
561	243	176	131
561	243	176	131
560	242	176	131
560	242	176	131
559	242	176	131
559	242	176	131
558	242	176	131
557	241	176	131
557	241	176	131
567	242	181	135
566	241	180	134
566	241	181	135
566	241	181	135
566	241	181	135
566	241	181	135
566	240	181	135
566	240	182	135
566	240	182	136
566	240	182	136
566	240	182	136
575	244	177	132
575	243	177	132
575	243	177	132
575	243	176	131
576	243	176	131
576	244	176	131
577	244	176	131
577	244	176	131
578	244	176	131
578	244	176	131
579	244	176	131
584	246	171	127
584	246	170	126
585	246	170	126
585	246	170	126
586	246	169	125
587	246	169	125
588	246	168	125
588	246	168	124
589	247	168	124
590	247	167	124
590	247	167	123
602	246	177	132
602	246	176	131
603	246	176	131
605	246	176	131
606	246	177	132
607	246	177	132
609	246	177	132
610	246	177	132
611	246	177	132
613	246	177	132
614	246	178	132
685	260	171	127
686	260	171	127
691	260	170	126
696	261	170	126
701	262	170	126
706	263	170	126
711	264	169	126
717	264	169	125
722	265	169	125
727	266	169	125
732	267	169	125
668	268	164	122
673	268	163	121
674	269	163	121
675	270	162	121
677	271	162	120
678	271	161	120
679	272	161	119
680	273	160	119
682	274	160	119
683	275	159	118
684	275	159	118
641	279	167	125
642	279	166	124
641	280	166	124
639	281	166	124
638	282	166	124
637	283	166	124
636	284	166	124
634	285	166	124
633	286	166	124
632	287	166	124
631	288	166	124
675	298	167	125
673	298	166	125
675	300	166	125
676	301	166	125
677	303	166	125
678	304	166	125
680	306	166	125
681	307	167	125
682	308	167	125
683	310	167	125
685	311	167	125
661	306	174	130
662	307	174	130
662	308	174	130
662	309	174	130
661	310	175	130
661	311	175	131
661	312	175	131
661	313	176	131
661	314	176	132
661	315	177	132
661	316	177	132
680	314	174	130
679	315	174	130
680	315	174	130
681	316	174	130
682	317	174	130
683	318	175	130
684	319	175	130
685	319	175	131
686	320	175	131
687	321	175	131
688	322	175	131
679	308	181	135
679	308	181	135
680	308	181	135
680	308	182	135
681	308	182	136
681	308	182	136
681	308	183	136
682	308	183	137
682	308	184	137
682	308	184	137
683	308	185	137
691	305	174	130
691	304	174	130
692	304	174	130
692	304	174	130
693	304	173	129
694	304	173	129
695	303	173	129
696	303	173	129
696	303	173	129
697	303	172	129
698	302	172	129
706	288	177	132
706	287	176	131
707	286	176	131
709	285	176	131
710	284	176	131
711	283	177	131
712	282	177	132
713	281	177	132
714	280	177	132
716	279	177	132
717	278	177	132
656	296	185	138
657	294	185	138
654	294	185	138
652	294	186	138
650	294	186	139
647	294	186	139
645	294	187	139
643	294	187	140
641	294	188	140
638	294	188	140
636	294	189	141
710	249	192	143
707	249	192	143
709	246	193	143
711	243	193	144
713	241	194	144
715	238	194	145
717	236	195	145
719	233	196	145
721	231	196	146
722	228	197	146
724	226	197	147
749	246	192	143
750	243	192	143
754	242	192	143
757	240	193	143
760	239	193	143
763	238	193	144
766	236	193	144
769	235	194	144
772	234	194	144
776	233	194	144
779	231	194	144
789	277	188	141
792	275	188	141
795	276	188	141
799	278	187	141
802	279	187	141
806	280	187	140
809	282	187	140
813	283	187	140
816	284	187	140
820	285	187	140
823	287	186	140
798	276	181	135
801	277	180	134
803	277	180	134
805	278	179	134
807	279	179	133
809	279	178	133
810	280	178	133
812	280	178	132
814	281	177	132
816	282	177	131
818	282	176	131
778	288	181	135
779	288	180	134
779	289	180	134
778	290	180	134
778	291	179	134
778	292	179	133
777	292	179	133
777	293	179	133
776	294	179	133
776	295	178	133
775	296	178	133
763	293	174	130
762	293	173	129
761	294	173	129
760	295	172	129
759	295	172	128
757	296	171	128
756	296	171	128
755	297	171	127
754	298	170	127
753	298	170	127
752	299	169	126
761	297	177	132
759	297	176	131
759	298	176	131
758	298	176	131
758	298	176	131
757	299	176	131
756	299	176	131
756	300	176	131
755	300	176	131
755	301	176	131
754	301	176	131
754	288	181	135
753	288	180	134
752	288	181	135
752	287	181	135
751	287	181	135
751	287	181	135
750	286	182	135
749	286	182	136
749	286	182	136
748	285	182	136
748	285	183	136
725	223	181	135
724	222	181	135
722	218	181	135
720	215	181	135
718	211	181	135
717	207	181	135
715	203	181	135
713	200	181	135
711	196	181	135
709	192	182	135
707	188	182	135
664	250	174	130
662	246	174	130
658	246	173	129
653	245	173	129
649	245	173	129
645	245	172	129
641	245	172	128
637	245	171	128
632	245	171	128
628	244	171	128
624	244	170	127
663	270	171	127
658	269	170	126
656	271	170	126
655	272	169	126
653	273	169	125
651	274	169	125
649	276	168	125
647	277	168	125
646	278	168	124
644	279	168	124
642	281	167	124
655	280	174	130
653	281	173	129
652	282	173	129
651	283	173	129
650	284	173	129
649	285	173	129
648	286	173	129
647	287	173	130
646	289	173	130
645	290	173	130
644	291	174	130
633	282	167	125
631	283	167	125
630	283	166	124
628	284	166	124
627	284	165	124
625	285	165	124
624	285	165	123
622	286	164	123
620	286	164	123
619	287	164	123
617	287	163	122
602	268	171	127
600	268	170	126
598	267	170	126
595	267	170	126
593	266	170	126
590	266	170	126
588	265	170	126
586	264	171	126
583	264	171	126
581	263	171	126
579	263	171	126
591	277	167	125
588	276	167	125
587	276	166	124
585	276	166	124
583	277	166	124
582	277	166	124
580	277	166	124
579	277	166	124
577	277	165	124
576	278	165	124
574	278	165	124
591	280	167	125
589	280	166	124
588	280	166	124
588	280	166	124
587	281	166	124
587	281	166	124
586	281	166	124
585	281	166	124
585	282	166	124
584	282	166	124
584	282	166	124
599	285	161	120
598	285	160	119
598	285	160	119
598	286	160	119
599	286	159	119
599	286	159	118
599	287	159	118
600	287	158	118
600	288	158	117
600	288	158	117
600	288	157	117
598	290	164	122
598	290	163	121
598	290	163	121
598	291	163	121
598	291	163	121
598	292	163	121
598	292	163	121
598	293	163	121
598	293	163	121
599	293	163	121
599	294	163	121
589	290	171	127
589	290	171	126
588	290	171	127
588	290	171	127
587	290	172	127
587	291	172	128
586	291	173	128
586	291	173	128
585	291	173	128
585	291	174	129
584	291	174	129
591	291	167	125
590	291	167	125
590	291	167	125
590	291	167	125
590	291	167	125
590	291	167	125
590	291	167	125
589	291	167	125
589	291	167	125
589	292	167	125
589	292	167	125
589	294	161	120
588	294	160	120
588	294	160	119
588	294	160	119
588	294	159	119
588	294	159	118
588	295	159	118
588	295	158	118
587	295	158	118
587	295	157	117
587	295	157	117
595	296	154	115
594	296	153	114
595	296	153	114
595	296	152	113
595	296	151	113
595	296	151	113
596	297	150	112
596	297	150	112
596	297	149	111
597	297	149	111
597	297	148	111
604	299	154	115
604	299	153	114
604	299	153	114
605	299	152	114
606	299	152	114
606	300	152	113
607	300	152	113
608	300	152	113
608	300	151	113
609	301	151	113
609	301	151	113
619	303	161	120
619	303	160	119
620	303	161	120
621	303	161	120
622	304	161	120
624	304	162	120
625	304	162	120
626	305	162	121
627	305	163	121
628	305	163	121
629	306	163	121
625	310	164	122
626	310	164	122
626	310	164	122
627	311	164	122
628	311	165	122
629	312	165	123
630	312	165	123
630	313	166	123
631	313	166	123
632	314	166	123
633	314	167	124
624	317	167	125
624	317	167	125
625	318	167	125
625	318	167	125
625	319	168	125
625	319	168	126
625	320	168	126
626	321	169	126
626	321	169	126
626	322	169	127
626	322	169	127
620	324	171	127
620	324	171	127
620	325	171	127
619	325	171	127
619	326	172	127
619	327	172	128
619	327	172	128
619	328	173	128
619	328	173	128
618	329	173	128
618	330	174	129
618	322	164	122
617	322	164	122
617	322	164	122
617	322	163	121
617	323	163	121
617	323	163	121
616	323	163	121
616	323	162	121
616	323	162	120
616	323	162	120
616	323	162	120
604	316	171	127
603	316	170	126
602	315	170	126
602	315	171	127
601	315	171	127
600	314	171	127
599	314	172	127
598	314	172	127
597	313	172	128
596	313	172	128
596	313	173	128
609	316	164	122
608	315	164	122
608	315	164	121
607	315	163	121
607	315	163	121
607	315	163	121
607	314	162	121
607	314	162	121
607	314	162	120
607	314	162	120
607	314	161	120
633	311	157	117
632	310	156	116
634	310	156	116
635	310	155	116
636	309	155	115
638	309	154	115
639	309	154	114
640	308	153	114
642	308	153	114
643	308	152	113
644	307	152	113
641	307	161	120
642	306	160	119
643	306	160	119
644	305	160	119
645	305	160	119
646	305	160	119
647	304	160	119
648	304	160	119
649	304	160	119
650	303	160	119
651	303	160	119
638	299	167	125
639	298	167	125
639	298	167	125
639	297	167	125
639	296	168	125
639	296	168	126
640	295	168	126
640	295	169	126
640	294	169	127
640	293	169	127
641	293	170	127
636	289	167	125
636	288	167	125
636	287	167	125
636	286	167	125
636	286	167	125
635	285	168	125
635	284	168	125
635	283	168	126
635	282	168	126
635	282	168	126
635	281	168	126
643	284	161	120
642	283	161	120
643	282	160	119
643	282	160	119
643	281	160	119
644	280	160	119
644	280	159	118
644	279	159	118
645	279	159	118
645	278	158	118
646	277	158	118
644	278	164	122
644	277	163	121
644	276	163	121
644	276	163	121
644	275	163	121
645	275	163	121
645	274	163	121
645	274	163	121
645	273	163	121
646	272	163	121
646	272	164	121
652	275	164	122
652	274	164	121
652	274	164	122
653	273	164	122
653	273	164	122
654	272	164	122
654	272	164	122
655	272	164	122
655	271	164	122
656	271	164	122
656	271	164	122
662	273	167	125
662	272	167	125
663	272	167	125
664	272	167	125
664	271	167	125
665	271	167	125
666	271	167	125
667	271	168	126
667	270	168	126
668	270	168	126
669	270	168	126
659	273	167	125
659	272	167	125
659	272	167	125
660	272	167	125
660	272	167	125
660	272	167	125
660	272	167	125
660	272	167	125
660	272	167	125
660	272	167	125
661	271	167	125
664	276	161	120
664	275	161	120
664	276	160	119
664	276	160	119
665	276	160	119
665	276	159	119
665	276	159	118
665	276	159	118
666	276	158	118
666	277	158	118
666	277	158	117
675	273	154	115
675	273	153	114
676	273	153	114
676	272	152	113
677	272	152	113
678	272	151	113
678	272	151	112
679	272	150	112
680	272	149	111
681	272	149	111
681	272	148	111
686	270	151	113
686	269	150	112
687	269	150	112
688	269	149	112
689	269	149	111
690	269	148	111
691	268	148	111
692	268	148	110
693	268	147	110
694	268	147	110
695	267	146	110
692	267	151	113
692	266	150	112
693	266	150	112
694	266	150	112
695	266	150	112
695	265	150	112
696	265	149	112
697	265	149	112
697	264	149	112
698	264	149	111
699	264	149	111
694	277	157	117
694	276	156	116
695	277	157	117
695	277	157	117
695	278	157	117
696	278	158	117
696	278	158	117
696	279	158	118
697	279	158	118
697	280	159	118
698	280	159	118
693	282	164	122
693	282	164	122
693	282	164	122
693	283	165	122
693	283	165	123
693	284	166	123
693	284	166	124
693	285	167	124
693	285	167	124
693	286	168	125
694	286	169	125
684	281	167	125
684	281	167	125
683	281	167	125
683	281	168	126
682	281	168	126
682	282	169	126
681	282	169	126
681	282	169	127
680	282	170	127
680	282	170	127
679	282	170	128
675	279	174	130
674	279	174	130
673	279	174	130
673	278	175	131
672	278	175	131
671	278	176	131
670	278	177	132
670	278	177	132
669	278	178	133
668	278	178	133
668	278	179	133
669	282	181	135
668	281	181	135
667	282	182	135
667	282	182	136
666	282	183	136
665	282	183	137
665	282	184	137
664	282	185	138
663	282	185	138
663	282	186	138
662	283	186	139
663	284	177	132
662	284	177	132
661	284	177	132
661	284	177	132
660	284	177	132
660	284	177	132
659	284	177	132
658	285	177	132
658	285	177	132
657	285	177	132
657	285	177	132
661	291	181	135
660	291	181	135
660	291	181	135
659	292	181	135
659	292	181	135
659	292	181	135
658	293	181	135
658	293	182	135
658	294	182	136
657	294	182	136
657	295	182	136
667	301	174	130
666	301	174	130
666	302	173	129
667	302	173	129
667	303	173	129
667	304	172	129
667	305	172	129
667	305	172	128
668	306	172	128
668	307	171	128
668	308	171	128
670	309	174	130
670	309	173	129
670	310	173	129
670	311	173	129
671	312	173	129
671	312	173	129
671	313	172	129
671	314	172	129
672	315	172	129
672	315	172	128
672	316	172	128
659	306	181	135
659	306	180	134
658	306	181	135
658	307	181	135
657	307	181	135
657	307	182	135
656	307	182	136
656	307	182	136
655	307	183	136
655	307	183	136
654	307	183	137
647	303	188	141
646	303	188	141
645	302	188	141
644	302	189	142
643	302	189	142
642	302	190	143
641	302	191	143
641	302	191	143
640	302	192	144
639	301	192	144
638	301	193	145
643	302	185	138
642	301	185	138
641	301	185	138
640	301	185	138
640	301	185	138
639	301	185	138
639	301	185	138
638	301	185	138
637	300	185	138
637	300	186	138
636	300	186	138
645	308	192	143
644	307	192	143
644	308	192	143
644	308	192	143
644	308	193	143
643	308	193	144
643	309	193	144
643	309	194	144
643	309	194	144
643	310	195	145
643	310	195	145
652	315	188	141
651	315	188	141
652	315	188	141
652	316	188	141
653	316	188	141
653	317	188	141
653	317	188	141
654	318	188	141
654	318	188	141
654	319	187	141
655	319	187	141
654	323	185	138
654	323	184	138
654	324	184	137
654	324	184	137
655	325	184	137
655	326	184	137
655	326	183	137
656	327	183	136
656	328	183	136
656	328	183	136
656	329	183	136
652	334	177	132
652	334	176	131
652	335	176	131
652	336	175	130
652	337	175	130
652	338	174	130
652	339	174	129
652	339	173	129
652	340	173	128
652	341	172	128
652	342	171	128
616	334	177	132
616	334	176	131
613	335	176	131
611	335	176	131
609	335	175	131
607	336	175	130
605	336	175	130
603	336	175	130
601	337	174	130
599	337	174	130
597	338	174	130
597	332	181	135
594	332	180	134
593	332	180	134
591	332	181	135
589	332	181	135
587	332	181	135
585	332	181	135
583	332	181	135
581	332	181	135
579	332	181	135
577	332	182	135
607	339	177	132
605	338	177	132
604	339	177	132
604	339	176	131
604	340	176	131
604	340	176	131
604	340	176	131
603	341	176	131
603	341	176	131
603	341	176	131
603	342	175	131
616	347	171	127
615	347	170	126
616	347	170	126
616	348	170	126
617	349	169	125
617	349	169	125
618	350	168	125
618	351	168	124
619	351	168	124
619	352	167	124
620	352	167	123
602	342	171	127
602	342	170	126
601	342	170	126
601	342	170	126
600	342	170	126
600	342	169	126
599	342	169	125
599	342	169	125
598	342	169	125
598	342	169	125
597	342	169	125
613	345	171	127
612	344	170	126
612	345	170	126
613	345	170	126
613	345	170	126
613	345	170	126
614	345	170	126
614	345	170	126
614	345	170	126
615	345	170	126
615	346	170	126
620	341	174	130
620	341	173	129
620	340	174	130
621	340	174	130
622	340	174	130
622	340	174	130
623	340	174	130
623	340	174	130
624	339	175	131
624	339	175	131
625	339	175	131
627	345	171	127
627	344	171	127
628	344	171	127
628	345	170	126
629	345	170	126
630	345	170	126
630	345	170	126
631	345	170	126
631	345	170	126
632	345	170	126
633	346	170	126
635	350	164	122
635	350	163	121
636	350	163	121
637	350	163	121
637	351	162	120
638	351	162	120
639	351	161	120
639	352	161	119
640	352	160	119
641	352	160	119
641	353	159	118
658	359	171	127
658	359	170	126
660	359	170	126
661	360	170	126
663	361	171	127
664	361	171	127
666	362	171	127
667	363	171	127
669	363	171	127
671	364	172	127
672	365	172	127
657	364	164	122
658	364	164	122
659	365	163	121
659	365	163	121
660	366	163	121
660	366	163	121
661	367	162	121
662	367	162	120
662	368	162	120
663	369	161	120
663	369	161	120
638	357	171	127
638	357	170	126
637	357	170	126
636	357	171	127
635	357	171	127
635	356	171	127
634	356	171	127
633	356	172	127
632	356	172	128
631	356	172	128
630	355	173	128
638	349	164	122
637	348	164	122
636	348	163	121
636	347	163	121
635	347	163	121
635	346	163	121
635	346	162	121
634	345	162	121
634	344	162	120
633	344	162	120
633	343	161	120
643	347	157	117
642	346	156	116
642	346	156	116
642	345	155	116
642	345	155	115
643	345	154	115
643	344	154	114
643	344	153	114
643	344	153	114
643	343	152	113
643	343	152	113
638	345	157	117
638	344	156	116
637	344	156	116
637	344	156	116
637	343	155	116
637	343	155	116
637	343	155	115
636	343	155	115
636	343	154	115
636	342	154	115
636	342	154	115
636	354	161	120
635	353	160	119
635	354	160	119
635	354	161	120
635	355	161	120
634	355	161	120
634	355	161	120
634	356	161	120
634	356	161	120
634	357	162	120
633	357	162	120
631	362	167	125
630	362	167	125
630	363	167	125
630	363	167	125
629	364	168	126
629	364	168	126
629	365	169	126
628	366	169	127
628	366	170	127
627	367	170	127
627	368	170	128
616	364	161	120
615	364	161	120
614	365	161	120
613	365	161	120
612	365	160	119
611	366	160	119
610	366	160	119
609	366	160	119
608	367	160	119
607	367	160	119
606	368	160	119
604	360	164	122
603	360	163	121
601	360	163	121
600	360	163	121
599	360	164	121
598	360	164	121
597	359	164	122
596	359	164	122
595	359	164	122
594	359	164	122
593	359	164	122
600	361	167	125
598	360	167	125
598	360	167	125
597	360	167	125
596	360	167	125
596	360	167	125
595	360	168	125
595	360	168	126
594	360	168	126
593	360	168	126
593	360	168	126
610	366	161	120
609	365	161	120
609	366	160	119
609	366	160	119
610	366	160	119
610	367	160	119
610	367	159	119
611	367	159	119
611	367	159	118
611	368	159	118
612	368	159	118
616	372	154	115
616	372	153	114
616	372	153	114
617	373	152	114
617	373	152	113
618	374	151	113
618	374	151	112
619	375	150	112
619	375	150	112
620	375	149	111
620	376	149	111
612	375	157	117
612	375	156	116
612	375	156	116
612	376	156	116
612	376	156	116
612	376	156	116
612	377	156	116
612	377	156	116
612	377	156	116
612	378	156	116
612	378	156	116
604	371	154	115
603	371	153	114
603	371	153	114
603	371	153	114
602	371	153	114
602	371	153	114
601	370	153	114
601	370	153	114
600	370	152	114
600	370	152	114
599	370	152	113
604	364	154	115
603	363	153	114
603	363	153	114
603	363	153	114
602	362	153	114
602	362	153	114
602	361	153	114
602	361	153	114
602	360	153	114
601	360	153	114
601	359	153	114
600	362	148	111
599	361	147	110
599	361	147	110
599	360	147	110
598	360	146	110
598	360	146	110
598	360	146	109
598	359	145	109
597	359	145	109
597	359	145	109
597	358	144	108
599	362	154	115
598	361	153	114
598	361	153	114
598	361	153	114
598	361	154	115
598	361	154	115
597	361	154	115
597	361	154	115
597	360	154	115
597	360	155	115
597	360	155	115
618	368	154	115
617	367	154	115
618	368	154	115
619	368	154	115
620	368	154	115
621	369	154	115
622	369	154	115
623	369	154	115
624	369	154	115
625	370	154	115
626	370	155	115
720	378	161	120
720	378	161	120
727	378	161	120
733	379	161	120
739	380	162	120
745	381	162	121
751	381	163	121
757	382	163	121
763	383	164	122
769	383	164	122
775	384	164	122
721	384	167	125
727	384	167	125
729	385	167	125
732	385	168	126
735	386	168	126
738	387	169	126
740	387	170	127
743	388	170	127
746	389	171	128
748	389	171	128
751	390	172	128
710	385	174	130
712	385	174	130
713	385	175	130
713	386	175	131
713	386	176	131
713	386	176	132
714	387	177	132
714	387	178	133
714	387	178	133
714	387	179	133
715	388	179	134
699	385	174	130
699	385	174	130
698	385	174	130
697	385	175	130
697	385	175	130
696	385	175	131
696	385	175	131
695	385	176	131
694	385	176	131
694	386	176	131
693	386	176	132
692	385	181	135
691	385	181	135
690	385	181	135
689	385	182	135
689	385	182	136
688	385	183	136
687	385	183	136
687	385	183	137
686	385	184	137
685	385	184	137
685	385	185	138
696	393	174	130
695	393	174	130
695	393	174	130
695	393	174	130
695	394	173	129
695	394	173	129
695	395	173	129
695	395	173	129
694	396	173	129
694	396	172	129
694	397	172	129
693	396	174	130
692	396	173	129
692	396	173	129
692	397	173	129
692	397	173	129
692	397	173	129
692	398	173	129
692	398	173	129
691	399	173	129
691	399	172	129
691	399	172	129
697	383	177	132
696	383	176	131
697	382	177	132
697	382	177	132
697	381	177	132
697	381	177	132
697	380	177	132
697	379	177	132
697	379	177	132
698	378	177	132
698	378	178	132
695	365	181	135
695	364	181	135
695	363	181	135
695	361	181	135
695	360	181	135
695	359	182	135
694	358	182	136
694	356	182	136
694	355	183	136
694	354	183	136
694	352	183	136
682	355	185	138
681	353	185	138
681	352	185	138
680	351	185	138
679	350	186	138
678	349	186	139
678	348	186	139
677	347	187	139
676	346	187	139
676	344	188	140
675	343	188	140
680	348	188	141
679	346	188	141
678	346	188	141
678	345	188	141
677	344	189	142
677	343	189	142
677	342	189	142
676	342	190	142
676	341	190	143
675	340	190	143
675	339	191	143
696	355	185	138
695	354	185	138
696	354	185	138
697	354	185	138
697	354	185	138
698	354	185	138
699	354	185	137
699	354	185	137
700	354	184	137
701	354	184	137
702	355	184	137
711	359	188	141
711	359	187	140
712	359	188	141
714	359	188	141
715	360	188	141
716	360	188	141
717	360	188	141
718	360	188	141
720	361	188	141
721	361	188	141
722	361	189	142
711	363	196	146
712	363	196	146
712	363	196	146
713	364	197	146
713	364	197	147
714	364	198	147
714	365	198	147
715	365	199	148
715	365	199	148
716	366	200	148
716	366	200	149
706	349	200	149
706	349	200	149
706	348	200	149
706	348	201	149
706	347	201	150
705	346	202	150
705	346	202	150
705	345	203	151
705	344	203	151
705	344	204	151
705	343	204	152
640	346	208	155
639	345	208	155
636	344	209	155
632	344	209	156
628	343	210	156
624	343	210	157
621	343	211	157
617	342	212	158
613	342	212	158
609	341	213	158
606	341	213	159
706	360	216	161
702	359	216	161
704	360	217	161
706	360	217	162
708	361	218	163
710	361	219	163
712	362	220	164
714	363	220	164
716	363	221	165
718	364	222	165
720	364	222	166
708	344	208	155
710	344	208	155
711	344	208	155
712	343	208	155
713	342	208	155
714	342	208	155
716	341	207	154
717	341	207	154
718	340	207	154
719	339	207	154
720	339	207	154
742	333	204	152
743	332	203	151
745	331	203	151
747	330	203	151
750	329	202	151
752	328	202	150
754	327	202	150
757	326	201	150
759	326	201	150
761	325	201	149
764	324	200	149
869	333	204	152
871	332	203	151
879	331	203	151
887	331	203	151
895	330	203	151
903	330	203	151
911	330	202	151
919	329	202	151
927	329	202	151
935	329	202	150
943	328	202	150
844	321	208	155
852	320	207	154
854	319	208	155
856	319	208	155
858	318	208	155
860	317	208	155
862	316	208	155
864	315	208	155
866	315	209	155
868	314	209	155
870	313	209	156
829	299	200	149
831	298	200	149
830	296	199	148
830	295	199	148
829	293	199	148
829	292	198	148
829	290	198	147
828	288	198	147
828	287	197	147
828	285	197	146
827	284	196	146
835	305	200	149
834	303	199	148
834	303	199	148
834	302	199	148
834	302	199	148
834	302	198	148
834	301	198	148
834	301	198	147
835	301	198	147
835	300	198	147
835	300	198	147
828	305	208	155
828	304	207	154
827	304	208	155
827	304	208	155
827	304	208	155
826	304	209	156
826	304	209	156
825	304	210	156
825	304	210	156
825	304	210	157
824	304	211	157
835	314	200	149
834	313	200	149
834	314	200	149
835	314	199	148
835	315	199	148
835	315	199	148
835	316	199	148
836	316	198	148
836	317	198	147
836	317	198	147
836	318	198	147
828	313	196	146
828	313	195	145
827	313	195	145
827	313	195	145
827	313	194	144
827	314	194	144
826	314	193	144
826	314	193	144
826	314	193	143
826	314	192	143
825	315	192	143
823	313	188	141
822	313	187	140
822	313	187	140
821	313	186	139
821	313	185	139
821	313	185	139
820	313	184	138
820	313	184	138
819	313	183	138
819	313	182	137
819	313	182	137
804	304	181	135
803	304	180	134
802	303	179	134
801	303	179	133
799	302	178	133
798	302	177	132
797	301	177	132
796	301	176	131
795	300	175	131
793	300	175	130
792	299	174	130
806	307	181	135
804	306	180	134
804	306	180	134
803	306	179	134
803	306	179	133
803	306	179	133
802	306	179	133
802	306	178	133
801	306	178	133
801	306	178	132
801	306	178	132
812	313	174	130
811	312	173	129
811	313	173	129
812	313	172	129
812	313	172	128
812	314	171	128
812	314	171	128
812	314	170	127
813	315	170	127
813	315	170	127
813	315	169	126
817	322	171	127
817	322	170	126
817	322	170	126
818	323	169	126
818	324	169	125
818	324	169	125
819	325	168	125
819	326	168	124
820	326	168	124
820	327	167	124
820	328	167	123
814	326	167	125
814	326	166	124
814	327	166	124
814	327	165	124
814	328	165	124
814	328	165	123
814	329	164	123
814	329	164	123
814	330	164	123
814	330	163	122
814	331	163	122
831	328	164	122
830	328	163	121
831	328	163	121
832	329	163	121
833	329	162	121
834	329	162	120
835	329	162	120
836	330	161	120
837	330	161	120
838	330	161	119
839	331	160	119
836	323	157	117
836	323	156	116
837	323	156	116
838	322	155	115
838	322	155	115
839	322	154	115
840	322	154	114
841	322	153	114
841	322	153	114
842	321	152	113
843	321	152	113
853	311	151	113
853	310	150	112
854	310	149	112
856	309	149	111
857	308	148	111
858	307	148	111
859	307	147	110
860	306	147	110
862	305	146	109
863	304	146	109
864	303	145	109
893	240	154	115
894	239	153	114
896	235	153	114
899	230	153	114
902	226	153	114
905	222	153	114
907	217	153	114
910	213	153	114
913	209	153	114
915	205	153	114
918	200	153	114
928	190	157	117
930	185	156	116
933	181	157	117
936	176	157	117
939	171	157	117
943	167	157	117
946	162	157	117
949	157	158	117
952	153	158	117
955	148	158	117
958	144	158	118
907	206	151	113
910	201	151	113
910	200	150	112
910	199	150	112
910	198	150	112
910	197	150	112
910	196	149	112
910	195	149	112
910	194	149	111
910	193	149	111
910	192	148	111
874	213	145	109
874	212	144	108
872	212	144	108
870	212	143	108
868	212	143	107
866	212	142	107
864	213	142	107
862	213	142	107
860	213	141	106
858	213	141	106
856	214	140	106
858	208	143	106
856	208	142	105
854	208	142	105
852	207	141	105
850	207	141	104
848	207	141	104
847	207	141	104
845	207	140	103
843	207	140	103
841	207	140	103
840	207	139	103
824	212	143	106
822	211	142	105
819	212	142	105
817	212	142	105
814	212	142	105
811	212	142	105
809	212	142	105
806	212	142	105
804	212	141	104
801	213	141	104
799	213	141	104
819	202	140	104
816	202	139	103
815	201	139	103
813	201	139	103
812	200	139	103
811	200	139	103
809	199	138	103
808	199	138	103
807	198	138	102
805	198	138	102
804	197	138	102
816	200	137	102
814	199	136	101
814	199	136	101
813	198	136	101
812	198	136	101
812	198	135	101
811	197	135	101
811	197	135	100
810	197	135	100
809	196	134	100
809	196	134	100
803	194	137	102
802	193	136	101
801	193	136	101
800	192	136	101
799	192	136	101
798	191	136	101
797	191	136	101
796	190	136	101
795	190	136	101
795	190	135	101
794	189	135	101
786	190	137	102
785	189	136	101
783	189	136	101
782	188	136	101
781	188	136	101
779	187	136	101
778	187	136	101
777	187	136	101
775	186	136	101
774	186	136	101
773	185	136	101
773	195	137	102
771	194	136	101
770	194	136	101
769	194	136	101
767	194	136	101
766	195	136	101
765	195	136	101
764	195	136	101
762	195	136	101
761	195	136	101
760	195	136	101
758	185	134	100
756	185	133	99
755	184	133	99
754	184	133	99
752	183	133	99
751	183	133	99
750	182	133	99
748	182	132	99
747	181	132	99
746	181	132	99
744	180	132	98
744	188	140	104
742	187	139	103
741	187	140	104
740	187	140	104
738	187	140	104
737	187	140	104
736	187	141	104
734	187	141	104
733	187	141	105
732	187	141	105
731	187	142	105
720	184	143	106
718	183	143	106
716	183	143	106
715	183	143	106
713	183	144	106
711	183	144	106
709	182	144	107
707	182	145	107
705	182	145	107
704	182	145	107
702	181	145	107
660	181	145	109
658	180	145	109
654	180	145	109
650	180	145	109
645	179	145	109
641	179	146	110
637	179	146	110
633	179	146	110
629	178	146	110
625	178	147	111
621	178	147	111
667	258	140	104
662	257	140	104
661	261	140	104
660	266	139	103
658	270	139	103
657	274	139	103
656	278	139	103
654	282	139	103
653	286	138	102
652	291	138	102
650	295	138	102
606	269	140	104
604	273	139	103
600	275	139	103
597	278	139	103
593	280	139	103
589	283	139	103
585	285	139	103
582	288	139	103
578	290	139	103
574	293	139	103
570	295	138	102
577	269	134	100
573	271	133	99
570	272	133	99
566	273	133	99
563	274	132	99
560	274	132	98
557	275	132	98
554	276	131	98
550	277	131	98
547	278	130	97
544	279	130	97
560	258	140	104
556	258	139	103
554	258	139	103
552	258	139	103
550	257	140	104
548	257	140	104
545	257	140	104
543	256	140	104
541	256	140	104
539	255	141	104
537	255	141	104
581	257	143	106
578	256	143	106
579	256	143	106
579	256	143	106
579	255	143	106
580	255	144	106
580	255	144	106
581	255	144	107
581	254	145	107
581	254	145	107
582	254	145	107
601	264	140	104
601	263	140	104
602	264	140	104
604	264	140	104
605	264	140	104
606	264	140	104
608	265	139	103
609	265	139	103
611	265	139	103
612	266	139	103
613	266	139	103
607	268	143	106
608	268	142	105
609	268	143	106
610	269	143	106
611	269	143	106
612	269	143	106
613	270	143	106
614	270	143	106
614	270	143	106
615	271	143	106
616	271	144	106
604	262	145	109
604	262	145	109
605	262	145	109
605	261	145	109
605	261	145	109
605	261	145	109
605	261	145	110
605	261	146	110
606	261	146	110
606	260	146	110
606	260	146	110
591	260	148	111
591	259	148	111
590	259	148	111
589	259	148	111
589	259	148	111
588	258	149	111
587	258	149	112
586	258	149	112
586	258	149	112
585	258	150	112
584	257	150	112
594	257	145	109
593	256	145	109
593	256	145	109
592	256	145	109
592	256	145	109
592	255	144	109
592	255	144	109
592	255	144	108
592	255	144	108
592	254	144	108
591	254	144	108
599	261	145	109
598	260	144	108
599	260	144	108
599	260	144	108
599	261	144	108
599	261	144	108
600	261	144	108
600	261	144	108
600	261	144	108
600	261	144	108
601	261	144	108
613	275	140	104
613	275	139	103
614	275	139	103
615	276	139	103
615	277	139	103
616	278	138	102
617	279	138	102
618	280	138	102
619	281	137	101
620	281	137	101
621	282	137	101
626	283	140	104
626	283	139	103
628	284	139	103
629	285	139	103
630	286	139	103
631	287	139	103
632	287	139	103
633	288	138	102
634	289	138	102
635	290	138	102
636	291	138	102
641	288	140	104
642	288	139	103
643	289	139	103
644	290	139	103
645	290	139	103
647	291	139	103
648	291	139	103
649	292	139	103
651	292	139	103
652	293	139	103
653	294	139	103
665	299	140	104
666	299	139	103
668	300	139	103
669	301	139	103
671	302	139	103
673	302	139	103
675	303	139	103
677	304	139	103
679	305	139	103
680	306	139	103
682	307	139	103
673	306	145	109
674	306	144	108
