530	143	228	271
530	143	228	271
535	144	230	273
540	145	232	276
545	147	234	278
550	148	236	281
556	150	239	284
561	151	241	287
566	152	243	289
571	154	246	292
577	155	248	295
582	157	250	297
516	142	237	281
514	141	237	281
513	141	238	282
512	141	239	283
510	141	240	284
509	141	241	285
508	141	241	286
507	141	242	287
505	141	243	288
504	141	244	289
503	141	245	290
534	192	227	270
533	192	227	270
533	195	227	270
534	198	226	269
535	201	226	269
535	204	226	269
536	207	226	268
536	210	225	268
537	213	225	268
538	216	225	267
538	219	224	267
543	210	227	270
543	212	226	269
544	215	226	269
545	217	226	269
546	219	226	269
546	222	226	268
547	224	225	268
548	226	225	268
549	228	225	268
550	231	225	268
551	233	225	267
550	185	232	276
550	187	231	275
551	186	232	276
552	186	232	276
553	185	232	276
553	185	232	276
554	184	232	277
555	184	233	277
555	183	233	277
556	182	233	277
557	182	233	278
554	164	223	265
554	163	223	265
555	161	222	264
555	160	222	264
556	158	222	263
556	157	221	263
557	155	221	262
557	154	220	262
558	152	220	261
558	151	220	261
559	149	219	260
543	157	227	270
543	155	226	269
543	154	226	269
542	153	226	269
542	152	226	269
541	151	226	269
541	150	226	269
540	149	226	269
540	148	226	269
540	147	226	269
539	146	226	269
510	147	237	281
509	145	237	281
507	145	237	281
505	144	238	282
503	143	238	283
501	142	239	283
499	141	239	284
497	140	240	284
495	139	241	285
493	138	241	286
491	137	242	286
438	122	246	293
435	121	246	293
431	119	247	294
426	117	248	295
421	115	248	296
416	114	249	297
411	112	250	298
406	110	251	299
401	108	251	300
396	107	252	301
392	105	253	302
503	151	237	281
498	149	237	281
499	150	237	281
501	151	237	281
502	151	237	281
504	152	236	280
505	153	236	280
507	154	236	280
508	155	236	280
510	156	236	279
511	157	236	279
533	167	232	276
534	167	231	275
537	169	231	275
539	170	230	274
542	172	230	274
545	173	230	273
547	174	229	273
550	176	229	272
552	177	228	272
555	178	228	272
558	180	228	271
539	162	227	270
541	163	226	269
543	163	226	269
544	163	225	268
545	164	225	267
547	164	224	267
548	164	224	266
550	165	223	266
551	165	223	265
552	165	223	265
554	165	222	264
534	184	237	281
535	184	236	280
535	185	236	280
535	186	237	281
536	188	237	281
536	189	238	282
536	190	238	282
536	191	238	282
536	193	239	283
537	194	239	283
537	195	239	284
520	178	246	293
520	179	246	293
519	179	247	294
518	179	247	295
517	179	248	296
517	180	249	296
516	180	249	297
515	180	250	298
514	180	251	299
514	181	251	300
513	181	252	301
510	172	256	305
509	172	256	305
508	171	257	306
507	171	258	307
506	171	259	308
505	170	260	310
504	170	260	311
503	170	261	312
502	170	262	313
501	169	263	314
501	169	264	315
517	174	261	311
516	173	261	312
516	173	262	312
516	173	263	313
516	173	263	314
516	173	264	315
516	173	264	315
516	173	265	316
516	173	266	317
516	173	266	317
516	173	267	318
501	168	272	323
501	167	272	323
500	167	273	324
499	167	274	325
498	166	275	326
497	166	275	327
496	166	276	328
496	165	277	329
495	165	278	330
494	165	279	331
493	164	280	332
493	154	277	330
492	153	277	330
491	152	278	331
490	151	279	332
489	150	279	333
488	149	280	334
488	149	280	334
487	148	281	335
486	147	282	336
485	146	282	337
484	145	283	337
528	173	272	323
527	172	272	323
528	172	272	323
530	173	272	323
532	174	272	323
533	174	272	323
535	175	272	323
536	176	272	323
538	176	272	323
540	177	272	322
541	178	272	322
514	159	277	330
515	159	276	329
515	159	277	330
515	158	277	330
515	158	277	330
515	157	277	331
515	157	278	331
515	157	278	331
515	156	278	332
515	156	278	332
515	155	278	332
530	159	277	330
529	158	277	330
530	158	277	330
531	158	277	330
532	157	277	330
533	157	277	330
533	157	277	331
534	157	277	331
535	156	277	331
536	156	278	331
537	156	278	331
551	160	267	317
551	159	267	317
553	159	266	316
554	159	266	315
556	159	265	315
557	159	265	314
559	159	264	313
560	159	263	313
562	159	263	312
563	159	262	311
565	159	262	311
577	161	256	305
578	160	255	304
580	161	254	303
582	161	253	302
584	161	252	301
586	161	252	300
588	161	251	299
590	161	250	298
593	161	249	297
595	161	248	296
597	161	247	295
601	172	246	293
603	172	245	292
605	172	244	290
607	173	243	289
609	173	242	288
611	174	241	287
613	175	240	286
616	175	239	285
618	176	238	284
620	177	237	283
622	177	237	282
617	156	241	287
619	156	240	285
620	156	239	285
622	155	238	284
624	154	238	283
626	154	237	282
627	153	236	282
629	153	236	281
631	152	235	280
633	151	235	279
634	151	234	279
622	125	232	276
623	124	231	275
624	122	230	274
625	120	229	273
626	118	229	272
627	116	228	271
628	114	227	270
629	112	226	269
630	110	226	269
631	108	225	268
632	106	224	267
619	136	237	281
619	133	236	280
620	133	236	280
620	133	236	279
620	133	236	279
620	132	236	279
620	132	236	279
620	132	236	279
620	132	236	279
621	131	236	279
621	131	236	279
619	131	237	281
619	130	236	280
619	130	237	280
619	130	237	280
619	129	237	280
619	129	237	280
619	129	237	281
619	129	237	281
619	128	237	281
619	128	237	281
619	128	237	281
615	130	246	293
615	129	246	293
614	129	246	293
614	129	247	294
614	129	247	295
614	129	248	295
613	128	248	296
613	128	249	297
613	128	249	297
613	128	250	298
613	128	250	299
617	122	251	299
616	121	251	299
616	121	252	300
616	120	252	300
616	120	253	301
616	119	253	302
616	119	254	302
616	118	254	303
616	118	255	304
616	117	255	304
616	117	256	305
617	121	261	311
617	120	261	311
617	120	262	312
617	119	263	313
617	119	263	314
617	119	264	315
617	119	265	316
617	118	266	317
617	118	266	318
617	118	267	318
617	118	268	319
620	118	267	317
620	117	267	317
620	117	268	318
620	117	269	319
620	116	269	320
620	116	270	320
620	116	270	321
621	116	271	322
621	115	272	322
621	115	272	323
621	115	273	324
627	120	272	323
627	119	272	323
627	119	273	324
628	119	273	324
628	119	274	325
629	119	274	326
629	119	275	326
629	119	275	327
630	119	276	327
630	119	276	328
631	119	277	329
638	115	272	323
638	115	272	323
639	114	272	323
640	114	272	324
640	114	273	324
641	113	273	324
642	113	273	324
643	113	273	324
644	113	273	325
644	112	274	325
645	112	274	325
657	103	267	317
657	102	267	317
659	101	266	316
660	101	266	316
661	100	266	316
663	99	266	316
664	98	266	315
666	98	265	315
667	97	265	315
668	96	265	315
670	95	265	314
683	108	256	305
684	107	255	304
686	107	255	303
688	107	254	303
690	107	253	302
692	106	252	301
694	106	252	300
696	106	251	299
698	106	250	299
700	106	250	298
702	106	249	297
697	114	246	293
699	113	245	292
700	114	244	291
702	114	243	290
703	114	242	289
705	115	241	288
707	115	240	287
708	116	240	286
710	116	239	285
711	116	238	284
713	117	237	283
602	23	256	305
603	23	255	303
598	18	255	304
594	13	255	304
589	8	255	304
584	3	255	305
580	-1	256	305
575	-5	256	305
570	-10	256	305
566	-15	256	306
561	-20	257	306
536	-22	256	305
531	-26	256	305
525	-31	256	305
519	-36	256	305
513	-40	256	305
507	-45	256	305
502	-50	256	306
496	-55	257	306
490	-59	257	306
484	-64	257	306
478	-69	257	306
567	24	267	317
561	19	267	317
560	19	267	317
559	20	268	318
559	21	269	319
558	22	269	320
558	22	270	320
557	23	271	321
556	24	271	322
556	25	272	322
555	25	273	323
640	95	272	323
639	95	272	323
643	100	273	324
647	104	273	325
651	109	274	325
655	113	274	326
659	118	275	326
663	122	276	327
668	127	276	328
672	131	277	328
676	136	277	329
618	100	283	336
622	104	283	336
622	106	284	337
623	109	285	338
624	111	286	339
624	113	286	340
625	115	287	341
625	118	288	342
626	120	289	343
627	122	290	344
627	124	290	345
580	136	289	343
580	138	289	343
578	140	290	344
576	143	291	345
574	146	291	346
572	149	292	347
570	151	293	347
568	154	293	348
566	157	294	349
564	160	295	350
562	162	295	351
611	167	283	336
608	169	283	336
609	172	283	336
610	175	283	336
611	178	283	336
612	181	283	336
612	183	283	336
613	186	283	336
614	189	283	336
615	192	283	336
615	195	282	335
567	95	283	336
567	97	282	335
565	94	282	335
563	92	282	335
561	89	282	335
559	86	282	335
557	83	282	335
555	80	282	335
553	77	282	335
551	74	282	335
549	71	282	335
541	47	289	343
539	44	288	342
536	40	289	343
534	35	289	343
531	31	289	343
529	27	290	344
527	23	290	344
524	19	290	345
522	15	291	345
520	11	291	345
517	7	291	346
552	46	300	357
549	41	300	357
549	40	301	358
548	38	301	359
548	36	302	360
548	34	303	361
547	33	304	362
547	31	304	362
547	29	305	363
546	28	306	364
546	26	307	365
535	40	300	357
534	38	300	357
533	37	301	358
532	36	301	358
531	35	301	359
530	34	302	359
529	33	302	359
528	33	302	360
527	32	302	360
526	31	303	361
526	30	303	361
526	37	306	364
525	36	306	364
524	35	306	364
523	35	307	365
522	34	307	365
521	34	308	366
520	33	308	366
519	33	308	367
518	32	309	367
517	32	309	368
516	32	310	369
501	36	319	379
500	35	319	379
498	35	320	380
496	35	321	381
494	34	322	382
493	34	323	383
491	34	323	384
489	34	324	385
487	34	325	386
486	33	326	387
484	33	327	388
519	35	319	379
517	34	319	380
517	34	320	380
517	34	320	380
518	34	321	381
518	34	321	381
518	34	321	382
518	34	322	382
519	33	322	383
519	33	322	383
519	33	323	383
520	37	306	364
520	36	306	364
520	36	305	363
520	37	305	363
521	37	304	362
521	37	303	361
521	37	303	360
521	37	302	360
522	37	302	359
522	37	301	358
522	37	300	358
513	36	319	379
513	36	318	378
512	36	318	378
512	36	319	379
512	36	319	379
512	35	320	380
511	35	320	380
511	35	320	381
511	35	321	381
511	35	321	382
510	35	322	382
532	43	306	364
531	42	306	364
532	43	305	363
533	43	305	363
534	44	304	362
535	44	304	362
536	44	303	361
537	45	303	361
538	45	302	360
539	45	302	359
539	46	301	359
511	70	300	357
511	70	299	356
511	72	298	355
510	73	298	355
509	75	297	354
508	77	297	353
508	78	296	353
507	80	296	352
506	82	295	351
505	83	294	351
505	85	294	350
520	49	306	364
519	50	305	363
519	50	305	363
519	49	305	363
519	49	305	363
519	48	305	363
519	48	305	363
519	48	306	364
520	47	306	364
520	47	306	364
520	46	306	364
514	43	306	364
514	42	306	364
513	41	306	364
513	41	306	364
513	40	306	364
513	40	306	364
512	39	306	364
512	38	306	364
512	38	306	364
512	37	306	364
511	36	306	364
528	58	300	357
527	57	300	357
528	57	299	356
529	58	299	356
529	59	299	356
530	59	298	355
531	60	298	355
531	60	298	354
532	61	297	354
533	61	297	354
533	62	297	353
558	58	300	357
558	58	299	356
560	58	299	356
562	59	299	356
564	59	299	356
566	59	299	355
568	60	298	355
570	60	298	355
572	60	298	355
574	60	298	355
576	61	298	355
565	51	312	372
566	51	311	371
568	51	312	372
569	50	313	373
570	50	313	374
571	50	314	374
573	49	314	375
574	49	315	376
575	49	316	377
576	48	316	378
578	48	317	378
586	133	306	364
587	132	306	364
588	137	306	364
590	141	306	364
592	145	306	364
593	150	306	364
595	154	306	364
596	159	306	364
598	163	306	364
600	167	306	364
601	172	306	364
565	172	300	357
566	176	299	356
566	180	299	356
565	184	299	355
565	188	298	355
564	192	298	355
564	197	298	354
563	201	297	354
562	205	297	353
562	209	296	353
561	213	296	352
559	195	300	357
558	199	299	356
557	202	299	356
557	204	299	356
556	207	299	355
555	210	298	355
555	213	298	355
554	216	298	355
553	219	298	355
553	222	298	354
552	225	298	354
516	194	312	372
515	196	311	371
512	197	312	372
510	198	313	373
507	199	313	374
504	200	314	374
502	201	314	375
499	202	315	376
496	203	316	377
494	204	316	377
491	205	317	378
484	180	325	387
481	181	325	387
478	180	326	388
475	180	327	390
472	179	328	391
469	179	329	392
466	178	330	393
463	178	331	394
460	177	332	396
457	177	333	397
455	176	334	398
477	159	338	402
474	158	339	403
472	157	340	404
470	155	341	405
469	154	342	407
467	152	343	408
466	151	344	409
464	149	345	411
463	148	346	412
461	146	348	413
460	145	349	415
470	124	352	418
468	122	353	419
467	120	354	420
466	117	355	422
465	114	356	423
464	112	358	424
463	109	359	426
462	107	360	427
462	104	361	429
461	102	362	430
460	99	364	431
463	115	366	435
462	112	367	436
461	110	368	437
460	109	369	439
459	107	371	440
459	106	372	442
458	104	373	443
457	103	374	445
457	101	376	446
456	99	377	448
455	98	378	449
509	63	359	427
508	61	360	428
510	58	360	428
512	54	360	428
515	51	360	428
517	47	360	429
519	44	360	429
521	40	360	429
524	37	360	429
526	33	361	429
528	30	361	429
519	73	366	435
521	69	366	435
522	68	366	435
524	67	366	435
526	66	367	436
527	65	367	436
529	65	367	437
530	64	368	437
532	63	368	438
534	62	369	438
535	61	369	438
533	82	352	418
534	81	352	418
535	81	351	417
537	81	351	416
538	81	350	416
540	82	349	415
541	82	349	414
542	82	348	413
544	83	348	413
545	83	347	412
546	83	346	411
540	95	352	418
541	95	351	417
542	96	351	416
543	97	350	416
544	97	350	416
545	98	350	415
545	99	349	415
546	100	349	415
547	101	349	414
548	102	349	414
549	103	348	413
509	140	345	410
509	140	344	409
508	143	344	409
507	146	343	408
505	149	343	407
504	152	342	407
502	155	342	406
501	158	341	406
500	161	341	405
498	163	340	405
497	166	340	404
566	104	359	427
564	106	358	426
567	106	359	427
569	105	359	427
572	104	360	428
574	103	360	429
577	103	361	429
579	102	361	430
582	101	362	431
584	100	363	432
587	100	363	432
636	118	359	427
638	117	359	427
643	117	359	428
648	117	360	428
653	118	360	428
658	118	360	429
663	118	361	429
668	118	361	429
673	119	361	430
679	119	361	430
684	119	362	430
651	117	374	444
656	117	374	444
659	117	375	445
661	117	376	446
664	117	377	447
667	117	377	448
670	117	378	449
673	117	379	450
676	118	380	451
679	118	381	452
682	118	382	453
658	132	359	427
660	132	359	428
662	132	359	427
663	133	359	427
665	134	358	426
666	135	358	426
668	136	357	425
669	137	357	425
670	138	356	424
672	139	356	424
673	139	356	423
686	147	345	410
687	147	344	409
689	149	343	408
691	150	342	407
693	151	341	405
695	152	340	404
697	153	339	403
699	155	338	402
701	156	337	400
703	157	336	399
705	158	335	398
672	148	345	410
674	149	343	408
674	149	343	408
674	150	343	407
674	150	342	407
674	151	342	406
674	151	341	406
674	152	341	405
674	153	340	405
674	153	340	404
674	154	340	404
654	137	352	418
654	137	351	417
652	137	351	417
651	136	352	418
650	136	352	418
649	135	352	418
648	135	352	418
647	134	353	419
646	134	353	419
645	134	353	419
644	133	353	420
641	138	338	402
639	137	338	402
638	137	337	401
637	137	336	400
636	137	336	400
635	136	335	399
633	136	335	398
632	136	334	397
631	136	333	397
630	136	333	396
629	136	332	395
590	114	325	387
588	113	324	386
585	112	323	385
582	111	322	383
578	109	321	382
575	108	320	381
572	106	319	380
568	105	318	379
565	104	317	378
562	102	316	376
559	101	315	375
567	105	319	379
563	103	317	377
561	102	317	376
558	101	316	375
555	100	315	375
552	99	314	374
550	98	314	373
547	96	313	372
544	95	312	371
542	94	311	370
539	93	311	369
574	104	319	379
571	102	318	378
570	102	317	377
570	101	317	377
569	101	317	377
568	101	317	376
568	100	316	376
567	100	316	375
566	99	316	375
566	99	316	375
565	98	315	374
586	117	319	379
585	116	318	378
585	117	318	378
586	117	318	378
586	118	318	378
587	118	318	378
588	119	318	378
588	119	318	378
589	120	318	377
589	121	318	377
590	121	317	377
623	137	306	364
623	137	305	363
625	138	305	363
628	140	304	362
630	141	303	361
632	143	302	360
635	144	302	359
637	145	301	358
639	147	300	357
642	148	299	357
644	150	299	356
644	139	312	372
646	140	311	371
648	141	311	371
650	141	311	371
652	142	311	371
655	143	311	371
657	143	311	371
659	144	311	371
661	145	311	371
663	145	311	371
665	146	311	371
696	131	325	387
698	131	324	387
701	131	325	387
705	131	326	388
709	131	327	389
713	130	328	390
716	130	328	391
720	130	329	392
724	130	330	393
727	130	331	394
731	129	331	395
762	167	319	379
765	166	319	379
770	168	319	379
776	170	319	379
781	172	319	379
786	174	319	379
791	176	319	379
796	177	319	379
802	179	319	379
807	181	319	379
812	183	319	379
789	178	332	394
794	179	332	393
797	181	332	394
801	182	333	395
805	184	334	396
808	185	334	397
812	187	335	397
815	188	336	398
819	190	336	399
823	191	337	400
826	192	338	400
752	175	338	402
755	176	338	402
754	176	339	403
754	177	339	404
753	177	340	405
752	177	341	405
751	178	341	406
751	178	342	407
750	179	343	408
749	179	343	409
749	179	344	409
632	126	332	394
631	126	332	394
624	123	332	394
616	121	332	394
609	118	332	394
602	115	332	394
595	113	332	394
588	110	332	393
580	107	332	393
573	105	331	393
566	102	331	393
567	101	332	394
559	98	331	393
553	95	331	393
546	93	331	393
539	90	331	393
532	88	331	393
525	85	331	393
519	82	331	393
512	80	331	393
505	77	331	393
498	75	331	392
417	50	338	402
410	47	337	401
399	43	338	402
388	39	338	402
377	35	338	403
366	32	339	403
355	28	339	403
344	24	339	404
333	20	340	404
322	16	340	405
311	12	340	405
328	90	352	418
317	86	352	418
307	86	353	419
298	87	354	420
288	88	355	421
279	88	355	422
269	89	356	423
260	90	357	424
251	90	358	425
241	91	359	426
232	92	360	428
474	26	345	410
464	26	345	411
468	23	345	411
473	20	345	411
477	17	345	411
482	14	345	411
487	11	345	411
491	8	345	411
496	5	345	411
500	2	345	411
505	0	345	411
636	60	332	394
640	56	332	394
651	57	331	393
663	57	330	392
675	58	329	391
686	58	328	390
698	59	328	389
709	59	327	388
721	60	326	387
732	60	325	386
744	61	325	385
697	38	345	410
708	38	344	409
716	37	344	409
725	36	344	409
733	36	345	410
741	35	345	410
749	34	346	411
758	33	346	411
766	32	346	412
774	31	347	412
782	31	347	413
577	114	359	427
585	113	359	427
581	116	360	428
578	120	361	429
574	124	362	431
570	128	363	432
567	132	364	433
563	136	365	434
560	139	366	435
556	143	367	437
552	147	368	438
497	98	374	444
493	101	374	445
486	102	376	446
480	103	377	448
473	104	378	449
467	105	379	451
460	106	381	452
454	107	382	453
447	107	383	455
441	108	384	456
434	109	386	458
381	177	381	453
374	177	382	454
365	182	383	455
356	186	384	456
347	191	384	457
337	196	385	458
328	200	386	459
319	205	387	460
310	209	388	462
301	214	389	463
292	218	390	464
367	192	366	435
357	196	366	436
353	199	366	435
348	202	365	434
344	205	365	434
339	207	364	433
335	210	364	433
330	213	363	432
326	216	363	431
321	219	362	431
317	221	362	430
263	173	352	418
258	175	351	417
251	175	350	416
244	175	349	414
236	175	348	413
229	175	347	412
222	175	346	411
214	175	345	409
207	175	344	408
200	175	343	407
193	175	342	405
401	332	352	418
393	331	350	416
398	340	350	416
402	349	350	415
407	357	349	415
412	366	349	414
417	375	348	414
421	383	348	413
426	392	347	412
431	401	347	412
435	409	346	411
458	359	366	435
462	367	365	434
468	373	366	435
473	378	366	436
479	383	367	436
485	389	368	437
490	394	368	438
496	399	369	439
502	405	370	439
507	410	370	440
513	415	371	441
489	350	381	453
494	355	381	453
498	356	382	455
502	358	383	456
506	359	385	457
510	360	386	459
514	362	387	460
518	363	388	462
522	365	389	463
526	366	390	464
530	367	391	466
582	309	366	435
585	310	367	436
592	308	366	435
599	306	366	435
605	304	366	435
612	302	365	434
619	300	365	434
625	298	364	433
632	296	364	433
638	294	364	432
645	292	363	432
494	320	359	427
500	318	358	426
498	317	358	425
496	317	357	425
494	317	356	424
492	316	356	423
489	316	355	423
487	316	354	422
485	315	354	421
483	315	353	420
481	314	353	420
529	313	359	427
526	312	358	426
527	312	358	425
528	311	357	425
528	311	357	425
529	310	357	425
529	310	357	424
530	310	356	424
531	309	356	424
531	309	356	423
532	308	356	423
517	338	366	435
517	337	365	434
517	338	366	435
517	339	366	435
516	341	366	435
516	342	366	436
516	343	367	436
515	344	367	436
515	346	367	437
515	347	368	437
515	348	368	437
497	367	352	418
496	368	352	418
495	370	351	417
494	372	351	416
492	374	350	416
491	376	349	415
490	379	349	414
489	381	348	413
487	383	347	412
486	385	347	412
485	387	346	411
537	396	338	402
535	398	337	401
537	400	336	399
539	403	335	398
540	405	334	397
542	408	333	396
544	410	332	394
545	413	330	393
547	415	329	392
549	418	328	391
550	420	327	389
564	367	352	418
565	369	350	416
567	368	351	417
570	368	351	417
572	367	351	417
574	367	352	418
577	366	352	418
579	365	352	418
581	365	353	419
584	364	353	419
586	364	353	420
595	344	345	410
597	343	345	410
599	341	345	410
602	340	344	409
605	338	344	409
607	336	344	409
610	334	344	409
613	333	344	409
615	331	344	408
618	329	343	408
621	328	343	408
602	371	332	394
604	369	331	393
606	370	331	392
607	370	330	391
608	371	329	390
610	372	328	389
611	373	327	388
613	373	326	387
614	374	326	386
616	375	325	385
617	376	324	384
669	433	325	387
670	433	324	385
674	437	323	385
678	441	322	384
683	445	321	383
687	449	321	382
691	453	320	381
695	457	319	381
699	460	318	380
704	464	318	379
708	468	317	378
704	400	319	379
708	403	318	378
711	403	317	377
715	403	317	376
719	403	316	375
723	403	315	375
726	403	315	374
730	403	314	373
734	402	313	372
738	402	313	372
741	402	312	371
743	457	332	394
746	456	331	393
750	459	331	393
753	462	332	394
757	465	332	394
761	468	333	395
764	471	333	395
768	474	334	396
771	476	334	397
775	479	335	397
779	482	335	398
706	408	319	379
709	410	319	379
708	409	319	379
708	408	318	378
707	406	318	377
706	405	317	377
706	403	317	376
705	402	316	376
705	400	316	375
704	399	315	375
703	398	315	374
606	341	325	387
605	339	324	386
599	335	324	386
593	330	324	386
587	326	324	386
581	321	324	387
575	317	325	387
569	312	325	387
563	307	325	387
557	303	325	387
550	298	325	387
557	330	332	394
550	325	332	394
545	322	332	394
540	320	333	395
534	317	333	395
529	315	333	396
524	312	334	396
518	310	334	397
513	307	335	397
507	305	335	398
502	302	336	398
583	317	332	394
577	314	332	394
576	312	332	394
576	311	332	394
575	309	333	395
575	308	333	395
574	306	333	395
573	304	333	395
573	303	333	395
572	301	334	396
572	300	334	396
719	153	338	402
718	151	338	402
725	141	338	402
733	132	338	403
741	122	339	403
748	112	339	404
756	103	340	404
763	93	340	405
771	83	340	405
778	74	341	406
786	64	341	406
729	372	332	394
736	362	332	394
740	370	332	394
744	378	332	394
748	385	331	393
752	393	331	393
756	401	331	393
760	409	331	393
764	417	331	392
768	425	331	392
772	433	330	392
714	350	325	387
717	357	324	386
718	360	324	386
719	363	323	385
719	366	323	385
720	369	322	384
720	372	322	384
721	375	321	383
721	377	321	383
722	380	320	382
722	383	320	382
880	302	338	402
880	304	337	401
889	303	338	402
898	301	338	402
908	299	339	403
917	297	339	403
926	295	340	404
935	293	340	405
944	292	341	405
954	290	341	406
963	288	342	406
868	309	325	387
877	307	325	387
880	306	325	387
884	305	324	386
887	305	324	386
890	304	323	385
894	304	323	384
897	303	322	384
901	303	322	383
904	302	321	383
907	301	321	382
856	317	312	372
859	316	311	371
859	316	310	370
860	316	309	369
860	317	308	368
860	317	307	367
861	317	306	365
861	318	305	364
861	318	304	363
862	318	303	362
862	318	302	361
821	318	300	357
821	318	299	355
819	318	297	354
817	318	296	353
815	318	295	352
813	319	294	350
811	319	293	349
809	319	292	348
807	319	291	346
805	320	290	345
803	320	289	344
728	297	306	364
726	297	304	362
719	296	304	362
713	295	304	362
707	293	304	362
701	292	304	362
695	291	304	362
689	290	304	361
683	289	304	361
677	288	304	361
671	287	304	361
688	304	294	350
681	302	293	349
677	302	293	349
672	302	292	348
667	302	291	347
662	302	291	346
657	302	290	346
653	302	290	345
648	302	289	344
643	302	288	343
638	301	288	343
635	290	289	343
630	289	288	342
625	289	287	341
620	288	287	340
615	287	286	340
611	286	286	339
606	286	285	338
601	285	284	337
596	284	284	337
592	283	283	336
587	283	283	335
597	264	294	350
592	263	293	349
588	261	293	349
584	259	293	349
580	257	293	349
576	256	293	349
572	254	293	349
568	252	293	349
564	250	293	350
560	249	293	350
556	247	294	350
594	284	289	343
590	282	289	343
588	282	288	342
586	282	288	342
585	283	288	342
583	283	288	341
581	284	287	341
580	284	287	341
578	284	287	341
576	285	287	340
575	285	287	340
591	276	283	336
589	276	282	335
588	276	282	335
587	275	281	334
587	275	281	334
586	275	281	333
585	275	280	333
585	275	280	332
584	275	279	332
583	274	279	331
583	274	278	330
601	278	272	323
600	277	271	322
600	277	270	321
600	277	269	320
601	277	269	319
601	277	268	318
602	277	267	317
602	277	266	316
602	277	266	315
603	277	265	314
603	277	264	314
611	279	261	311
611	279	260	310
612	279	259	309
612	279	258	307
613	279	257	306
614	279	256	305
615	279	255	304
615	279	254	303
616	279	253	302
617	279	252	301
618	279	251	300
611	279	261	311
611	279	260	309
612	279	259	309
612	279	259	309
612	279	258	308
613	279	258	308
613	279	258	307
613	279	257	307
613	279	257	307
614	279	257	306
614	279	256	306
611	276	251	299
611	276	250	298
611	275	249	297
611	275	249	297
611	275	248	296
611	275	247	295
611	275	247	294
611	275	246	293
611	274	245	293
612	274	245	292
612	274	244	291
597	281	241	287
597	280	240	286
596	281	239	285
595	281	238	284
594	281	237	283
594	281	237	282
593	281	236	281
592	282	235	280
591	282	234	279
591	282	233	278
590	282	232	277
592	276	241	287
591	276	240	285
590	276	239	285
590	275	239	285
589	275	239	284
588	275	238	284
588	275	238	284
587	275	238	283
586	274	237	283
586	274	237	282
585	274	237	282
764	210	246	293
763	209	245	292
772	206	245	292
781	202	246	293
791	198	246	293
800	194	246	293
809	191	246	293
819	187	246	293
828	183	246	294
837	179	247	294
847	176	247	294
792	211	237	281
801	207	237	281
807	205	236	280
812	204	236	280
818	202	235	279
824	200	235	279
830	199	235	278
835	197	234	277
841	195	234	277
847	194	233	276
852	192	233	276
803	218	232	276
808	216	231	275
811	216	231	274
814	216	230	274
816	216	230	273
819	215	229	273
821	215	229	272
824	215	228	272
827	215	228	271
829	215	227	271
832	215	227	270
812	229	223	265
814	228	222	264
816	229	221	263
817	230	221	262
818	230	220	262
820	231	219	261
821	232	219	260
822	232	218	259
824	233	217	258
825	234	217	257
826	234	216	257
594	302	227	270
595	302	226	269
583	306	226	269
572	311	226	269
560	315	226	269
548	320	226	268
537	324	226	268
525	328	225	268
513	333	225	268
502	337	225	268
490	341	225	268
636	357	223	265
624	361	222	264
621	366	222	264
618	371	222	264
615	376	222	264
612	381	222	263
609	386	221	263
606	391	221	263
603	396	221	263
600	400	221	262
597	405	221	262
709	404	227	270
706	408	226	269
709	413	226	269
712	418	227	270
716	422	227	270
719	427	227	270
722	431	227	270
726	436	227	270
729	440	227	270
733	445	227	271
736	450	227	271
761	443	219	260
764	447	219	260
768	451	218	259
773	455	218	259
778	459	218	258
782	463	217	258
787	467	217	257
791	471	216	257
796	475	216	256
800	478	216	256
805	482	215	255
765	444	210	250
769	447	209	249
771	449	208	248
773	451	208	247
775	452	207	247
777	454	206	246
779	455	206	245
781	457	205	244
784	458	204	244
786	460	204	243
788	461	203	242
831	440	210	250
833	441	209	249
837	441	209	248
841	442	208	248
846	442	208	248
850	442	208	247
854	442	207	247
859	443	207	247
863	443	207	246
867	443	207	246
871	443	206	246
814	440	210	250
818	440	209	249
819	440	209	249
820	440	209	249
820	440	209	249
821	440	209	249
822	440	209	249
823	440	209	249
824	440	209	248
825	440	209	248
826	440	208	248
816	475	206	245
816	475	205	244
817	476	205	244
817	478	205	244
817	480	205	243
817	482	204	243
818	484	204	243
818	486	204	243
818	488	204	242
818	490	203	242
819	492	203	242
801	480	210	250
801	481	209	249
800	483	209	249
799	484	209	249
798	485	210	250
798	486	210	250
797	487	210	250
796	488	210	250
795	489	210	250
795	491	210	250
794	492	210	251
631	406	214	255
630	407	214	255
620	403	214	255
610	399	214	255
600	396	214	256
591	392	215	256
581	388	215	256
571	384	215	257
561	381	216	257
551	377	216	258
542	373	216	258
606	394	206	245
596	390	206	245
590	387	205	244
584	385	205	244
579	383	205	244
573	380	205	243
567	378	204	243
561	375	204	242
556	373	204	242
550	371	203	242
544	368	203	241
591	407	198	235
585	404	197	234
582	404	197	233
579	404	196	233
576	404	195	232
573	404	195	231
571	403	194	230
568	403	194	230
565	403	193	229
562	403	192	228
559	403	192	227
607	419	190	226
604	418	189	225
604	419	188	224
604	420	188	223
603	421	187	222
603	421	186	221
603	422	185	221
603	423	185	220
603	424	184	219
603	424	183	218
603	425	183	217
607	400	190	226
606	400	189	225
607	400	189	224
607	399	188	224
607	398	188	224
607	397	188	223
607	397	187	223
607	396	187	223
607	395	187	222
608	395	187	222
608	394	186	222
605	397	194	231
605	396	193	230
605	395	193	230
605	395	193	231
604	394	194	231
604	394	194	231
604	393	194	231
604	393	194	231
604	392	194	231
604	392	194	232
604	391	194	232
612	398	187	222
611	397	187	222
612	397	186	221
612	397	186	221
613	397	186	220
613	396	185	220
613	396	185	220
614	396	185	219
614	396	184	219
614	396	184	218
615	396	184	218
613	405	194	231
613	404	193	230
613	405	193	230
613	405	194	231
614	405	194	231
614	406	194	231
614	406	194	232
614	406	195	232
614	407	195	232
615	407	195	233
615	408	195	233
613	401	194	231
613	401	194	231
613	401	194	231
613	401	194	231
613	401	194	231
613	401	194	231
613	401	194	232
613	401	194	232
613	400	195	232
613	400	195	232
613	400	195	232
617	412	194	231
617	411	194	231
617	412	194	231
617	413	194	231
617	413	194	231
618	414	194	231
618	414	194	231
618	415	194	231
618	415	194	231
619	416	194	231
619	417	194	231
621	415	194	231
621	415	194	231
621	415	194	231
621	416	194	231
622	416	194	231
622	417	194	231
622	417	194	231
623	418	194	231
623	418	194	231
623	418	194	231
624	419	194	231
607	417	198	235
607	417	198	235
606	417	198	235
606	417	198	235
605	418	198	235
604	418	198	235
604	418	199	236
603	419	199	236
602	419	199	236
602	419	199	236
601	419	200	237
615	420	206	245
614	420	206	245
614	420	206	245
614	420	207	246
614	421	207	247
614	421	208	247
615	421	208	248
615	421	209	249
615	422	210	249
615	422	210	250
615	422	211	251
687	414	210	250
687	414	210	250
691	414	210	251
695	413	211	251
699	413	211	252
703	413	212	252
707	413	212	253
711	412	213	253
715	412	213	254
719	412	214	255
723	412	214	255
753	397	210	250
757	396	210	250
762	395	210	250
768	394	210	250
773	393	210	251
778	392	211	251
784	391	211	251
789	390	211	251
795	389	211	252
800	388	211	252
806	387	211	252
835	376	210	250
840	374	210	250
847	373	210	250
853	371	210	250
860	370	210	250
867	368	210	250
874	366	210	250
881	365	210	250
887	363	210	250
894	361	210	250
901	360	210	250
808	361	214	255
814	359	214	255
816	357	214	255
817	356	214	255
818	354	214	255
819	353	214	256
820	351	215	256
822	350	215	256
823	348	215	257
824	347	215	257
825	345	216	257
703	294	223	265
704	292	223	265
698	288	223	265
692	283	224	266
687	279	225	267
681	275	225	268
675	271	226	268
670	266	226	269
664	262	227	270
658	258	228	270
653	253	228	271
628	271	219	260
622	266	219	260
615	263	219	260
608	260	219	260
602	257	219	260
595	254	219	260
588	251	219	260
581	248	219	260
575	244	219	260
568	241	219	260
561	238	219	260
584	301	227	270
577	297	227	270
572	298	227	270
566	298	227	271
561	299	228	271
556	299	228	272
551	300	229	272
546	300	229	273
541	301	230	273
536	302	230	274
531	302	230	274
597	285	219	260
591	285	219	260
590	285	219	260
589	284	218	259
588	284	218	259
587	283	218	259
585	283	218	258
584	282	217	258
583	282	217	258
582	281	217	257
581	281	217	257
633	284	227	270
631	283	226	269
633	283	227	270
635	282	227	270
637	282	227	270
638	282	227	271
640	282	228	271
642	281	228	271
644	281	228	272
645	281	229	272
647	280	229	273
731	334	237	281
732	333	237	281
739	336	238	282
745	339	238	282
751	341	239	283
757	344	240	284
764	347	240	285
770	349	241	286
776	352	242	286
783	355	242	287
789	357	243	288
623	357	237	281
629	359	237	281
626	362	238	282
622	364	238	282
619	367	238	282
616	369	238	283
612	372	239	283
609	374	239	283
606	377	239	284
603	379	240	284
599	382	240	284
624	367	227	270
620	369	227	270
618	371	226	269
617	372	226	269
615	374	225	268
613	375	225	268
611	377	224	267
610	378	224	267
608	380	224	266
606	381	223	266
604	383	223	265
624	372	219	260
622	373	218	259
621	374	217	258
621	375	217	257
620	375	216	257
619	376	215	256
619	377	215	255
618	378	214	254
618	379	213	253
617	380	213	253
616	380	212	252
627	369	223	265
626	369	222	264
626	369	222	264
626	370	222	264
626	370	222	264
626	370	222	263
626	370	222	263
626	370	222	263
626	370	221	263
626	370	221	263
626	370	221	263
624	371	227	270
623	371	226	269
623	371	227	270
623	371	227	270
623	371	227	270
623	371	227	271
623	371	228	271
623	371	228	271
623	371	228	272
622	372	228	272
622	372	229	272
628	375	227	270
627	375	227	270
628	375	227	270
628	375	227	270
628	375	227	270
628	376	227	270
628	376	227	270
628	376	227	271
629	376	227	271
629	377	228	271
629	377	228	271
665	364	223	265
665	364	223	265
667	363	222	264
669	363	222	264
671	362	222	264
673	362	222	264
675	361	222	263
677	361	221	263
680	360	221	263
682	360	221	263
684	359	221	263
693	362	219	260
695	361	218	259
697	361	218	259
700	360	218	258
702	360	217	258
705	360	217	258
707	359	217	257
710	359	216	257
712	359	216	257
715	358	216	256
717	358	216	256
667	322	227	270
669	321	226	269
669	319	226	269
668	316	227	270
668	314	227	270
667	312	227	271
667	309	228	271
666	307	228	271
666	305	228	272
665	302	229	272
665	300	229	273
642	278	232	276
641	275	232	276
639	272	232	276
638	268	233	277
636	265	233	277
634	261	234	278
632	258	234	279
631	254	234	279
629	251	235	280
627	247	235	280
626	244	236	281
675	276	227	270
673	272	227	270
674	270	227	270
675	269	227	270
676	267	227	270
677	266	227	270
678	264	226	269
679	263	226	269
680	261	226	269
681	260	226	269
683	258	226	269
705	265	232	276
706	263	231	275
708	262	232	276
710	261	232	276
712	260	232	276
715	259	232	276
717	257	232	277
719	256	233	277
721	255	233	277
724	254	233	277
726	253	233	278
662	273	241	287
664	271	241	287
662	271	241	287
661	271	242	288
659	272	242	289
658	272	243	290
657	272	244	290
655	272	244	291
654	272	245	292
652	272	245	293
651	272	246	293
662	270	232	276
660	270	232	276
659	269	232	276
659	269	232	276
658	269	231	275
657	269	231	275
656	269	231	275
655	269	231	274
655	269	230	274
654	269	230	274
653	269	230	274
664	272	237	281
663	271	236	280
663	271	236	280
662	272	237	280
662	272	237	281
662	272	237	281
662	272	237	281
662	272	237	281
662	272	237	281
662	272	237	281
661	272	237	281
696	260	227	270
695	260	227	270
697	259	226	269
699	258	226	269
701	258	225	268
702	257	225	267
704	256	224	267
706	256	224	266
708	255	223	266
709	255	223	265
711	254	222	265
665	286	227	270
666	285	226	269
665	286	226	269
664	287	226	268
663	288	225	268
663	289	225	268
662	291	225	268
661	292	225	267
660	293	224	267
659	294	224	267
658	295	224	267
652	296	219	260
651	297	218	259
649	298	218	259
648	299	217	258
647	300	217	257
646	301	216	257
644	302	216	256
643	303	215	255
642	304	215	255
641	306	214	254
639	307	214	254
665	283	219	260
663	284	218	259
663	283	218	259
664	283	218	258
664	283	217	258
664	282	217	258
664	282	217	258
665	282	217	257
665	282	216	257
665	281	216	257
665	281	216	256
657	286	227	270
657	285	226	269
656	285	227	270
656	285	227	270
656	285	227	271
656	285	228	271
655	285	228	272
655	285	229	272
655	285	229	273
655	285	229	273
654	285	230	273
615	232	223	265
614	232	223	265
612	229	223	265
609	226	223	265
607	223	223	265
604	220	223	265
602	217	223	265
599	214	223	265
597	211	223	265
595	208	223	265
592	205	222	265
571	285	223	265
568	281	222	264
565	283	222	264
561	285	222	264
557	286	222	264
554	288	222	264
550	290	222	264
547	291	222	264
543	293	222	264
540	294	222	264
536	296	222	264
618	327	227	270
614	328	226	269
615	331	227	270
616	335	227	270
617	338	227	270
619	341	227	270
620	344	227	271
621	347	228	271
622	351	228	271
623	354	228	272
625	357	228	272
632	336	237	281
633	339	237	281
634	341	237	281
636	342	238	282
637	344	239	283
639	346	239	284
640	348	240	284
642	350	241	285
643	352	241	286
645	353	242	287
646	355	243	287
658	321	232	276
659	322	232	276
661	322	232	276
663	322	232	276
665	322	232	276
667	322	232	276
669	321	232	276
671	321	232	276
673	321	232	276
675	321	232	276
677	321	232	277
649	316	232	276
651	315	232	276
651	315	231	276
651	314	231	275
652	314	231	275
652	313	231	275
652	313	231	275
653	313	231	275
653	312	231	275
653	312	231	275
654	311	231	275
635	320	241	287
635	319	240	286
634	319	241	287
633	319	241	288
633	319	242	288
632	319	242	289
631	319	243	289
630	319	243	290
630	319	244	291
629	319	244	291
628	319	245	292
637	311	246	293
636	311	246	293
636	310	246	294
635	310	247	294
635	309	247	295
635	309	248	295
635	308	248	296
634	308	249	297
634	307	249	297
634	307	250	298
634	306	250	299
645	303	251	299
644	302	251	299
645	301	251	300
645	301	252	300
645	300	252	301
646	299	253	301
646	299	253	302
647	298	254	303
647	297	254	303
647	297	255	304
648	296	255	304
653	300	256	305
653	299	256	305
654	298	256	306
654	298	257	306
655	298	257	307
655	297	258	307
656	297	258	308
657	296	259	308
657	296	259	309
658	295	260	309
659	295	260	310
665	297	261	311
665	296	261	311
666	296	261	312
667	295	262	312
668	295	262	313
669	295	263	313
670	294	263	314
671	294	264	314
672	294	264	315
673	293	265	315
673	293	265	316
673	321	256	305
673	320	256	305
674	321	256	305
675	323	256	305
676	324	256	305
677	325	256	305
678	326	255	304
678	327	255	304
679	329	255	304
680	330	255	304
681	331	255	304
647	325	256	305
647	326	255	304
646	326	255	304
645	327	255	304
644	328	255	304
643	329	255	304
642	330	255	304
641	330	255	304
639	331	255	304
638	332	255	304
637	333	255	304
635	327	261	311
633	327	260	310
632	328	261	311
631	328	261	311
630	328	261	311
629	329	261	312
627	329	262	312
626	330	262	312
625	330	262	313
624	330	262	313
622	331	263	313
611	298	267	317
609	298	267	317
607	296	267	317
606	295	268	318
604	293	268	318
602	292	269	319
600	291	269	319
598	289	269	320
597	288	270	320
595	286	270	321
593	285	271	321
652	263	272	323
650	261	272	323
651	258	272	323
653	256	273	324
654	253	273	325
656	251	274	325
657	248	274	326
659	245	275	326
660	243	275	327
662	240	276	327
663	237	276	328
513	342	277	330
514	339	277	330
507	342	277	331
500	345	278	331
493	349	278	332
486	352	279	332
479	355	279	333
473	359	280	334
466	362	280	334
459	365	281	335
452	369	281	335
530	335	289	343
523	338	289	343
520	339	290	344
518	340	291	345
516	342	291	346
514	343	292	347
511	344	293	348
509	345	294	349
507	346	295	350
505	348	296	351
502	349	297	352
576	318	289	343
573	319	289	343
575	318	290	344
577	318	290	344
579	317	290	345
581	316	291	345
583	316	291	345
585	315	291	346
587	315	292	346
589	314	292	347
591	314	293	347
593	299	300	357
594	298	300	357
596	297	301	358
598	295	301	359
600	294	302	360
602	292	303	360
604	291	303	361
606	290	304	362
608	288	305	363
610	287	306	364
612	285	306	365
597	296	306	364
598	294	306	364
599	293	307	365
600	293	307	366
601	292	308	367
602	291	309	367
603	290	309	368
604	290	310	369
605	289	311	370
606	288	311	371
607	287	312	371
591	296	306	364
591	295	306	364
591	294	306	365
591	294	307	365
591	294	307	365
591	294	307	365
591	293	307	366
591	293	308	366
591	293	308	366
591	293	308	367
591	292	308	367
597	290	306	364
596	289	306	364
597	289	306	364
597	288	306	364
597	288	306	364
598	288	306	364
598	287	306	364
598	287	306	364
598	286	306	364
599	286	306	364
599	286	306	365
591	296	306	364
591	295	306	364
591	295	306	364
590	295	306	364
590	296	306	364
590	296	306	364
590	296	306	364
590	296	306	364
589	296	306	364
589	296	306	364
589	297	306	364
559	288	319	379
558	288	319	379
556	287	319	379
555	287	320	380
553	287	321	381
551	286	321	382
549	286	322	383
547	286	323	384
545	285	324	384
543	285	324	385
541	285	325	386
499	320	306	364
497	319	306	364
492	321	306	364
488	322	305	363
484	324	305	363
480	326	305	363
476	327	304	362
472	329	304	362
468	330	303	361
463	332	303	361
459	334	303	360
503	316	312	372
498	317	311	371
497	318	311	371
495	318	311	371
494	319	311	372
492	319	312	372
491	320	312	372
489	320	312	372
488	321	312	372
486	321	312	373
485	322	312	373
532	341	300	357
530	341	300	357
531	343	299	356
532	344	298	355
533	346	298	355
535	347	297	354
536	349	297	353
537	350	296	352
538	352	295	352
539	353	295	351
540	355	294	350
520	309	312	372
521	310	311	371
521	309	311	371
521	308	312	372
520	307	312	372
520	306	312	373
520	304	313	373
520	303	313	374
520	302	314	374
520	301	314	375
520	300	314	375
536	313	306	364
535	311	306	364
536	311	306	364
537	311	306	364
538	310	306	363
539	310	305	363
539	310	305	363
540	309	305	363
541	309	305	363
542	308	305	363
543	308	305	362
536	313	306	364
536	312	305	363
537	312	305	363
537	312	305	363
537	312	305	363
538	312	305	363
538	312	305	363
538	312	305	363
539	311	305	363
539	311	305	362
540	311	305	362
533	316	300	357
533	315	299	356
533	316	299	356
533	316	299	356
533	316	298	355
533	316	298	355
533	316	298	354
533	316	297	354
532	316	297	353
532	317	297	353
532	317	296	353
527	309	312	372
526	309	311	371
526	308	312	372
526	308	312	372
525	308	313	373
525	307	313	374
525	307	314	374
524	307	314	375
524	306	315	376
523	306	315	376
523	306	316	377
520	295	325	387
519	294	325	387
519	293	326	388
518	292	327	389
517	291	328	391
517	290	329	392
516	290	330	393
516	289	331	394
515	288	332	395
515	287	333	396
514	286	334	397
533	309	312	372
532	308	312	373
532	308	312	372
533	308	312	372
533	309	312	372
534	309	311	371
534	309	311	371
535	310	311	371
535	310	310	370
536	311	310	370
536	311	310	369
533	303	312	372
533	303	311	371
533	303	311	371
534	303	311	371
534	303	311	370
534	302	310	370
534	302	310	370
535	302	310	370
535	302	310	370
535	302	310	369
535	302	309	369
539	297	312	372
539	296	311	371
539	296	311	371
540	296	311	371
540	295	311	371
540	295	311	371
541	294	311	371
541	294	311	371
542	294	311	371
542	293	311	371
543	293	311	371
569	309	312	372
569	308	311	371
571	309	311	371
573	309	311	371
574	310	311	371
576	310	311	371
578	311	311	371
580	311	311	371
582	312	311	371
584	312	311	371
585	313	311	371
591	330	319	379
592	330	318	378
594	331	319	379
596	333	319	379
598	334	320	380
600	336	320	380
602	337	320	380
604	338	321	381
606	340	321	381
608	341	322	382
610	343	322	382
585	323	332	394
587	324	332	394
587	324	333	395
587	324	334	396
588	325	335	397
588	325	335	398
589	325	336	399
589	325	337	400
590	325	338	401
590	326	339	402
591	326	340	403
604	329	332	394
604	329	332	395
605	329	333	395
606	329	333	395
607	330	334	396
609	330	334	396
610	330	334	397
611	331	335	397
612	331	335	397
613	331	335	398
614	332	336	398
588	312	338	402
589	312	338	402
588	311	338	403
588	310	339	403
587	309	339	404
587	309	340	404
587	308	340	405
586	307	341	405
586	306	341	406
585	305	341	407
585	305	342	407
609	313	338	402
608	312	338	402
609	311	338	402
610	311	338	403
611	311	338	403
612	310	339	403
613	310	339	403
614	310	339	403
615	309	339	404
615	309	339	404
616	309	340	404
605	309	345	410
605	308	345	410
606	308	345	410
606	308	346	411
606	307	346	411
606	307	346	412
606	307	347	412
607	306	347	413
607	306	348	413
607	306	348	414
607	305	349	414
598	282	345	410
598	281	345	410
597	280	345	410
597	278	345	410
597	276	346	411
596	275	346	411
596	273	346	411
596	271	346	411
595	270	346	412
595	268	346	412
595	267	347	412
577	210	359	427
576	208	359	427
575	203	360	428
573	199	360	429
572	194	361	430
571	189	362	431
570	184	363	432
568	180	364	433
567	175	365	434
566	170	365	435
564	166	366	436
581	199	366	435
579	194	366	436
579	191	367	436
578	189	368	437
578	186	369	438
578	183	369	439
577	181	370	440
577	178	371	441
577	175	372	442
576	173	372	443
576	170	373	443
581	206	366	435
580	203	366	435
580	202	367	436
580	202	367	436
580	201	367	436
580	201	367	437
