533	376	22	23
533	376	21	22
538	379	21	22
543	383	21	22
548	387	21	22
553	390	21	22
559	394	22	23
564	398	22	23
569	401	22	23
575	405	22	23
580	409	22	23
585	413	23	24
526	367	21	22
525	366	21	22
524	365	21	22
524	364	21	22
523	363	21	22
522	362	21	22
522	362	21	22
521	361	21	22
521	360	21	22
520	359	21	22
519	358	21	22
536	364	21	22
535	363	21	22
535	362	21	22
536	362	21	22
536	361	21	22
537	361	21	22
537	360	21	22
537	360	21	22
538	360	21	22
538	359	21	22
539	359	21	22
556	373	22	23
556	372	22	23
557	372	22	23
559	373	22	23
560	373	22	23
561	373	22	23
562	374	22	23
564	374	22	23
565	374	22	23
566	375	22	23
568	375	22	23
571	384	22	23
572	384	22	23
573	385	22	23
575	385	22	23
576	386	22	23
577	387	22	23
579	388	22	23
580	389	22	23
582	389	22	23
583	390	22	23
584	391	22	23
588	381	22	23
589	381	22	23
590	381	22	23
592	382	22	23
593	382	22	23
595	382	22	23
596	382	22	23
598	382	22	23
599	382	22	23
601	383	22	23
602	383	22	23
611	383	22	23
612	383	22	23
614	383	22	23
616	383	22	23
618	383	22	23
619	383	22	23
621	383	22	23
623	384	22	23
625	384	22	23
627	384	22	23
629	384	22	23
608	368	22	23
609	368	22	23
610	367	22	23
611	366	22	23
611	365	22	23
612	365	22	23
612	364	22	23
613	363	22	23
613	362	22	23
614	361	22	23
615	361	22	23
605	398	22	23
605	397	22	23
605	398	22	23
605	399	22	23
605	401	22	23
605	402	22	23
605	403	22	23
605	405	22	23
605	406	22	23
605	407	22	23
605	408	22	23
609	386	22	23
608	387	22	23
609	387	22	23
609	387	22	23
609	387	22	23
609	387	22	23
609	387	22	23
610	387	22	23
610	387	22	23
610	387	22	23
610	386	22	23
609	375	23	24
609	374	22	23
609	374	23	24
609	373	23	24
609	372	23	24
609	372	23	24
609	371	23	24
609	370	23	24
609	370	23	24
609	369	23	24
609	368	23	24
607	353	22	23
607	352	22	23
606	350	22	23
606	349	21	22
606	347	21	22
606	346	21	22
606	344	21	22
606	343	21	22
606	341	21	22
606	340	21	22
606	338	21	22
606	344	21	22
605	342	20	21
605	341	20	21
605	340	20	21
605	339	20	21
605	337	20	21
605	336	20	21
605	335	20	21
605	334	20	21
605	333	20	21
605	332	20	21
600	363	21	22
599	361	20	21
599	362	20	21
599	363	20	21
598	363	20	21
598	364	20	21
598	364	20	21
597	365	20	21
597	366	20	21
596	366	20	21
596	367	20	21
603	370	20	21
602	370	19	20
602	371	19	20
602	372	19	20
602	372	19	20
602	373	19	20
602	374	19	20
602	375	19	20
602	375	19	20
602	376	19	20
602	377	19	20
613	377	21	22
613	377	20	21
613	378	20	21
614	379	20	21
614	379	21	22
615	380	21	22
615	381	21	22
616	381	21	22
617	382	21	22
617	383	21	22
618	383	21	22
596	378	21	22
596	378	21	22
595	379	21	22
595	379	21	22
594	379	21	22
593	379	21	22
593	380	21	22
592	380	21	22
591	380	21	22
591	381	21	22
590	381	21	22
599	375	22	23
598	375	22	23
598	375	22	23
597	375	22	23
597	375	22	23
597	375	22	23
597	375	22	23
597	374	22	23
597	374	22	23
596	374	22	23
596	374	22	23
602	394	23	24
601	393	23	24
601	394	23	24
602	395	23	24
602	396	23	24
602	397	23	24
602	398	23	24
602	399	23	24
602	400	23	24
602	401	23	24
602	403	23	24
597	368	23	24
597	369	23	24
596	368	23	24
596	367	23	24
596	366	23	24
596	365	23	24
596	364	23	24
595	363	23	24
595	362	23	24
595	361	23	24
595	360	23	24
632	370	24	25
631	369	24	25
633	368	24	25
635	368	24	25
637	367	24	25
639	367	24	25
640	367	24	25
642	366	24	25
644	366	24	25
646	365	24	25
648	365	24	25
630	368	23	24
631	367	23	24
632	367	23	24
633	367	23	24
634	366	22	23
634	366	22	23
635	366	22	23
636	366	22	23
636	366	22	23
637	365	22	23
638	365	22	23
628	378	22	23
628	377	21	22
628	378	21	22
628	378	21	22
629	379	21	22
629	379	21	22
629	380	21	22
629	380	21	22
629	381	21	22
629	381	21	22
629	382	21	22
625	371	21	22
625	371	20	21
624	371	20	21
624	371	20	21
624	370	20	21
624	370	20	21
624	370	20	21
624	370	20	21
623	370	20	21
623	370	20	21
623	370	20	21
623	378	21	22
622	377	20	21
622	378	20	21
622	378	20	21
622	378	20	21
622	378	20	21
621	379	20	21
621	379	20	21
621	379	20	21
621	380	20	21
621	380	20	21
623	390	20	21
622	390	19	20
622	391	19	20
622	391	19	20
622	392	19	20
622	393	19	20
622	394	19	20
622	395	19	20
622	395	19	20
622	396	19	20
622	397	19	20
608	392	20	21
607	392	19	20
607	393	19	20
606	393	19	20
605	394	19	20
604	394	19	20
603	395	19	20
602	395	19	20
601	395	19	20
601	396	19	20
600	396	19	20
619	381	19	20
618	381	18	19
618	381	18	19
618	380	18	19
618	380	18	19
619	379	18	19
619	379	18	19
619	378	18	19
619	378	18	19
620	377	18	19
620	377	18	19
624	399	20	21
624	398	19	20
624	399	19	20
625	400	19	20
625	400	20	21
625	401	20	21
626	402	20	21
626	403	20	21
627	403	20	21
627	404	20	21
628	405	20	21
645	393	19	20
645	393	19	20
646	393	18	19
648	393	18	19
649	393	18	19
650	393	18	19
652	393	18	19
653	393	18	19
654	394	18	19
656	394	18	19
657	394	18	19
656	386	20	21
657	386	19	20
658	385	19	20
659	385	20	21
660	384	20	21
662	384	20	21
663	383	20	21
664	383	20	21
665	383	20	21
666	382	20	21
668	382	20	21
655	384	21	22
656	383	21	22
656	383	21	22
656	382	21	22
657	382	21	22
657	382	21	22
658	382	21	22
658	381	21	22
658	381	21	22
659	381	21	22
659	380	21	22
666	376	21	22
666	375	21	22
667	375	21	22
667	374	21	22
668	374	21	22
669	373	21	22
669	372	21	22
670	372	21	22
671	371	21	22
672	371	21	22
672	370	21	22
683	370	20	21
683	369	20	21
684	368	19	20
686	368	19	20
687	367	19	20
688	367	19	20
689	366	19	20
691	366	19	20
692	365	19	20
693	364	19	20
694	364	19	20
679	382	19	20
680	381	18	19
680	381	18	19
680	382	18	19
681	382	18	19
681	383	18	19
681	383	18	19
681	384	18	19
682	384	18	19
682	384	18	19
682	385	18	19
685	401	20	21
685	401	19	20
685	402	19	20
686	404	19	20
686	405	19	20
686	406	20	21
687	407	20	21
687	409	20	21
688	410	20	21
688	411	20	21
688	413	20	21
687	393	21	22
687	394	21	22
687	394	21	22
687	394	21	22
688	394	21	22
688	394	21	22
688	394	21	22
689	394	21	22
689	395	21	22
689	395	21	22
689	395	21	22
700	382	20	21
700	382	20	21
701	381	20	21
701	380	20	21
702	380	19	20
703	379	19	20
704	378	19	20
705	378	19	20
706	377	19	20
706	377	19	20
707	376	19	20
688	390	21	22
688	389	20	21
688	389	21	22
688	389	21	22
687	389	21	22
687	389	21	22
687	390	21	22
686	390	21	22
686	390	21	22
686	390	21	22
685	390	21	22
715	399	21	22
714	399	21	22
715	399	21	22
717	400	21	22
718	400	21	22
719	401	21	22
721	402	21	22
722	402	21	22
723	403	21	22
725	403	21	22
726	404	21	22
724	420	22	23
725	420	22	23
726	422	22	23
727	423	22	23
728	424	22	23
729	426	22	23
730	427	22	23
731	429	22	23
733	430	22	23
734	432	22	23
735	433	22	23
722	415	23	24
723	416	23	24
723	416	23	24
723	417	23	24
724	417	23	24
724	417	23	24
724	418	23	24
724	418	23	24
725	418	23	24
725	419	23	24
725	419	23	24
731	421	22	23
731	421	22	23
731	421	22	23
732	422	22	23
733	422	22	23
733	422	21	22
734	423	21	22
734	423	21	22
735	424	21	22
735	424	21	22
736	424	21	22
733	421	22	23
733	421	21	22
733	421	21	22
734	421	21	22
734	421	21	22
734	422	21	22
735	422	21	22
735	422	21	22
736	422	21	22
736	422	21	22
736	422	21	22
744	409	21	22
744	409	20	21
745	408	20	21
745	407	20	21
746	407	20	21
747	406	20	21
748	406	20	21
748	405	20	21
749	404	20	21
750	404	20	21
750	403	20	21
749	409	21	22
749	408	20	21
750	408	20	21
750	407	20	21
751	407	20	21
752	407	20	21
752	406	20	21
753	406	20	21
753	406	20	21
754	406	20	21
755	405	20	21
754	411	22	23
754	410	21	22
755	410	22	23
755	410	22	23
756	410	22	23
756	410	22	23
757	410	22	23
757	410	22	23
758	410	22	23
758	410	22	23
759	410	22	23
759	397	22	23
759	397	22	23
759	396	22	23
760	395	22	23
760	394	22	23
761	394	22	23
761	393	22	23
762	392	22	23
762	391	22	23
763	391	22	23
763	390	22	23
764	410	22	23
764	409	22	23
764	409	22	23
765	410	22	23
765	410	22	23
766	410	22	23
766	411	22	23
767	411	22	23
767	411	22	23
768	412	22	23
768	412	22	23
774	424	22	23
774	424	22	23
775	425	22	23
775	426	22	23
776	427	22	23
777	428	22	23
778	429	22	23
778	430	22	23
779	431	22	23
780	432	22	23
781	433	22	23
762	417	22	23
762	417	22	23
762	418	22	23
762	418	22	23
761	418	22	23
761	418	22	23
760	418	22	23
760	418	22	23
760	418	22	23
759	418	22	23
759	418	22	23
784	425	22	23
783	425	22	23
784	425	22	23
785	425	22	23
786	426	22	23
787	426	22	23
788	427	22	23
789	427	22	23
790	427	22	23
791	428	22	23
792	428	22	23
776	428	21	22
777	428	21	22
777	428	20	21
777	429	20	21
777	429	20	21
777	429	20	21
777	430	20	21
777	430	20	21
777	430	20	21
777	431	20	21
777	431	20	21
773	430	21	22
773	430	20	21
772	430	20	21
772	430	20	21
772	431	20	21
772	431	20	21
771	431	20	21
771	431	20	21
771	432	20	21
771	432	20	21
771	432	20	21
765	428	21	22
764	428	20	21
764	428	20	21
763	428	20	21
763	428	20	21
762	428	20	21
762	428	20	21
761	428	20	21
761	428	20	21
760	428	20	21
759	428	20	21
752	438	20	21
751	437	19	20
750	438	19	20
749	439	19	20
748	439	19	20
747	440	19	20
746	440	19	20
745	441	19	20
744	441	19	20
743	442	19	20
742	442	19	20
749	444	21	22
748	444	20	21
747	445	20	21
746	445	21	22
746	446	21	22
745	446	21	22
745	447	21	22
744	447	21	22
744	448	21	22
743	449	21	22
743	449	21	22
752	445	21	22
751	445	21	22
751	445	21	22
751	446	21	22
751	446	21	22
751	446	21	22
751	446	21	22
751	447	21	22
751	447	21	22
751	447	21	22
751	448	21	22
758	448	21	22
757	448	21	22
758	448	21	22
758	448	21	22
759	449	21	22
759	449	21	22
759	449	21	22
760	449	21	22
760	450	21	22
760	450	21	22
761	450	21	22
784	428	22	23
784	428	22	23
785	427	22	23
787	426	22	23
789	425	22	23
790	424	22	23
792	423	22	23
793	422	22	23
795	421	22	23
797	420	22	23
798	419	22	23
793	431	22	23
794	429	22	23
795	429	22	23
796	429	22	23
798	429	22	23
799	428	22	23
800	428	22	23
801	428	22	23
802	427	22	23
804	427	22	23
805	427	22	23
795	433	22	23
796	432	22	23
796	432	22	23
797	432	22	23
797	432	22	23
798	432	22	23
798	432	22	23
799	432	22	23
800	432	22	23
800	432	22	23
801	433	22	23
798	441	22	23
798	441	22	23
798	441	22	23
799	441	22	23
799	442	22	23
799	442	22	23
800	443	22	23
800	443	22	23
800	444	22	23
801	444	22	23
801	445	22	23
793	467	22	23
793	467	22	23
793	469	22	23
793	470	22	23
792	472	22	23
792	474	22	23
792	475	22	23
792	477	22	23
792	479	22	23
792	480	22	23
791	482	22	23
799	479	23	24
798	480	23	24
799	482	23	24
799	483	23	24
799	484	23	24
799	486	23	24
800	487	23	24
800	488	23	24
800	490	23	24
800	491	23	24
801	493	23	24
820	457	24	25
820	458	24	25
821	457	24	25
822	456	24	25
824	456	24	25
825	455	24	25
826	454	24	25
827	454	24	25
829	453	24	25
830	452	24	25
831	452	24	25
829	459	25	26
830	458	25	26
831	458	25	26
832	457	25	26
833	457	25	26
834	457	25	26
835	456	25	26
836	456	25	26
837	456	25	26
838	456	25	26
839	455	25	26
863	447	26	27
864	446	26	27
866	445	26	27
868	445	26	27
870	444	26	27
873	443	26	27
875	442	26	27
877	442	26	27
880	441	26	27
882	440	26	27
884	439	26	27
858	475	25	26
860	474	25	26
860	475	25	26
861	476	25	26
862	477	25	26
863	479	25	26
863	480	24	25
864	481	24	25
865	482	24	25
865	484	24	25
866	485	24	25
883	475	26	27
883	476	25	26
885	476	26	27
886	477	26	27
888	478	26	27
889	478	26	27
891	479	26	27
893	479	26	27
894	480	26	27
896	480	26	27
897	481	26	27
881	482	26	28
882	482	26	28
883	483	26	28
883	483	26	28
884	484	26	28
884	484	26	28
885	485	26	28
885	486	26	28
886	486	26	28
886	487	26	28
887	487	26	28
894	494	26	28
894	494	26	28
895	495	26	28
896	496	26	28
897	497	26	28
898	498	26	28
898	499	26	28
899	499	26	28
900	500	26	28
901	501	26	28
902	502	26	28
880	506	27	29
880	506	27	29
880	507	27	29
880	508	27	29
879	509	27	29
879	511	27	29
878	512	27	29
878	513	27	29
877	514	27	29
877	515	27	29
877	516	27	29
880	520	27	28
879	521	27	28
879	522	27	28
879	523	27	28
878	524	27	27
878	525	27	27
878	526	27	27
878	528	27	27
877	529	27	27
877	530	27	27
877	531	27	27
887	520	28	29
886	521	28	28
887	521	28	29
887	522	28	29
887	522	28	29
887	523	28	29
888	523	28	29
888	524	28	29
888	524	28	29
889	524	28	29
889	525	28	29
899	518	29	30
899	518	29	30
900	518	29	30
900	518	29	30
901	518	29	30
902	518	29	30
903	518	29	30
904	518	29	30
905	518	29	30
905	518	29	30
906	518	29	30
898	522	30	31
898	522	30	31
899	522	30	31
899	522	30	31
899	522	30	31
899	522	30	31
900	523	30	31
900	523	30	31
900	523	30	31
901	523	30	31
901	523	30	31
897	527	31	32
897	527	31	32
897	527	31	32
897	527	31	32
897	528	31	32
897	528	31	32
897	529	31	32
897	529	31	32
897	529	31	32
897	530	31	32
897	530	31	32
878	534	32	34
878	534	32	34
876	534	32	34
875	535	32	34
874	535	32	34
873	536	32	34
872	537	32	34
871	537	32	34
870	538	32	35
869	538	32	35
868	539	32	35
876	515	34	35
874	515	34	35
874	514	34	35
873	513	34	35
873	513	34	35
872	512	34	35
872	511	34	35
871	510	34	35
870	509	35	35
870	508	35	36
869	508	35	36
861	535	35	36
860	534	35	36
859	534	35	36
858	535	35	36
857	536	35	36
856	536	35	36
855	537	35	36
854	538	35	36
853	539	35	36
852	539	36	36
851	540	36	37
859	548	34	36
857	548	34	36
857	549	34	36
856	550	34	36
856	551	34	36
855	553	34	36
855	554	34	36
854	555	34	36
854	556	34	36
853	557	34	36
853	558	34	36
889	530	34	35
888	531	33	35
889	530	33	34
891	529	33	34
892	529	33	34
894	528	33	34
895	528	33	34
897	527	33	34
898	527	33	34
900	526	33	34
901	526	33	34
884	548	32	34
885	547	31	33
885	548	31	33
886	548	31	33
886	549	31	33
887	550	31	33
887	550	31	33
887	551	31	33
888	552	31	33
888	552	31	33
889	553	30	33
880	555	32	33
880	555	31	32
880	556	31	32
880	557	31	32
880	557	31	32
879	558	31	32
879	559	31	32
879	560	31	32
879	560	31	32
879	561	31	32
879	562	31	32
852	562	30	32
851	562	29	31
850	563	29	31
848	564	29	31
846	564	29	31
845	565	29	31
843	566	29	31
842	566	29	31
840	567	29	31
838	568	28	31
837	568	28	31
863	573	29	30
861	573	28	29
861	574	28	29
861	575	28	29
861	576	28	29
860	577	28	29
860	578	28	29
860	578	28	29
860	579	28	28
860	580	27	28
860	581	27	28
879	569	28	29
878	569	27	28
879	570	27	28
880	570	27	28
881	570	27	28
882	570	27	28
883	570	27	28
884	570	27	28
885	570	27	28
886	570	27	27
887	571	27	27
883	586	29	30
883	586	28	29
884	587	28	29
885	588	28	29
885	588	28	29
886	589	28	29
887	590	28	29
887	591	29	29
888	592	29	29
889	593	29	29
889	594	29	29
875	586	29	30
875	586	29	30
875	587	29	30
875	587	29	30
875	588	29	30
874	588	29	30
874	589	29	30
874	589	29	30
874	589	29	30
873	590	29	30
873	590	29	30
868	557	28	29
867	557	28	29
867	555	27	28
866	554	27	28
866	553	27	28
865	551	27	28
865	550	27	28
864	548	27	28
864	547	27	28
863	545	27	28
863	544	27	28
886	553	29	30
885	551	28	29
886	550	28	29
887	549	29	30
887	548	29	30
888	547	29	30
889	547	29	30
890	546	29	30
890	545	29	30
891	544	29	30
892	543	29	30
917	525	30	32
917	524	30	32
919	522	30	32
921	520	30	32
924	518	30	32
926	516	30	32
928	514	30	32
930	512	30	32
932	510	30	32
934	509	30	33
936	507	30	33
924	499	32	33
926	497	32	33
927	494	32	33
928	492	32	33
929	490	32	33
931	488	32	33
932	485	32	33
933	483	32	33
935	481	33	33
936	479	33	34
937	477	33	34
923	515	30	32
924	512	30	32
924	512	30	32
925	512	30	32
925	512	29	32
925	512	29	32
926	512	29	32
926	512	29	32
927	512	29	32
927	512	29	32
927	512	29	31
915	506	30	31
915	506	29	30
915	505	29	30
914	505	29	30
914	504	29	30
914	504	29	30
913	504	29	30
913	503	29	30
913	503	29	30
912	503	29	30
912	502	29	30
895	519	30	32
894	518	29	31
893	519	29	31
892	519	29	31
890	520	29	32
889	520	29	32
888	521	29	32
886	521	29	32
885	522	29	32
884	523	29	32
883	523	29	32
892	525	29	30
890	525	28	30
889	526	28	29
889	526	28	29
888	527	28	29
887	527	28	29
887	528	28	29
886	529	28	29
885	529	28	29
884	530	28	29
884	530	28	29
886	517	28	29
885	517	27	28
884	517	27	28
884	517	27	28
883	516	27	28
882	516	27	28
882	516	27	28
881	516	27	28
881	516	27	28
880	515	27	28
880	515	27	28
902	513	29	30
901	512	28	29
902	512	28	29
902	512	28	29
903	511	28	29
904	511	29	29
904	511	29	29
905	510	29	29
906	510	29	30
906	510	29	30
907	509	29	30
907	524	30	31
907	523	30	31
908	524	30	31
908	524	30	31
909	525	30	31
910	525	30	31
910	525	30	31
911	526	30	31
911	526	30	31
912	527	30	31
913	527	30	31
907	519	30	32
907	519	30	32
907	519	30	32
908	519	30	32
908	519	30	32
908	519	30	32
908	519	30	32
909	519	30	32
909	519	30	32
909	519	30	32
909	519	30	32
902	532	29	30
902	531	29	30
902	532	28	30
901	533	28	29
901	533	28	29
901	534	28	29
901	535	28	29
900	535	28	29
900	536	28	29
900	537	28	29
900	538	28	29
901	529	30	31
900	529	29	30
900	529	29	30
900	529	30	30
900	530	30	30
900	530	30	30
899	530	30	31
899	530	30	31
899	530	30	31
899	530	30	31
899	530	30	31
896	531	30	32
895	531	30	32
895	531	30	32
895	531	30	32
894	531	30	32
894	531	30	32
894	531	30	32
893	531	30	32
893	532	30	32
893	532	30	32
892	532	30	32
907	531	30	31
906	531	30	31
907	531	30	31
907	531	30	31
908	531	30	30
908	531	30	30
909	531	30	30
909	531	30	30
909	531	30	30
910	531	30	30
910	531	30	30
904	532	31	32
904	532	31	31
904	532	31	32
904	532	31	32
904	532	31	32
904	532	31	32
904	532	31	32
904	532	31	32
904	532	31	32
904	532	31	32
905	532	31	32
908	529	30	31
908	529	30	31
908	528	30	31
908	528	29	30
908	528	29	30
908	528	29	30
909	528	29	30
909	528	29	30
909	528	29	30
909	527	29	30
910	527	29	30
906	555	29	30
906	554	28	29
906	556	28	29
906	557	28	29
906	558	28	29
906	560	28	29
906	561	28	29
906	563	28	29
906	564	28	29
906	565	28	29
906	567	28	29
909	526	30	32
908	527	29	31
909	526	29	32
909	525	29	32
909	524	30	32
909	523	30	32
909	522	30	32
909	521	30	32
910	520	30	32
910	519	30	32
910	518	30	32
923	513	31	32
923	512	31	32
923	510	31	32
924	509	31	32
925	508	31	32
926	507	31	32
927	505	31	32
928	504	31	32
929	503	31	32
929	502	31	32
930	500	31	32
938	517	30	31
938	515	30	31
940	515	30	30
941	515	30	30
942	514	29	30
943	514	29	30
944	514	29	30
946	514	29	30
947	513	29	30
948	513	29	30
949	513	29	30
953	530	29	30
954	529	28	29
955	530	28	29
956	531	28	29
958	531	28	29
959	532	28	29
960	533	28	29
962	533	28	29
963	534	28	29
964	535	28	29
966	535	28	29
962	538	28	29
963	538	27	28
964	539	27	28
965	540	27	28
966	540	27	28
967	541	27	28
968	542	27	28
969	543	27	28
970	543	27	28
971	544	27	28
972	545	27	28
960	518	27	28
961	518	26	27
961	517	26	27
961	517	26	27
961	516	26	27
962	515	26	27
962	514	26	27
962	513	26	27
962	513	26	27
963	512	26	27
963	511	26	27
966	506	27	28
966	505	26	27
966	504	26	27
967	503	26	27
967	501	26	27
967	500	26	27
968	499	26	27
968	498	26	27
969	497	26	27
969	496	26	27
969	495	26	27
963	494	27	28
963	492	26	27
963	491	26	27
963	490	26	27
963	489	26	27
963	488	26	27
963	487	26	27
963	486	26	27
963	485	26	27
963	484	26	27
963	483	26	27
950	505	26	27
950	503	25	26
949	504	25	26
948	504	25	26
947	504	25	26
947	504	25	26
946	504	25	26
945	504	25	26
944	505	25	26
944	505	25	26
943	505	25	26
957	496	26	27
956	496	25	26
956	495	25	26
956	495	25	26
956	495	25	26
956	494	25	26
956	494	25	26
956	494	25	26
956	493	25	26
956	493	25	26
956	492	25	26
941	502	25	26
941	501	24	25
940	501	24	25
939	501	24	25
938	502	24	25
937	502	24	25
936	502	24	25
936	502	24	25
935	502	24	25
934	502	24	25
933	503	24	25
936	503	24	25
935	503	23	24
934	503	23	24
933	503	23	24
933	503	23	24
932	503	23	24
931	503	23	24
931	504	23	24
930	504	23	24
930	504	23	24
929	504	23	24
950	526	24	25
949	526	23	24
949	527	23	24
950	528	23	24
950	530	23	24
951	531	23	24
952	532	23	24
952	534	23	24
953	535	23	24
953	536	23	24
954	538	23	24
956	533	23	24
956	534	22	23
957	535	22	23
957	536	22	23
958	537	22	23
958	538	22	23
959	539	22	23
960	540	22	23
960	541	22	23
961	542	22	23
962	543	22	23
972	559	23	24
972	559	22	23
973	561	22	23
974	563	22	23
975	565	22	23
977	567	22	23
978	568	22	23
979	570	22	23
980	572	22	23
981	574	22	23
982	576	22	23
947	556	24	25
948	557	23	24
947	558	24	25
946	558	24	25
945	559	24	25
944	560	24	25
943	560	24	25
942	561	24	25
941	561	24	25
940	562	24	25
939	563	24	25
965	597	25	26
964	597	25	26
964	599	25	26
965	602	25	26
965	604	25	26
966	607	25	26
966	609	25	26
967	612	25	26
967	614	25	26
968	617	25	26
968	619	25	26
970	606	26	28
970	608	26	28
971	609	26	28
971	611	26	28
972	613	26	28
972	614	26	28
973	616	26	28
973	617	26	28
974	619	26	29
975	620	26	29
975	622	26	29
969	605	27	29
969	606	27	29
969	607	27	29
969	607	27	29
970	608	27	29
970	608	27	29
970	609	27	29
970	609	27	29
970	610	27	29
970	610	27	30
971	611	27	30
968	605	29	30
968	605	29	30
968	605	29	30
968	605	29	30
968	605	29	30
968	606	29	30
968	606	29	30
968	606	29	30
968	606	30	30
968	606	30	30
968	606	30	31
968	605	29	30
967	605	29	30
967	605	29	30
967	605	29	30
967	605	29	30
967	605	29	30
967	605	29	30
967	605	29	30
967	605	29	30
967	605	29	30
967	605	29	30
968	606	27	29
967	606	27	29
967	606	26	28
967	606	26	28
967	606	26	28
967	606	26	28
967	606	26	28
967	606	26	28
967	606	26	28
967	606	26	28
967	606	26	28
969	607	27	28
968	607	26	27
969	607	26	27
969	607	26	27
969	607	26	27
969	607	26	27
969	607	26	27
969	607	26	27
969	607	26	27
969	607	26	27
969	607	26	27
970	607	27	28
970	607	26	27
970	607	26	27
970	607	26	27
970	607	26	27
970	607	26	27
970	607	26	27
970	607	26	27
970	607	26	27
970	607	26	27
970	607	26	27
970	607	27	28
970	607	26	27
970	607	26	27
970	607	26	27
970	607	26	27
970	607	26	27
970	607	26	27
970	607	26	27
970	607	26	27
970	607	26	27
970	607	26	27
970	607	27	28
970	607	26	27
970	607	26	27
970	607	26	27
970	607	26	27
970	607	26	27
970	607	26	27
970	607	26	27
970	607	26	27
970	607	26	27
970	607	26	27
969	607	27	28
969	607	26	27
968	607	26	27
968	607	26	27
968	607	26	27
968	607	26	27
968	607	26	27
968	607	26	27
968	607	26	27
968	607	26	27
968	607	26	27
969	607	27	28
968	607	26	27
968	607	26	27
968	607	26	27
968	607	26	27
968	607	26	27
968	607	26	27
968	607	26	27
968	607	26	27
968	607	26	27
968	607	26	27
969	607	27	28
968	607	26	27
968	607	26	27
968	607	26	27
968	607	26	27
968	607	26	27
968	607	26	27
968	607	26	27
968	607	26	27
968	607	26	27
968	607	26	27
969	607	27	28
968	607	26	27
968	607	26	27
968	607	26	27
968	607	26	27
968	607	26	27
968	607	26	27
968	607	26	27
968	607	26	27
968	607	26	27
968	607	26	27
952	613	28	29
952	612	27	28
951	613	28	29
950	613	28	29
949	613	28	29
948	614	28	29
947	614	28	29
946	614	28	29
945	615	28	29
944	615	28	29
943	615	28	29
956	580	29	30
955	580	29	30
954	578	29	30
954	576	29	30
954	575	29	30
954	573	29	30
954	571	29	30
953	570	29	30
953	568	29	30
953	566	29	30
953	565	29	30
962	595	29	30
961	593	29	30
962	593	29	30
962	593	29	30
962	593	29	30
962	593	29	30
963	593	29	30
963	593	29	30
963	593	29	30
964	593	29	30
964	593	29	30
948	580	29	30
948	580	29	30
947	579	29	30
947	578	29	30
946	577	29	30
945	577	29	30
945	576	29	30
944	575	29	30
943	575	29	30
943	574	29	30
942	573	29	30
954	595	29	30
953	594	29	30
953	594	29	30
953	595	29	30
953	595	29	30
953	596	29	30
953	596	29	30
953	597	29	30
953	597	29	30
953	598	29	30
953	598	29	30
942	606	28	29
942	606	28	29
941	607	27	28
940	608	27	28
940	609	27	28
939	610	27	28
938	610	27	28
938	611	27	28
937	612	27	28
937	613	27	28
936	614	27	28
914	634	29	30
913	634	28	29
911	636	28	29
909	638	29	30
907	640	29	30
906	642	29	30
904	644	29	30
902	646	29	30
900	648	29	30
898	650	29	30
896	652	29	30
904	638	29	30
902	639	29	30
900	640	29	30
899	641	29	30
898	643	29	30
896	644	29	30
895	645	29	30
894	646	29	30
892	647	29	30
891	648	29	30
890	649	29	30
907	633	27	29
905	634	27	29
905	634	26	28
905	634	26	28
904	634	26	28
904	634	26	28
904	634	26	28
903	634	26	28
903	634	26	28
903	634	26	28
902	634	26	28
920	615	29	30
919	615	28	29
920	614	28	29
920	613	29	30
921	612	29	30
922	610	29	30
922	609	29	30
923	608	29	30
924	607	29	30
924	606	29	30
925	605	29	30
936	622	28	29
936	620	28	29
937	620	28	28
939	620	28	28
940	620	27	28
941	620	27	28
942	620	27	28
943	620	27	28
945	620	27	28
946	620	27	28
947	620	27	28
942	615	27	29
943	614	26	28
944	614	26	28
944	614	26	28
945	613	26	28
946	613	26	28
947	613	26	28
948	612	26	28
949	612	26	28
949	612	26	28
950	611	26	28
956	615	28	29
956	614	27	28
957	614	27	28
958	614	27	28
960	614	28	28
961	614	28	28
962	613	28	28
963	613	28	28
964	613	28	28
965	613	28	28
966	613	28	28
949	618	27	28
950	617	27	27
950	617	26	27
950	618	26	27
950	618	26	27
950	618	26	27
950	618	26	27
950	618	26	27
950	618	26	27
950	618	26	27
950	618	26	27
960	611	27	28
960	611	26	27
960	610	26	27
961	610	26	27
961	610	26	27
962	609	26	27
962	609	26	27
963	609	26	27
964	608	26	27
964	608	26	27
965	608	26	27
955	627	28	29
955	626	27	28
955	627	28	29
955	628	28	29
955	628	28	29
955	629	28	29
955	630	28	29
955	631	28	29
955	631	28	29
955	632	28	29
955	633	28	29
964	632	27	28
963	632	27	28
964	633	27	28
964	633	26	27
965	634	26	27
965	635	26	27
966	635	26	27
966	636	26	27
967	637	26	27
967	637	26	27
968	638	26	27
978	642	26	28
978	642	25	27
979	643	25	27
980	644	25	27
981	644	25	27
982	645	25	27
983	646	25	27
984	647	25	27
985	648	25	27
986	648	25	27
987	649	25	27
971	627	27	28
971	627	26	27
972	627	26	27
972	626	26	27
972	626	27	27
972	625	27	27
972	625	27	27
972	624	27	27
972	624	27	27
972	623	27	27
972	623	27	27
977	652	26	28
977	651	26	27
977	652	25	27
977	653	25	27
977	654	25	27
978	655	25	27
978	657	25	27
978	658	25	27
979	659	25	27
979	660	25	27
979	661	25	27
954	657	27	29
954	658	26	28
953	658	26	29
952	659	27	29
950	660	27	29
949	661	27	29
948	662	27	29
947	662	27	29
946	663	27	29
945	664	27	29
943	665	27	29
951	675	27	29
949	675	27	29
949	677	27	29
948	678	27	29
947	679	27	29
947	680	27	29
946	682	27	29
945	683	27	29
944	684	27	29
944	686	27	29
943	687	27	29
995	678	29	30
994	679	29	30
996	679	29	30
998	680	29	30
1000	681	29	30
1003	682	29	30
1005	682	29	30
1007	683	29	30
1009	684	29	30
1011	684	29	30
1014	685	30	30
1008	677	30	31
1010	677	30	31
1011	677	30	31
1013	678	30	31
1015	678	30	31
1017	678	30	31
1018	678	30	31
1020	678	30	31
1022	678	30	31
1024	679	30	31
1025	679	31	31
1043	690	31	32
1044	690	31	32
1047	690	31	32
1049	691	31	32
1052	692	31	32
1055	693	31	32
1057	693	31	32
1060	694	31	32
1062	695	31	32
1065	696	31	32
1068	697	31	32
1048	710	32	33
1050	710	32	33
1051	712	32	33
1053	713	32	33
1054	715	32	33
1055	716	32	33
1057	717	32	33
1058	719	32	33
1059	720	32	33
1061	722	32	33
1062	723	32	33
1051	694	33	34
1052	695	33	34
1052	695	33	34
1053	694	33	34
1054	694	33	34
1054	694	33	34
1055	694	33	34
1056	693	33	34
1056	693	33	34
1057	693	33	34
1057	692	33	34
1042	668	33	34
1042	667	33	34
1042	666	33	34
1042	664	33	34
1041	662	33	34
1041	661	33	34
1041	659	33	34
1040	657	33	34
1040	656	33	34
1040	654	33	34
1039	652	33	34
1042	681	33	34
1041	679	33	34
1041	679	33	34
1041	679	33	34
1041	679	33	34
1041	679	33	34
1040	679	33	34
1040	679	33	34
1040	679	33	34
1040	679	33	34
1040	679	33	34
1053	670	34	36
1052	670	34	36
1053	669	34	36
1053	668	34	36
1054	668	34	36
1055	667	34	36
1055	667	34	36
1056	666	34	36
1056	666	34	36
1057	665	34	36
1057	665	34	37
1064	671	36	37
1064	670	36	37
1065	670	36	37
1066	670	36	37
1067	669	36	37
1068	669	36	37
1068	669	36	37
1069	669	36	37
1070	669	37	37
1071	669	37	37
1072	668	37	38
1046	676	37	39
1046	675	37	39
1046	676	37	39
1045	676	37	39
1044	676	37	39
1044	676	37	39
1043	676	37	39
1043	677	37	40
1042	677	37	40
1041	677	38	40
1041	677	38	40
1031	676	36	37
1030	676	36	37
1029	676	36	37
1028	676	36	37
1026	676	36	37
1025	676	36	36
1024	676	36	36
1023	676	36	36
1022	677	36	36
1021	677	36	36
1019	677	35	36
1049	647	37	39
1047	647	36	38
1048	645	37	39
1048	643	37	39
1049	642	37	39
1049	640	37	39
1050	639	37	39
1050	637	37	39
1051	636	37	39
1051	634	37	39
1052	632	37	39
1057	615	39	40
1057	613	39	40
1058	610	39	40
1058	608	39	40
1059	605	39	40
1060	603	39	40
1061	601	39	40
1061	598	39	40
1062	596	39	40
1063	593	40	40
1064	591	40	40
1052	625	38	40
1052	622	38	40
1052	622	38	40
1052	621	38	40
1052	621	38	40
1052	620	38	40
1052	620	38	40
1052	619	38	40
1052	619	38	40
1052	618	38	40
1052	618	38	40
1033	636	39	41
1033	635	39	41
1031	636	39	41
1030	636	39	41
1029	637	39	41
1028	637	39	41
1027	638	39	41
1026	638	39	41
1025	639	39	41
1024	639	39	41
1023	640	39	41
1017	615	40	42
1015	615	40	42
1014	614	40	42
1013	613	40	42
1011	612	40	42
1010	611	40	42
1009	611	40	42
1007	610	40	42
1006	609	40	42
1004	608	40	42
1003	607	40	42
1027	612	39	41
1025	611	39	41
1025	610	39	41
1025	609	39	41
1025	609	39	41
1025	608	38	40
1025	608	38	40
1025	607	38	40
1025	606	38	40
1025	606	38	40
1025	605	38	40
1031	616	41	43
1031	615	40	42
1031	615	41	43
1031	615	41	43
1031	615	41	43
1032	615	41	43
1032	615	41	43
1032	615	41	43
1033	615	41	43
1033	615	41	43
1033	615	41	43
1036	622	43	45
1036	622	43	45
1036	622	43	45
1037	622	43	45
1037	623	43	45
1037	623	43	45
1038	623	43	45
1038	624	44	46
1039	624	44	46
1039	624	44	46
1040	625	44	46
1033	622	44	46
1033	622	44	46
1033	622	44	46
1033	622	44	46
1033	622	44	46
1033	623	44	46
1033	623	44	46
1033	623	44	46
1033	623	44	46
1033	623	45	47
1033	623	45	47
1064	648	43	45
1063	648	43	45
1065	649	43	45
1067	651	43	45
1069	652	43	45
1070	654	43	45
1072	655	43	45
1074	657	43	45
1075	658	43	45
1077	660	43	45
1079	661	43	45
1075	648	43	45
1076	649	42	44
1078	650	42	44
1079	650	42	44
1080	651	42	44
1082	652	42	44
1083	652	42	44
1084	653	42	44
1086	654	42	44
1087	654	42	44
1089	655	42	44
1031	668	43	45
1032	668	42	44
1030	669	42	44
1028	671	42	44
1026	672	42	44
1024	673	42	44
1022	675	42	44
1020	676	42	44
1018	677	42	44
1016	679	42	44
1015	680	42	44
1027	673	41	43
1025	674	40	42
1023	675	40	42
1022	675	40	42
1021	676	40	42
1020	677	40	42
1019	678	40	42
1018	679	40	42
1016	680	40	42
1015	680	40	42
1014	681	39	41
1024	674	43	45
1022	674	42	44
1022	675	42	44
1021	675	43	45
1021	675	43	45
1020	676	43	45
1019	676	43	45
1019	676	43	45
1018	677	43	45
1018	677	43	45
1017	677	43	45
1064	676	43	45
1063	676	43	45
1065	676	43	45
1067	676	43	45
1069	677	43	45
1071	677	43	45
1073	677	43	45
1075	677	43	45
1077	677	43	45
1079	678	43	45
1081	678	43	45
1061	632	44	46
1063	632	44	46
1063	629	44	46
1064	627	44	46
1065	625	44	46
1066	622	44	46
1066	620	44	46
1067	618	44	46
1068	615	44	46
1069	613	44	46
1069	610	44	46
1081	615	43	45
1081	612	43	45
1083	610	43	45
1084	608	43	45
1085	606	42	44
1087	604	42	44
1088	602	42	44
1089	600	42	44
1091	598	42	44
1092	596	42	44
1093	594	42	44
1098	610	44	46
1099	607	43	45
1100	606	44	46
1102	605	44	46
1103	604	44	46
1105	603	44	46
1106	602	44	46
1108	601	44	46
1109	600	44	46
1111	599	44	46
1112	598	44	46
1092	588	43	45
1093	586	43	45
1093	585	43	45
1094	583	42	44
1094	582	42	44
1094	580	42	44
1094	579	42	44
1095	577	42	44
1095	575	42	44
1095	574	42	44
1095	572	42	44
1099	569	41	43
1099	567	40	42
1099	565	40	42
1100	564	40	42
1100	562	40	42
1100	560	40	42
1101	558	40	42
1101	557	40	42
1102	555	40	42
1102	553	39	41
1103	552	39	41
1101	550	43	45
1101	548	42	44
1101	546	42	44
1101	544	42	44
1102	543	43	45
1102	541	43	45
1102	539	43	45
1103	537	43	45
1103	536	43	45
1103	534	43	45
1103	532	43	45
1132	531	44	46
1132	529	44	46
1134	527	44	46
1135	525	44	46
1137	524	44	46
1139	522	44	46
1141	520	44	46
1143	518	44	46
1145	517	44	46
1146	515	44	46
1148	513	44	46
1124	546	43	45
1125	544	43	45
1126	544	43	45
1126	544	43	45
1126	544	43	45
1127	544	43	45
1127	545	42	44
1127	545	42	44
1128	545	42	44
1128	545	42	44
1129	545	42	44
1102	595	42	44
1102	595	41	43
1101	598	41	43
1100	600	41	43
1098	603	41	43
1097	606	41	43
1096	609	41	43
1095	612	41	43
1094	615	41	43
1093	618	41	43
1091	621	41	43
1105	592	43	45
1103	594	42	44
1103	596	42	44
1103	597	42	44
1102	598	43	45
1102	599	43	45
1101	600	43	45
1101	601	43	45
1101	602	43	45
1100	603	43	45
1100	604	43	45
1100	574	43	45
1099	575	43	45
1099	574	43	45
1098	573	43	45
1098	573	43	45
1098	572	43	45
1097	571	43	45
1097	571	43	45
1096	570	43	45
1096	569	43	45
1096	569	43	45
1080	553	44	46
1079	552	44	46
1078	550	44	46
1077	549	44	46
1075	547	44	46
1074	546	44	46
1073	544	44	46
1072	543	44	46
1070	541	44	46
1069	540	44	46
1068	538	44	46
1102	519	45	47
1100	517	45	47
1101	514	45	47
1102	512	45	47
1102	509	45	47
1103	507	45	47
1104	504	45	47
1104	502	45	47
1105	499	45	47
1106	497	45	47
1106	494	45	47
1107	554	44	46
1107	551	44	46
1108	552	44	46
1108	553	44	46
1109	554	44	46
1110	555	43	45
1110	555	43	45
1111	556	43	45
1112	557	43	45
1112	558	43	45
1113	559	43	45
1120	540	44	46
1120	540	43	45
1121	540	43	45
1122	540	43	45
1123	540	43	45
1124	539	43	45
1125	539	43	45
1126	539	43	45
1127	539	43	45
1128	539	43	45
1129	538	43	45
1159	496	46	48
1159	495	45	47
1162	493	46	48
1165	490	46	48
1167	487	46	48
1170	485	46	48
1172	482	46	48
1175	480	46	48
1177	477	46	48
1180	475	46	48
1183	472	46	48
1194	455	44	46
1196	452	44	46
1199	448	44	46
1202	445	43	45
1205	442	43	45
1208	438	43	45
1211	435	43	45
1214	431	43	45
1217	428	43	45
1220	425	43	45
1223	421	43	45
1168	459	43	45
1171	455	42	44
1170	454	42	44
1170	453	42	44
1170	452	42	44
1170	450	42	44
1169	449	42	44
1169	448	42	44
1169	447	42	44
1169	446	42	44
1168	445	42	44
1168	408	44	46
1167	406	43	45
1167	403	43	45
1167	400	43	45
1166	397	43	45
1166	394	43	45
1166	391	44	46
1166	387	44	46
1165	384	44	46
1165	381	44	46
1165	378	44	46
1217	382	43	45
1216	378	43	45
1219	376	42	44
1221	373	42	44
1224	370	42	44
1227	367	42	44
1229	364	42	44
1232	362	42	44
1234	359	42	44
1237	356	42	44
1240	353	42	44
1167	390	44	46
1169	387	43	45
1168	386	43	45
1166	385	44	46
1164	385	44	46
1163	384	44	46
1161	384	44	46
1160	383	44	46
1158	382	44	46
1156	382	44	46
1155	381	44	46
1231	372	46	48
1229	371	46	48
1232	370	46	48
1234	369	46	48
1237	368	46	48
1240	366	46	48
1242	365	46	48
1245	364	46	48
1248	363	46	48
1250	362	47	49
1253	361	47	49
1230	392	48	50
1232	390	48	50
1233	391	48	50
1235	392	48	50
1236	392	48	50
1237	393	48	50
1238	394	48	50
1240	394	49	51
1241	395	49	51
1242	396	49	51
1243	396	49	51
1263	392	47	49
1264	392	47	49
1266	392	47	49
1268	393	47	49
1270	393	47	49
1273	394	47	49
1275	394	47	49
1277	394	47	49
1279	395	47	49
1282	395	47	49
1284	395	47	49
1259	385	45	47
1261	385	45	47
1261	385	44	46
1262	384	44	46
1263	384	44	46
1264	384	44	46
1264	384	44	46
1265	383	44	46
1266	383	44	46
1266	383	44	46
1267	382	43	45
1245	411	44	46
1245	410	43	45
1245	412	43	45
1244	413	43	45
1243	414	43	45
1243	415	43	45
1242	417	43	45
1242	418	43	45
1241	419	43	45
1241	421	43	45
1240	422	42	44
1238	387	46	48
1237	388	45	47
1236	387	45	47
1236	386	46	48
1235	386	46	48
1234	385	46	48
1233	384	46	48
1233	383	46	48
1232	383	46	48
1231	382	46	48
1231	381	46	48
1243	343	45	47
1242	342	45	47
1242	339	45	47
1242	336	45	47
1242	333	45	47
1242	330	44	46
1242	328	44	46
1242	325	44	46
1242	322	44	46
1242	319	44	46
1242	316	44	46
1239	315	47	49
1239	312	46	48
1238	309	47	49
1238	306	47	49
1238	303	47	49
1238	301	47	49
1238	298	47	49
1237	295	47	49
1237	292	47	49
1237	289	47	49
1237	287	47	49
1253	318	45	47
1252	315	45	47
1253	314	45	47
1254	313	44	46
1254	312	44	46
1255	311	44	46
1256	310	44	46
1256	309	44	46
1257	308	44	46
1258	307	44	46
1259	306	44	46
1271	318	44	46
1271	317	43	45
1273	316	43	45
1274	316	43	45
1275	316	43	45
1276	316	43	45
1278	315	43	45
1279	315	43	45
1280	315	43	45
1282	315	43	45
1283	314	43	45
1263	304	44	46
1264	303	43	45
1264	302	43	45
1264	302	43	45
1264	301	43	45
1264	300	43	45
1264	299	43	45
1264	298	43	45
1265	297	43	45
1265	297	43	45
1265	296	43	45
1267	296	45	47
1267	295	44	46
1267	294	45	47
1267	293	45	47
1267	292	45	47
1267	291	45	47
1268	291	45	47
1268	290	45	47
1268	289	45	47
1268	288	45	47
1268	287	45	47
1257	336	45	47
1257	335	45	47
1256	337	45	47
1256	338	45	47
1255	340	45	47
1255	342	45	47
1254	344	45	47
1254	346	45	47
1253	348	45	47
1253	350	45	47
1252	352	45	47
1253	376	43	45
1252	377	43	45
1252	381	42	44
1251	384	42	44
1251	387	42	44
1250	390	42	44
1250	393	42	44
1249	396	42	44
1249	399	42	44
1248	402	42	44
1248	405	42	44
1249	370	43	45
1248	373	42	44
1248	374	42	44
1247	375	42	44
1247	375	42	44
1246	376	42	44
1246	377	42	44
1246	378	42	44
1245	379	42	44
1245	380	42	44
1245	381	42	44
1255	344	42	44
1254	344	41	43
1254	343	41	43
1254	342	41	43
1255	341	41	43
1255	340	41	43
1255	338	41	43
1255	337	41	43
1255	336	41	43
1256	335	41	43
1256	334	41	43
1262	364	41	43
1262	362	40	42
1262	363	40	42
1263	363	40	42
1263	364	40	42
1264	364	40	42
1264	365	40	42
1265	365	40	42
1265	366	40	42
1266	366	40	42
1266	367	40	42
1267	382	43	45
1267	382	42	44
1267	383	42	44
1268	385	43	45
1268	386	43	45
1269	387	43	45
1269	389	43	45
1270	390	43	45
1270	391	43	45
1271	392	43	45
1271	394	43	45
1261	400	41	43
1261	401	41	43
1261	402	41	43
1261	404	40	42
1261	405	40	42
1260	407	40	42
1260	409	40	42
1260	410	40	42
1260	412	40	42
1260	413	40	42
1260	415	40	42
1252	405	40	42
1251	406	39	41
1251	407	39	41
1250	408	39	41
1250	409	39	41
1249	410	39	41
1248	411	39	41
1248	411	39	41
1247	412	39	41
1247	413	39	41
1246	414	39	41
1253	409	39	40
1252	409	38	39
1252	410	38	39
1252	410	38	39
1251	411	38	39
1251	412	38	39
1251	412	38	39
1251	413	38	39
1251	413	38	38
1250	414	38	38
1250	414	38	38
1248	420	37	39
1247	420	36	38
1247	421	36	38
1247	422	36	38
1246	422	36	38
1246	423	36	38
1246	424	36	38
1245	425	36	38
1245	426	35	38
1245	426	35	37
1244	427	35	37
1231	434	38	40
1230	434	37	39
1229	435	37	39
1228	437	37	39
1227	438	37	39
1226	439	37	39
1225	440	37	39
1224	441	37	39
1223	442	37	39
1222	443	37	39
1220	444	37	39
1229	450	37	39
1227	451	36	39
1227	452	36	38
1226	453	36	38
1226	455	36	38
1225	456	36	38
1225	457	36	38
1224	459	36	38
1223	460	36	38
1223	461	36	38
1222	463	36	38
1229	461	36	37
1228	462	35	36
1228	463	35	36
1228	464	35	36
1227	465	35	36
1227	466	35	36
1227	468	35	36
1227	469	35	36
1227	470	35	36
1226	471	35	35
1226	472	35	35
1223	460	34	36
1222	461	33	35
1222	461	33	35
1222	461	33	35
1221	462	33	35
1221	462	33	35
1220	463	33	35
1220	463	33	35
1220	463	32	35
1219	464	32	34
1219	464	32	34
1227	472	33	34
1226	472	32	33
1226	473	32	33
1226	473	32	33
1226	474	32	33
1226	475	32	33
1226	476	32	33
1226	477	32	32
1227	477	32	32
1227	478	31	32
1227	479	31	32
1245	472	32	34
1245	472	31	33
1246	473	31	33
1247	473	31	33
1248	473	31	33
1249	474	31	33
1250	474	31	33
1251	474	31	33
1252	475	31	33
1253	475	31	33
1254	475	30	33
1222	474	32	33
1223	474	31	32
1222	474	31	32
1221	474	31	32
1220	474	31	32
1219	475	31	32
1218	475	31	32
1218	475	31	32
1217	475	31	32
1216	476	31	32
1215	476	31	32
1211	472	33	34
1210	472	32	33
1209	472	33	33
1208	472	33	33
1207	472	33	34
1206	472	33	34
1205	472	33	34
1204	472	33	34
1202	471	33	34
1201	471	33	34
1200	471	33	34
1193	459	34	35
1191	458	34	35
1190	458	34	35
1189	457	34	35
1187	456	34	35
1186	455	34	35
1184	455	34	35
1183	454	34	35
1182	453	34	35
1180	452	34	35
1179	452	34	35
1170	454	35	36
1168	453	35	36
1166	452	35	36
1164	452	35	36
1163	451	35	36
1161	450	35	36
1159	450	35	36
1157	449	35	36
1155	448	35	36
1153	448	35	36
1151	447	35	36
1158	482	36	37
1156	481	36	37
1154	482	36	37
1153	484	36	37
1151	485	36	37
1150	486	36	37
1149	487	36	37
1147	489	36	37
1146	490	36	37
1144	491	36	37
1143	493	36	37
1181	496	35	36
1179	497	35	36
1180	498	35	36
1181	500	35	36
1181	501	35	36
1182	502	35	36
1183	504	34	35
1184	505	34	35
1184	507	34	35
1185	508	34	35
1186	509	34	35
1192	517	34	36
1192	518	33	35
1193	520	33	35
1194	521	33	35
1195	523	33	35
1196	525	33	35
1197	526	33	35
1198	528	33	35
1199	530	33	35
1200	532	33	35
1201	533	33	35
1191	530	35	36
1192	531	34	35
1192	533	34	35
1192	534	34	35
1193	535	35	35
1193	537	35	35
1193	538	35	35
1194	540	35	35
1194	541	35	35
1194	542	35	35
1195	544	35	35
1202	525	34	35
1202	526	34	34
1203	526	33	34
1203	526	33	34
1204	527	33	34
1205	527	33	34
1205	527	33	34
1206	527	33	34
1207	528	33	34
1208	528	33	34
1208	528	33	34
1212	520	32	34
1212	520	31	33
1213	520	31	33
1214	519	31	33
1215	519	31	33
1216	519	31	33
1216	519	31	33
1217	518	31	33
1218	518	31	33
1219	518	30	33
1220	518	30	33
1209	524	32	34
1209	523	31	33
1210	523	31	33
1210	523	31	33
1210	524	31	33
1210	524	31	33
1210	524	31	33
1210	524	31	33
1211	524	31	33
1211	524	31	33
1211	524	31	33
1205	538	34	35
1205	538	33	34
1204	538	34	35
1204	539	34	35
1204	540	34	35
1204	541	34	35
1204	542	34	35
1204	543	34	35
1203	543	34	35
1203	544	34	35
1203	545	34	35
1211	564	35	36
1210	564	35	36
1211	566	35	36
1211	568	35	36
1211	570	35	36
1211	572	35	36
1211	573	35	36
1212	575	35	36
1212	577	35	36
1212	579	35	36
1212	581	35	36
1209	553	35	36
1209	554	35	36
1209	554	35	36
1209	555	35	36
1209	555	35	36
1209	555	35	36
1209	555	35	36
1209	555	35	36
1209	555	35	36
1209	556	35	36
1209	556	35	36
1214	571	35	36
1214	571	35	36
1214	572	35	36
1214	573	35	36
1214	574	35	36
1215	574	35	36
1215	575	35	36
1215	576	35	36
1215	577	35	36
1216	578	35	36
1216	579	35	36
1203	546	34	36
1203	546	34	36
1202	546	33	36
1202	545	33	36
1201	544	33	36
1201	543	33	36
1200	542	33	36
1200	541	33	36
1199	540	33	36
1199	539	33	36
1198	538	33	36
1224	497	35	36
1223	496	34	36
1224	492	34	36
1225	489	35	36
1226	486	35	36
1227	483	35	36
1228	480	35	36
1229	476	35	36
1230	473	35	36
1230	470	35	36
1231	467	35	36
1245	503	36	38
1245	499	36	37
1247	498	36	38
1249	497	36	38
1250	496	36	38
1252	495	36	38
1253	494	36	38
1255	493	36	38
1257	492	36	38
1258	491	36	38
1260	490	36	38
1256	519	36	38
1257	517	36	38
1258	518	36	38
1260	519	36	38
1261	519	36	38
1262	520	36	38
1263	520	36	38
1265	521	36	38
1266	522	36	38
1267	522	36	38
1269	523	36	38
1245	551	38	40
1246	551	38	40
1246	553	38	40
1246	555	38	40
1245	557	38	40
1245	560	38	40
1245	562	38	40
1245	564	38	40
1245	566	38	40
1245	568	38	41
1245	570	39	41
1207	532	39	41
1206	534	39	41
1204	533	39	41
1202	533	39	41
1200	533	39	41
1197	533	39	41
1195	533	39	41
1193	533	39	41
1191	533	39	41
1188	532	39	42
1186	532	40	42
1203	537	38	40
1200	536	38	40
1199	536	38	40
1198	537	38	40
1197	537	38	40
1195	537	38	40
1194	537	38	40
1193	537	38	40
1192	537	38	40
1191	537	37	39
1189	537	37	39
1210	568	39	40
1208	568	38	39
1208	569	39	39
1208	571	39	39
1208	573	39	39
1208	575	39	39
1208	576	39	39
1208	578	39	39
1208	580	39	39
1208	582	39	39
1208	584	39	39
1223	567	40	42
1222	568	40	41
1223	569	40	42
1224	570	40	42
1225	570	40	42
1226	571	40	42
1226	572	40	42
1227	573	40	42
1228	573	40	42
1229	574	40	42
1229	575	40	42
1189	597	39	41
1189	597	39	41
1188	599	39	41
1186	601	39	41
1185	603	39	41
1183	605	38	41
1182	607	38	41
1180	609	38	41
1179	610	38	41
1177	612	38	41
1175	614	38	41
1208	563	41	43
1206	564	40	42
1206	563	41	43
1207	562	41	43
1207	561	41	43
1207	560	41	43
1208	559	41	43
1208	558	41	43
1208	557	41	43
1209	556	41	43
1209	555	41	43
1187	595	41	43
1187	593	41	43
1186	595	41	43
1185	596	41	43
1184	597	41	43
1183	598	41	43
1182	599	41	43
1181	601	41	43
1180	602	41	43
1179	603	41	43
1178	604	41	43
1183	638	41	43
1182	639	41	43
1181	642	41	43
1180	645	41	43
1180	648	41	43
1179	651	41	43
1178	654	41	43
1178	657	41	43
1177	660	41	43
1176	662	41	43
1176	665	41	43
1183	656	39	41
1182	658	39	41
1182	661	38	40
1181	663	38	40
1181	665	38	40
1181	668	38	40
1181	670	38	40
1180	672	38	40
1180	674	38	40
1180	677	38	40
1180	679	38	40
1197	691	41	43
1196	693	40	42
1197	696	40	42
1198	698	41	43
1198	701	41	43
1199	704	41	43
1200	707	41	43
1200	709	41	43
1201	712	41	43
1202	715	41	43
1203	718	41	43
1186	704	39	41
1186	706	39	41
1186	708	38	40
1186	710	38	40
1185	712	38	40
1185	714	38	40
1185	715	38	40
1185	717	38	40
1184	719	38	40
1184	721	38	40
1184	723	38	40
1200	673	39	41
1199	674	38	40
1200	673	38	40
