1.887000
0.031179
0.031456
0.031487
0.031502
0.031517
0.031532
0.031547
0.031562
0.031577
0.031591
0.031605
0.025235
0.025477
0.025493
0.025516
0.025531
0.025547
0.025560
0.025574
0.025588
0.025601
0.025615
0.030594
0.030858
0.030878
0.030895
0.030928
0.030947
0.030966
0.030982
0.031000
0.031019
0.031038
0.025835
0.026074
0.026093
0.026106
0.026121
0.026135
0.026149
0.026162
0.026175
0.026188
0.026202
0.023501
0.023728
0.023746
0.023760
0.023774
0.023787
0.023800
0.023813
0.023827
0.023840
0.023854
0.023927
0.024150
0.024167
0.024182
0.024196
0.024209
0.024224
0.024237
0.024251
0.024263
0.024276
0.029820
0.030087
0.030108
0.030127
0.030145
0.030163
0.030183
0.030201
0.030219
0.030237
0.030255
0.027903
0.028134
0.028152
0.028167
0.028181
0.028194
0.028208
0.028221
0.028234
0.028247
0.028260
0.023166
0.023395
0.023412
0.023426
0.023439
0.023453
0.023465
0.023479
0.023492
0.023505
0.023517
0.052440
0.052656
0.052683
0.052698
0.052712
0.052739
0.052757
0.052773
0.052792
0.052806
0.052819
0.023589
0.023808
0.023834
0.023848
0.023861
0.023875
0.023888
0.023901
0.023914
0.023927
0.023940
0.023000
0.023228
0.023245
0.023259
0.023273
0.023288
0.023301
0.023314
0.023327
0.023340
0.023354
0.022777
0.023006
0.023023
0.023037
0.023051
0.023064
0.023077
0.023090
0.023104
0.023117
0.023131
0.023502
0.023745
0.023763
0.023778
0.023792
0.023808
0.023821
0.023834
0.023848
0.023861
0.023875
0.023651
0.023880
0.023897
0.023911
0.023925
0.023938
0.023952
0.023966
0.023979
0.023992
0.024005
0.023821
0.024056
0.024085
0.024112
0.024137
0.024162
0.024185
0.024209
0.024235
0.024258
0.024281
0.022708
0.022933
0.022970
0.022997
0.023021
0.023046
0.023070
0.023094
0.023118
0.023141
0.023165
0.022804
0.023022
0.023048
0.023062
0.023076
0.023089
0.023102
0.023115
0.023128
0.023141
0.023154
0.022671
0.022902
0.022920
0.022937
0.022951
0.022964
0.022977
0.022991
0.023004
0.023016
0.023029
0.051120
0.051335
0.051361
0.051375
0.051389
0.051402
0.051415
0.051430
0.051443
0.051456
0.051469
0.023852
0.024085
0.024102
0.024117
0.024130
0.024144
0.024158
0.024171
0.024187
0.024222
0.024245
0.024143
0.024363
0.024390
0.024405
0.024418
0.024431
0.024444
0.024457
0.024471
0.024484
0.024497
0.024210
0.024446
0.024463
0.024477
0.024490
0.024503
0.024516
0.024530
0.024543
0.024556
0.024569
0.024249
0.024473
0.024499
0.024513
0.024527
0.024541
0.024555
0.024569
0.024582
0.024595
0.024608
0.024588
0.024803
0.024828
0.024843
0.024857
0.024873
0.024886
0.024899
0.024912
0.024925
0.024937
0.024732
0.024958
0.024976
0.024991
0.025005
0.025018
0.025032
0.025045
0.025058
0.025071
0.025084
0.024481
0.024711
0.024729
0.024743
0.024756
0.024770
0.024783
0.024796
0.024809
0.024822
0.024835
0.024870
0.025104
0.025122
0.025137
0.025150
0.025164
0.025177
0.025189
0.025203
0.025215
0.025229
0.024093
0.024314
0.024341
0.024355
0.024369
0.024382
0.024395
0.024408
0.024421
0.024434
0.024447
0.051370
0.051596
0.051614
0.051628
0.051642
0.051655
0.051668
0.051681
0.051694
0.051707
0.051720
0.024203
0.024423
0.024450
0.024464
0.024477
0.024491
0.024504
0.024517
0.024530
0.024543
0.024557
0.023440
0.023667
0.023684
0.023698
0.023711
0.023725
0.023738
0.023751
0.023764
0.023777
0.023791
0.023266
0.023494
0.023514
0.023529
0.023543
0.023556
0.023569
0.023582
0.023596
0.023609
0.023622
0.023950
0.024165
0.024191
0.024206
0.024220
0.024233
0.024246
0.024259
0.024273
0.024286
0.024299
0.023494
0.023726
0.023744
0.023758
0.023772
0.023785
0.023798
0.023812
0.023825
0.023839
0.023852
0.023422
0.023648
0.023666
0.023679
0.023693
0.023706
0.023720
0.023733
0.023746
0.023759
0.023772
0.023587
0.023813
0.023830
0.023844
0.023858
0.023871
0.023884
0.023898
0.023911
0.023927
0.023940
0.024298
0.024516
0.024542
0.024557
0.024570
0.024584
0.024597
0.024610
0.024623
0.024636
0.024649
0.023798
0.024026
0.024043
0.024057
0.024071
0.024085
0.024098
0.024112
0.024125
0.024138
0.024151
0.051378
0.051605
0.051621
0.051635
0.051649
0.051662
0.051675
0.051688
0.051701
0.051714
0.051727
0.024094
0.024315
0.024341
0.024356
0.024370
0.024384
0.024397
0.024410
0.024424
0.024437
0.024450
0.023468
0.023692
0.023720
0.023734
0.023747
0.023761
0.023773
0.023787
0.023799
0.023812
0.023825
0.023253
0.023481
0.023499
0.023514
0.023527
0.023541
0.023554
0.023567
0.023580
0.023593
0.023605
0.023419
0.023651
0.023669
0.023683
0.023696
0.023709
0.023722
0.023735
0.023749
0.023762
0.023775
0.023503
0.023742
0.023775
0.023801
0.023826
0.023851
0.023875
0.023900
0.023922
0.023945
0.023969
0.023561
0.023793
0.023820
0.023846
0.023871
0.023895
0.023920
0.023944
0.023968
0.023991
0.024015
0.023683
0.023906
0.023943
0.023969
0.023993
0.024018
0.024042
0.024066
0.024090
0.024114
0.024138
0.023602
0.023834
0.023861
0.023888
0.023911
0.023936
0.023960
0.023984
0.024008
0.024034
0.024058
0.023725
0.023944
0.023972
0.024006
0.024031
0.024055
0.024079
0.024103
0.024127
0.024151
0.024175
0.052084
0.052313
0.052354
0.052377
0.052403
0.052427
0.052451
0.052476
0.052499
0.052523
0.052548
0.025528
0.025757
0.025775
0.025789
0.025825
0.025850
0.025865
0.025879
0.025892
0.025906
0.025919
0.025435
0.025661
0.025678
0.025693
0.025707
0.025720
0.025733
0.025746
0.025760
0.025773
0.025786
0.025845
0.026074
0.026092
0.026106
0.026120
0.026134
0.026147
0.026161
0.026174
0.026187
0.026201
0.025283
0.025510
0.025527
0.025541
0.025555
0.025568
0.025582
0.025595
0.025608
0.025622
0.025640
0.024914
0.025139
0.025156
0.025170
0.025187
0.025200
0.025214
0.025227
0.025240
0.025253
0.025266
0.027745
0.027976
0.027994
0.028008
0.028022
0.028035
0.028049
0.028062
0.028075
0.028089
0.028102
0.024694
0.024923
0.024941
0.024956
0.024970
0.024983
0.024996
0.025009
0.025023
0.025036
0.025049
0.024570
0.024806
0.024823
0.024838
0.024852
0.024865
0.024879
0.024892
0.024905
0.024918
0.024931
0.025096
0.025314
0.025331
0.025355
0.025368
0.025382
0.025395
0.025408
0.025421
0.025434
0.025447
0.056636
0.056864
0.056882
0.056897
0.056910
0.056924
0.056938
0.056951
0.056964
0.056977
0.056990
0.024709
0.024928
0.024955
0.024970
0.024984
0.024997
0.025011
0.025024
0.025037
0.025050
0.025063
0.024585
0.024801
0.024827
0.024842
0.024856
0.024869
0.024883
0.024896
0.024914
0.024927
0.024940
0.024956
0.025183
0.025201
0.025214
0.025228
0.025241
0.025254
0.025267
0.025280
0.025293
0.025306
0.025620
0.025849
0.025867
0.025882
0.025895
0.025908
0.025922
0.025935
0.025948
0.025961
0.025974
0.025388
0.025615
0.025633
0.025647
0.025661
0.025674
0.025687
0.025700
0.025713
0.025726
0.025739
0.024674
0.024913
0.024946
0.024971
0.024997
0.025023
0.025048
0.025073
0.025097
0.025121
0.025145
0.025205
0.025440
0.025473
0.025500
0.025526
0.025551
0.025575
0.025599
0.025623
0.025647
0.025672
0.024788
0.025014
0.025033
0.025059
0.025075
0.025092
0.025108
0.025124
0.025139
0.025155
0.025171
0.024650
0.024941
0.024970
0.025004
0.025035
0.025063
0.025093
0.025119
0.025144
0.025180
0.025211
0.054012
0.054225
0.054252
0.054266
0.054282
0.054301
0.054317
0.054333
0.054348
0.054364
0.054379
0.024605
0.024830
0.024860
0.024877
0.024895
0.024911
0.024927
0.024942
0.024958
0.024973
0.024988
0.024686
0.024917
0.024937
0.024954
0.024970
0.024985
0.025000
0.025015
0.025030
0.025046
0.025060
0.024170
0.024400
0.024421
0.024438
0.024456
0.024472
0.024488
0.024503
0.024519
0.024534
0.024550
0.025326
0.025549
0.025579
0.025597
0.025614
0.025631
0.025647
0.025663
0.025678
0.025694
0.025710
0.025495
0.025727
0.025748
0.025764
0.025780
0.025796
0.025812
0.025827
0.025843
0.025859
0.025876
0.025017
0.025246
0.025266
0.025284
0.025300
0.025316
0.025331
0.025347
0.025362
0.025378
0.025393
0.024321
0.024552
0.024573
0.024590
0.024607
0.024622
0.024638
0.024654
0.024670
0.024687
0.024701
0.024329
0.024553
0.024571
0.024585
0.024598
0.024612
0.024625
0.024638
0.024652
0.024665
0.024678
0.023887
0.024103
0.024128
0.024142
0.024156
0.024169
0.024182
0.024195
0.024208
0.024221
0.024235
0.053187
0.053413
0.053430
0.053445
0.053458
0.053475
0.053488
0.053501
0.053514
0.053527
0.053540
0.024749
0.024976
0.024995
0.025009
0.025023
0.025036
0.025050
0.025064
0.025077
0.025090
0.025103
0.024467
0.024693
0.024711
0.024725
0.024738
0.024752
0.024764
0.024777
0.024791
0.024804
0.024817
0.025074
0.025301
0.025319
0.025333
0.025347
0.025360
0.025374
0.025387
0.025400
0.025413
0.025431
0.024952
0.025177
0.025194
0.025208
0.025222
0.025235
0.025248
0.025261
0.025274
0.025287
0.025300
0.025572
0.025796
0.025813
0.025827
0.025841
0.025855
0.025868
0.025881
0.025894
0.025907
0.025920
0.025196
0.025423
0.025440
0.025455
0.025468
0.025482
0.025496
0.025509
0.025522
0.025535
0.025548
0.024666
0.024897
0.024914
0.024928
0.024942
0.024956
0.024969
0.024982
0.024997
0.025016
0.025032
0.024685
0.024913
0.024930
0.024944
0.024957
0.024971
0.024984
0.024997
0.025011
0.025024
0.025040
0.024777
0.025013
0.025033
0.025050
0.025067
0.025082
0.025098
0.025114
0.025130
0.025145
0.025161
0.053426
0.053654
0.053674
0.053691
0.053707
0.053723
0.053738
0.053754
0.053769
0.053784
0.053799
0.024675
0.024910
0.024931
0.024948
0.024966
0.024981
0.024997
0.025012
0.025028
0.025044
0.025060
0.024645
0.024879
0.024900
0.024917
0.024934
0.024950
0.024966
0.024983
0.024999
0.025015
0.025030
0.025095
0.025330
0.025349
0.025366
0.025382
0.025397
0.025412
0.025428
0.025443
0.025458
0.025472
0.026402
0.026623
0.026651
0.026668
0.026684
0.026700
0.026715
0.026730
0.026746
0.026761
0.026776
0.024287
0.024513
0.024542
0.024559
0.024575
0.024591
0.024607
0.024623
0.024638
0.024654
0.024670
0.024721
0.024940
0.024971
0.024988
0.025005
0.025022
0.025038
0.025053
0.025069
0.025084
0.025100
0.025183
0.025417
0.025439
0.025456
0.025473
0.025489
0.025505
0.025521
0.025536
0.025552
0.025567
0.028724
0.028957
0.028974
0.028988
0.029002
0.029015
0.029029
0.029042
0.029055
0.029068
0.029081
0.024574
0.024805
0.024823
0.024837
0.024850
0.024863
0.024877
0.024890
0.024903
0.024916
0.024929
0.054361
0.054587
0.054603
0.054618
0.054631
0.054645
0.054658
0.054671
0.054685
0.054698
0.054711
0.026155
0.026384
0.026402
0.026417
0.026430
0.026444
0.026458
0.026471
0.026484
0.026496
0.026510
0.024208
0.024438
0.024455
0.024469
0.024482
0.024495
0.024508
0.024522
0.024535
0.024550
0.024564
0.024604
0.024825
0.024851
0.024866
0.024879
0.024892
0.024906
0.024920
0.024933
0.024945
0.024959
0.024579
0.024807
0.024825
0.024839
0.024853
0.024866
0.024880
0.024893
0.024906
0.024920
0.024933
0.024901
0.025120
0.025136
0.025160
0.025174
0.025187
0.025200
0.025213
0.025226
0.025239
0.025253
0.025104
0.025321
0.025337
0.025361
0.025374
0.025388
0.025402
0.025415
0.025435
0.025449
0.025462
0.025630
0.025846
0.025872
0.025886
0.025900
0.025914
0.025927
0.025940
0.025954
0.025967
0.025980
0.025623
0.025837
0.025865
0.025879
0.025892
0.025906
0.025919
0.025933
0.025946
0.025959
0.025972
0.024545
0.024771
0.024788
0.024803
0.024817
0.024830
0.024843
0.024856
0.024869
0.024883
0.024895
0.054020
0.054251
0.054268
0.054282
0.054296
0.054310
0.054322
0.054336
0.054348
0.054362
0.054374
0.025263
0.025491
0.025509
0.025523
0.025537
0.025550
0.025564
0.025577
0.025590
0.025603
0.025616
0.025280
0.025493
0.025519
0.025535
0.025548
0.025562
0.025576
0.025589
0.025603
0.025616
0.025629
0.025522
0.025737
0.025763
0.025777
0.025790
0.025804
0.025817
0.025830
0.025843
0.025856
0.025869
0.025544
0.025767
0.025784
0.025798
0.025812
0.025825
0.025838
0.025851
0.025864
0.025877
0.025890
0.024985
0.025213
0.025230
0.025244
0.025258
0.025271
0.025284
0.025297
0.025310
0.025323
0.025336
0.024822
0.025046
0.025067
0.025081
0.025094
0.025108
0.025121
0.025134
0.025147
0.025159
0.025172
0.024608
0.024835
0.024852
0.024866
0.024880
0.024893
0.024906
0.024919
0.024932
0.024945
0.024958
0.024418
0.024650
0.024667
0.024681
0.024694
0.024707
0.024721
0.024734
0.024747
0.024760
0.024773
0.024507
0.024729
0.024771
0.024797
0.024822
0.024847
0.024871
0.024895
0.024919
0.024943
0.024968
0.054247
0.054474
0.054515
0.054541
0.054566
0.054590
0.054614
0.054638
0.054662
0.054686
0.054709
0.025023
0.025255
0.025273
0.025288
0.025302
0.025316
0.025329
0.025343
0.025356
0.025370
0.025383
0.024558
0.024790
0.024810
0.024827
0.024843
0.024859
0.024874
0.024890
0.024906
0.024921
0.024937
0.025412
0.025648
0.025669
0.025687
0.025703
0.025719
0.025735
0.025751
0.025767
0.025782
0.025798
0.025606
0.025839
0.025860
0.025877
0.025893
0.025909
0.025924
0.025941
0.025967
0.025991
0.026008
0.025604
0.025833
0.025860
0.025874
0.025889
0.025903
0.025916
0.025929
0.025943
0.025956
0.025969
0.024805
0.025033
0.025051
0.025066
0.025079
0.025092
0.025105
0.025119
0.025131
0.025145
0.025157
0.024473
0.024686
0.024712
0.024726
0.024740
0.024753
0.024767
0.024780
0.024794
0.024807
0.024820
0.024435
0.024661
0.024678
0.024693
0.024706
0.024719
0.024732
0.024745
0.024758
0.024771
0.024784
0.024747
0.024975
0.024993
0.025007
0.025021
0.025034
0.025048
0.025061
0.025075
0.025088
0.025101
0.054130
0.054356
0.054374
0.054388
0.054401
0.054414
0.054427
0.054440
0.054453
0.054466
0.054478
0.024569
0.024785
0.024817
0.024831
0.024845
0.024859
0.024872
0.024885
0.024898
0.024912
0.024925
0.024657
0.024886
0.024904
0.024918
0.024931
0.024945
0.024958
0.024971
0.024984
0.024997
0.025010
0.025289
0.025504
0.025530
0.025544
0.025558
0.025571
0.025585
0.025599
0.025612
0.025625
0.025638
0.026668
0.026978
0.027018
0.027047
0.027075
0.027103
0.027130
0.027157
0.027183
0.027210
0.027237
0.025072
0.025290
0.025316
0.025330
0.025344
0.025357
0.025370
0.025383
0.025396
0.025409
0.025422
0.024407
0.024635
0.024653
0.024667
0.024681
0.024694
0.024707
0.024720
0.024734
0.024747
0.024760
0.024362
0.024588
0.024606
0.024620
0.024634
0.024648
0.024662
0.024675
0.024688
0.024702
0.024715
0.024462
0.024673
0.024700
0.024714
0.024728
0.024741
0.024754
0.024767
0.024781
0.024793
0.024806
0.024638
0.024854
0.024881
0.024895
0.024909
0.024922
0.024935
0.024948
0.024961
0.024975
0.024987
0.053730
0.053947
0.053973
0.053988
0.054001
0.054014
0.054028
0.054041
0.054054
0.054067
0.054081
0.024792
0.025022
0.025039
0.025054
0.025067
0.025081
0.025096
0.025114
0.025130
0.025146
0.025162
0.024680
0.024907
0.024925
0.024939
0.024953
0.024966
0.024980
0.024992
0.025006
0.025019
0.025032
0.025157
0.025380
0.025398
0.025412
0.025425
0.025439
0.025453
0.025466
0.025479
0.025491
0.025505
0.025614
0.025840
0.025857
0.025872
0.025885
0.025898
0.025911
0.025925
0.025938
0.025951
0.025965
0.025413
0.025641
0.025659
0.025673
0.025687
0.025700
0.025713
0.025727
0.025740
0.025753
0.025766
0.024812
0.025033
0.025059
0.025074
0.025087
0.025101
0.025114
0.025128
0.025141
0.025154
0.025167
0.024769
0.024989
0.025006
0.025019
0.025043
0.025056
0.025069
0.025082
0.025095
0.025108
0.025121
0.024538
0.024771
0.024788
0.024802
0.024816
0.024829
0.024842
0.024855
0.024868
0.024882
0.024894
0.024550
0.024765
0.024791
0.024806
0.024820
0.024833
0.024847
0.024860
0.024873
0.024886
0.024899
0.054853
0.055082
0.055099
0.055113
0.055127
0.055141
0.055154
0.055168
0.055181
0.055194
0.055207
0.024741
0.024962
0.024989
0.025004
0.025017
0.025034
0.025051
0.025067
0.025083
0.025099
0.025114
0.024533
0.024769
0.024806
0.024830
0.024846
0.024859
0.024873
0.024887
0.024900
0.024913
0.024926
0.025024
0.025250
0.025267
0.025281
0.025295
0.025308
0.025321
0.025334
0.025347
0.025360
0.025373
0.025560
0.025786
0.025804
0.025818
0.025833
0.025847
0.025860
0.025874
0.025889
0.025903
0.025916
0.025589
0.025815
0.025832
0.025847
0.025861
0.025874
0.025887
0.025901
0.025914
0.025928
0.025941
0.024688
0.024916
0.024933
0.024947
0.024961
0.024975
0.024988
0.025002
0.025015
0.025028
0.025041
0.024185
0.024401
0.024428
0.024442
0.024456
0.024483
0.024514
0.024543
0.024570
0.024592
0.024606
0.024326
0.024551
0.024568
0.024582
0.024595
0.024608
0.024622
0.024635
0.024647
0.024660
0.024673
0.024418
0.024645
0.024663
0.024678
0.024692
0.024705
0.024718
0.024731
0.024745
0.024758
0.024771
0.055846
0.056071
0.056088
0.056103
0.056116
0.056130
0.056143
0.056156
0.056170
0.056184
0.056196
0.024655
0.024873
0.024899
0.024913
0.024927
0.024940
0.024953
0.024966
0.024979
0.024993
0.025006
0.024620
0.024849
0.024866
0.024880
0.024894
0.024907
0.024920
0.024933
0.024946
0.024959
0.024972
0.027014
0.027243
0.027261
0.027275
0.027289
0.027302
0.027315
0.027328
0.027341
0.027354
0.027367
0.025241
0.025470
0.025487
0.025502
0.025516
0.025529
0.025542
0.025556
0.025568
0.025582
0.025595
0.024414
0.024642
0.024659
0.024673
0.024687
0.024700
0.024713
0.024726
0.024740
0.024753
0.024766
0.024132
0.024381
0.024411
0.024436
0.024460
0.024484
0.024508
0.024532
0.024555
0.024579
0.024602
