1.841388
0.043668
0.043947
0.043965
0.043980
0.043995
0.044009
0.044023
0.044037
0.044052
0.044066
0.044080
0.030106
0.030359
0.030376
0.030390
0.030404
0.030418
0.030432
0.030446
0.030460
0.030473
0.030487
0.025399
0.025670
0.025687
0.025711
0.025726
0.025739
0.025753
0.025766
0.025780
0.025793
0.025807
0.024840
0.025069
0.025096
0.025111
0.025125
0.025138
0.025152
0.025165
0.025178
0.025192
0.025205
0.024327
0.024549
0.024567
0.024581
0.024595
0.024608
0.024622
0.024635
0.024649
0.024662
0.024675
0.025049
0.025277
0.025294
0.025310
0.025323
0.025337
0.025351
0.025364
0.025377
0.025390
0.025403
0.027102
0.027359
0.027380
0.027398
0.027415
0.027432
0.027453
0.027470
0.027487
0.027505
0.027523
0.026182
0.026424
0.026442
0.026456
0.026470
0.026484
0.026504
0.026522
0.026539
0.026556
0.026573
0.028043
0.028289
0.028318
0.028336
0.028353
0.028371
0.028388
0.028406
0.028424
0.028441
0.028458
0.051301
0.051528
0.051545
0.051559
0.051573
0.051586
0.051599
0.051615
0.051628
0.051641
0.051654
0.028425
0.028645
0.028671
0.028685
0.028699
0.028713
0.028726
0.028740
0.028753
0.028766
0.028779
0.025352
0.025607
0.025636
0.025654
0.025672
0.025692
0.025709
0.025726
0.025743
0.025760
0.026041
0.024293
0.024519
0.024536
0.024551
0.024565
0.024578
0.024590
0.024603
0.024616
0.024629
0.024642
0.025321
0.025548
0.025565
0.025579
0.025592
0.025608
0.025621
0.025634
0.025647
0.025660
0.025673
0.027261
0.027514
0.027551
0.027577
0.027602
0.027627
0.027650
0.027674
0.027698
0.027721
0.027744
0.040128
0.040379
0.040408
0.040426
0.040443
0.040460
0.040477
0.040494
0.040513
0.040531
0.040548
0.028212
0.028463
0.028493
0.028511
0.028529
0.028546
0.028563
0.028581
0.028598
0.028615
0.028633
0.027335
0.027565
0.027582
0.027596
0.027609
0.027622
0.027636
0.027649
0.027662
0.027675
0.027688
0.028411
0.028659
0.028688
0.028709
0.028726
0.028744
0.028761
0.028778
0.028795
0.028812
0.028829
0.054168
0.054394
0.054410
0.054425
0.054439
0.054453
0.054466
0.054480
0.054493
0.054506
0.054519
0.030193
0.030408
0.030435
0.030457
0.030471
0.030484
0.030498
0.030510
0.030523
0.030536
0.030549
0.029381
0.029621
0.029654
0.029672
0.029690
0.029706
0.029724
0.029741
0.029775
0.029801
0.029817
0.028367
0.028614
0.028643
0.028661
0.028679
0.028696
0.028713
0.028731
0.028748
0.028766
0.028783
0.029611
0.029852
0.029881
0.029899
0.029917
0.029934
0.029951
0.029969
0.029986
0.030003
0.030020
0.031108
0.031335
0.031363
0.031378
0.031391
0.031408
0.031421
0.031434
0.031448
0.031461
0.031475
0.028715
0.028941
0.028958
0.028972
0.028986
0.029000
0.029013
0.029026
0.029040
0.029053
0.029066
0.026728
0.026948
0.026966
0.026980
0.026993
0.027007
0.027020
0.027033
0.027046
0.027059
0.027072
0.027441
0.027666
0.027683
0.027698
0.027711
0.027724
0.027737
0.027751
0.027764
0.027776
0.027789
0.027054
0.027286
0.027303
0.027317
0.027331
0.027344
0.027358
0.027371
0.027384
0.027397
0.027410
0.052117
0.052341
0.052357
0.052372
0.052385
0.052399
0.052412
0.052425
0.052438
0.052451
0.052464
0.027346
0.027581
0.027599
0.027613
0.027627
0.027641
0.027654
0.027668
0.027681
0.027694
0.027709
0.026312
0.026545
0.026563
0.026578
0.026591
0.026605
0.026618
0.026857
0.026876
0.026890
0.026954
0.026620
0.026869
0.026892
0.026906
0.026920
0.026933
0.026946
0.026959
0.026979
0.026996
0.027009
0.026380
0.026599
0.026624
0.026638
0.026652
0.026665
0.026678
0.026691
0.026705
0.027020
0.027037
0.026410
0.026640
0.026656
0.026670
0.026684
0.026697
0.026710
0.026724
0.026737
0.026751
0.026764
0.026426
0.026654
0.026671
0.026685
0.026699
0.026712
0.026725
0.026738
0.026752
0.026765
0.026778
0.026456
0.026680
0.026696
0.026710
0.026724
0.026737
0.026751
0.026765
0.026778
0.026795
0.026808
0.026941
0.027168
0.027185
0.027199
0.027212
0.027225
0.027239
0.027252
0.027265
0.027278
0.027291
0.027457
0.027682
0.027699
0.027713
0.027726
0.027740
0.027754
0.027767
0.027780
0.027793
0.027807
0.052698
0.052925
0.052952
0.052966
0.052979
0.052992
0.053005
0.053018
0.053031
0.053043
0.053056
0.028989
0.029222
0.029239
0.029254
0.029268
0.029282
0.029295
0.029309
0.029322
0.029335
0.029348
0.027708
0.027939
0.027957
0.027971
0.027985
0.027997
0.028011
0.028024
0.028037
0.028050
0.028063
0.027046
0.027485
0.027502
0.027517
0.027531
0.027544
0.027558
0.027571
0.027584
0.027597
0.027610
0.027178
0.027449
0.027467
0.027484
0.027509
0.027539
0.027568
0.027585
0.027599
0.027613
0.027626
0.028073
0.028288
0.028315
0.028330
0.028343
0.028357
0.028370
0.028384
0.028397
0.028410
0.028423
0.029146
0.029359
0.029385
0.029398
0.029412
0.029425
0.029438
0.029451
0.029464
0.029477
0.029490
0.027435
0.027698
0.027721
0.027745
0.027760
0.027773
0.027786
0.027799
0.027813
0.027826
0.027839
0.027102
0.027333
0.027351
0.027365
0.027379
0.027392
0.027405
0.027418
0.027431
0.027447
0.027460
0.027602
0.027827
0.027844
0.027859
0.027873
0.027886
0.027900
0.027913
0.027926
0.027939
0.027952
0.053499
0.053712
0.053738
0.053752
0.053765
0.053779
0.053792
0.053805
0.053818
0.053830
0.053843
0.027302
0.027526
0.027543
0.027558
0.027571
0.027585
0.027599
0.027612
0.027625
0.027638
0.027651
0.027455
0.027678
0.027694
0.027708
0.027721
0.027734
0.027747
0.027760
0.027773
0.027786
0.027800
0.027327
0.027548
0.027565
0.027579
0.027593
0.027607
0.027620
0.027633
0.027646
0.027659
0.027672
0.027941
0.028163
0.028180
0.028193
0.028207
0.028220
0.028234
0.028246
0.028260
0.028273
0.028287
0.027532
0.027753
0.027770
0.027784
0.027802
0.027815
0.027829
0.027842
0.027855
0.027868
0.027881
0.027918
0.028144
0.028161
0.028176
0.028189
0.028202
0.028216
0.028229
0.028243
0.028256
0.028269
0.027045
0.027267
0.027285
0.027299
0.027312
0.027326
0.027339
0.027351
0.027364
0.027377
0.027390
0.027017
0.027232
0.027258
0.027272
0.027286
0.027299
0.027313
0.027327
0.027340
0.027353
0.027366
0.026759
0.026983
0.027000
0.027014
0.027028
0.027041
0.027055
0.027068
0.027081
0.027094
0.027107
0.052055
0.052278
0.052294
0.052308
0.052321
0.052335
0.052349
0.052362
0.052375
0.052388
0.052401
0.026686
0.026902
0.026928
0.026942
0.026956
0.026969
0.026982
0.026995
0.027008
0.027021
0.027034
0.026734
0.026973
0.026990
0.027004
0.027018
0.027031
0.027045
0.027058
0.027074
0.027087
0.027100
0.026367
0.026594
0.026611
0.026625
0.026639
0.026653
0.026666
0.026680
0.026693
0.026706
0.026719
0.026287
0.026523
0.026540
0.026554
0.026568
0.026581
0.026595
0.026608
0.026621
0.026634
0.026647
0.026075
0.026303
0.026320
0.026334
0.026348
0.026361
0.026374
0.026387
0.026401
0.026413
0.026427
0.035024
0.035281
0.035304
0.035322
0.035341
0.035359
0.035377
0.035395
0.035412
0.035430
0.035447
0.035095
0.035346
0.035367
0.035395
0.035413
0.035431
0.035448
0.035466
0.035483
0.035501
0.035518
0.045332
0.045565
0.045590
0.045616
0.045639
0.045664
0.045688
0.045712
0.045732
0.045750
0.045769
0.033428
0.033700
0.033721
0.033738
0.033757
0.033775
0.033793
0.033810
0.033828
0.033846
0.033863
0.055820
0.056054
0.056072
0.056085
0.056099
0.056112
0.056126
0.056139
0.056152
0.056165
0.056178
0.025945
0.026180
0.026196
0.026210
0.026224
0.026237
0.026251
0.026264
0.026277
0.026290
0.026303
0.026177
0.026411
0.026428
0.026443
0.026456
0.026470
0.026483
0.026496
0.026509
0.026522
0.026535
0.026550
0.026793
0.026824
0.026851
0.026878
0.026902
0.026926
0.026951
0.026975
0.026999
0.027024
0.027085
0.027331
0.027365
0.027394
0.027418
0.027442
0.027466
0.027490
0.027514
0.027538
0.027561
0.027316
0.027555
0.027583
0.027608
0.027633
0.027657
0.027680
0.027705
0.027729
0.027753
0.027778
0.027336
0.027575
0.027618
0.027643
0.027669
0.027693
0.027718
0.027742
0.027766
0.027789
0.027813
0.026937
0.027191
0.027223
0.027248
0.027274
0.027298
0.027323
0.027347
0.027372
0.027396
0.027420
0.026801
0.027045
0.027076
0.027111
0.027136
0.027161
0.027185
0.027209
0.027233
0.027256
0.027280
0.026917
0.027140
0.027177
0.027200
0.027225
0.027249
0.027274
0.027299
0.027324
0.027348
0.027372
0.053094
0.053313
0.053347
0.053372
0.053397
0.053423
0.053447
0.053471
0.053495
0.053518
0.053542
0.027755
0.027986
0.028010
0.028033
0.028057
0.028083
0.028108
0.028132
0.028156
0.028181
0.028205
0.027735
0.027968
0.027992
0.028016
0.028040
0.028065
0.028090
0.028114
0.028138
0.028161
0.028185
0.027635
0.027852
0.027878
0.027892
0.027906
0.027920
0.027934
0.027947
0.027960
0.027974
0.027987
0.027222
0.027452
0.027469
0.027483
0.027497
0.027510
0.027524
0.027537
0.027550
0.027563
0.027576
0.026862
0.027087
0.027105
0.027125
0.027139
0.027153
0.027166
0.027179
0.027193
0.027205
0.027219
0.026770
0.026999
0.027016
0.027030
0.027044
0.027057
0.027071
0.027084
0.027098
0.027111
0.027124
0.027106
0.027334
0.027352
0.027367
0.027380
0.027394
0.027407
0.027421
0.027433
0.027447
0.027460
0.026872
0.027094
0.027120
0.027135
0.027148
0.027162
0.027175
0.027188
0.027201
0.027214
0.027227
0.026923
0.027151
0.027168
0.027182
0.027196
0.027210
0.027222
0.027235
0.027249
0.027261
0.027274
0.052675
0.052904
0.052922
0.052936
0.052950
0.052969
0.052982
0.052995
0.053008
0.053022
0.053035
0.027157
0.027385
0.027402
0.027416
0.027430
0.027444
0.027457
0.027470
0.027483
0.027496
0.027509
0.029486
0.029727
0.029745
0.029760
0.029774
0.029787
0.029800
0.029814
0.029827
0.029840
0.029853
0.027291
0.027519
0.027537
0.027551
0.027565
0.027579
0.027592
0.027605
0.027618
0.027631
0.027644
0.027256
0.027483
0.027500
0.027515
0.027528
0.027541
0.027554
0.027567
0.027581
0.027594
0.027607
0.031436
0.031681
0.031711
0.031729
0.031747
0.031764
0.031781
0.031799
0.031816
0.031834
0.031851
0.028213
0.028440
0.028457
0.028471
0.028485
0.028498
0.028512
0.028524
0.028538
0.028551
0.028565
0.028767
0.028996
0.029013
0.029027
0.029041
0.029055
0.029068
0.029081
0.029094
0.029108
0.029121
0.028027
0.028240
0.028265
0.028280
0.028293
0.028306
0.028319
0.028332
0.028346
0.028359
0.028372
0.026679
0.026905
0.026922
0.026936
0.026950
0.026964
0.026977
0.026990
0.027004
0.027017
0.027030
0.053549
0.053791
0.053825
0.053850
0.053876
0.053901
0.053925
0.053951
0.053974
0.053998
0.054023
0.028032
0.028258
0.028296
0.028321
0.028346
0.028371
0.028396
0.028420
0.028445
0.028468
0.028493
0.028238
0.028467
0.028508
0.028538
0.028563
0.028588
0.028613
0.028637
0.028661
0.028688
0.028712
0.028147
0.028394
0.028426
0.028452
0.028478
0.028502
0.028527
0.028551
0.028575
0.028599
0.028623
0.027993
0.028277
0.028306
0.028327
0.028360
0.028383
0.028405
0.028426
0.028447
0.028468
0.028488
0.027539
0.027755
0.027782
0.027797
0.027811
0.027825
0.027838
0.027851
0.027864
0.027877
0.027891
0.027507
0.027781
0.027803
0.027834
0.027854
0.027873
0.027893
0.027912
0.027931
0.027949
0.027968
0.027587
0.027857
0.027891
0.027911
0.027932
0.027952
0.027970
0.027990
0.028010
0.028029
0.028049
0.028221
0.028459
0.028477
0.028491
0.028508
0.028526
0.028543
0.028558
0.028574
0.028589
0.028605
0.027836
0.028073
0.028092
0.028110
0.028127
0.028143
0.028160
0.028175
0.028191
0.028206
0.028222
0.054890
0.055152
0.055173
0.055191
0.055208
0.055223
0.055239
0.055255
0.055270
0.055298
0.055325
0.028621
0.028854
0.028872
0.028886
0.028906
0.028919
0.028933
0.028946
0.028959
0.028972
0.028985
0.027833
0.028065
0.028083
0.028098
0.028112
0.028125
0.028139
0.028152
0.028165
0.028178
0.028191
0.026988
0.027214
0.027231
0.027246
0.027259
0.027273
0.027286
0.027299
0.027312
0.027325
0.027338
0.027961
0.028243
0.028274
0.028302
0.028326
0.028352
0.028375
0.028400
0.028424
0.028448
0.028472
0.028121
0.028357
0.028385
0.028411
0.028436
0.028462
0.028486
0.028510
0.028534
0.028558
0.028583
0.027412
0.027655
0.027686
0.027713
0.027738
0.027763
0.027787
0.027811
0.027835
0.027859
0.027883
0.026509
0.026727
0.026759
0.026783
0.026806
0.026831
0.026855
0.026879
0.026904
0.026929
0.026952
0.027631
0.027872
0.027902
0.027929
0.027954
0.027979
0.028003
0.028028
0.028052
0.028076
0.028100
0.028139
0.028364
0.028403
0.028430
0.028455
0.028480
0.028504
0.028528
0.028553
0.028577
0.028601
0.053568
0.053807
0.053840
0.053867
0.053892
0.053918
0.053942
0.053966
0.053990
0.054014
0.054038
0.028051
0.028282
0.028312
0.028346
0.028372
0.028396
0.028421
0.028446
0.028470
0.028494
0.028518
0.027685
0.027954
0.027989
0.028015
0.028041
0.028065
0.028090
0.028114
0.028138
0.028162
0.028186
0.027648
0.027888
0.027907
0.027924
0.027941
0.027957
0.027974
0.027989
0.028005
0.028021
0.028037
0.027857
0.028090
0.028111
0.028128
0.028145
0.028162
0.028178
0.028193
0.028209
0.028224
0.028240
0.028239
0.028473
0.028493
0.028510
0.028526
0.028543
0.028560
0.028576
0.028592
0.028607
0.028623
0.027749
0.027974
0.027991
0.028005
0.028019
0.028033
0.028046
0.028059
0.028073
0.028086
0.028099
0.027450
0.027664
0.027680
0.027694
0.027718
0.027731
0.027745
0.027758
0.027772
0.027785
0.027798
0.027535
0.027761
0.027778
0.027792
0.027805
0.027818
0.027831
0.027849
0.027862
0.027875
0.027888
0.027915
0.028139
0.028156
0.028171
0.028185
0.028198
0.028212
0.028225
0.028238
0.028251
0.028264
0.053076
0.053309
0.053326
0.053340
0.053354
0.053367
0.053380
0.053393
0.053406
0.053419
0.053432
0.028504
0.028735
0.028755
0.028770
0.028784
0.028797
0.028811
0.028824
0.028837
0.028850
0.028863
0.027837
0.028085
0.028102
0.028116
0.028130
0.028144
0.028157
0.028170
0.028184
0.028197
0.028210
0.027422
0.027655
0.027672
0.027687
0.027700
0.027714
0.027727
0.027740
0.027753
0.027766
0.027779
0.027092
0.027322
0.027339
0.027354
0.027368
0.027381
0.027394
0.027407
0.027421
0.027434
0.027448
0.038540
0.038797
0.038819
0.038838
0.038856
0.038874
0.038892
0.038909
0.038927
0.038944
0.038962
0.032598
0.032829
0.032847
0.032861
0.032875
0.032888
0.032901
0.032915
0.032928
0.032942
0.032955
0.032737
0.032979
0.033008
0.033026
0.033044
0.033062
0.033079
0.033096
0.033113
0.033131
0.033149
0.033177
0.033434
0.033454
0.033472
0.033489
0.033506
0.033524
0.033541
0.033558
0.033576
0.033593
0.028464
0.028703
0.028723
0.028739
0.028756
0.028772
0.028788
0.028805
0.028821
0.028837
0.028852
0.053681
0.053904
0.053933
0.053951
0.053967
0.053982
0.053998
0.054014
0.054030
0.054046
0.054061
0.028514
0.028747
0.028766
0.028784
0.028800
0.028815
0.028831
0.028846
0.028861
0.028877
0.028892
0.026416
0.026644
0.026664
0.026681
0.026698
0.026714
0.026730
0.026746
0.026761
0.026777
0.026793
0.024999
0.025249
0.025276
0.025309
0.025333
0.025351
0.025365
0.025379
0.025392
0.025404
0.025418
0.026223
0.026453
0.026469
0.026483
0.026497
0.026510
0.026525
0.026538
0.026551
0.026564
0.026577
0.026843
0.027069
0.027086
0.027100
0.027114
0.027127
0.027140
0.027153
0.027166
0.027179
0.027192
0.028381
0.028608
0.028626
0.028640
0.028654
0.028669
0.028682
0.028695
0.028708
0.028722
0.028735
0.028061
0.028294
0.028311
0.028325
0.028339
0.028364
0.028379
0.028393
0.028406
0.028419
0.028432
0.027175
0.027391
0.027418
0.027432
0.027446
0.027459
0.027472
0.027486
0.027498
0.027512
0.027525
0.027349
0.027573
0.027591
0.027605
0.027619
0.027632
0.027645
0.027658
0.027671
0.027684
0.027698
0.052679
0.052907
0.052925
0.052940
0.052953
0.052967
0.052980
0.052993
0.053006
0.053019
0.053032
0.028280
0.028599
0.028630
0.028669
0.028698
0.028725
0.028752
0.028781
0.028809
0.028836
0.028863
0.028210
0.028427
0.028453
0.028467
0.028481
0.028494
0.028507
0.028521
0.028534
0.028546
0.028559
0.027651
0.027879
0.027896
0.027910
0.027924
0.027937
0.027950
0.027963
0.027976
0.027989
0.028002
0.027209
0.027438
0.027456
0.027471
0.027485
0.027498
0.027511
0.027524
0.027538
0.027551
0.027564
0.026898
0.027125
0.027142
0.027157
0.027171
0.027184
0.027198
0.027211
0.027224
0.027237
0.027250
0.027036
0.027264
0.027282
0.027296
0.027310
0.027323
0.027337
0.027350
0.027363
0.027377
0.027390
0.027324
0.027547
0.027564
0.027579
0.027592
0.027606
0.027619
0.027632
0.027645
0.027659
0.027672
0.027159
0.027371
0.027397
0.027411
0.027425
0.027439
0.027452
0.027464
0.027478
0.027490
0.027503
0.027401
0.027613
0.027640
0.027654
0.027668
0.027681
0.027694
0.027707
0.027720
0.027734
0.027748
0.058573
0.058800
0.058819
0.058833
0.058847
0.058861
0.058874
0.058887
0.058901
0.058914
0.058927
0.027236
0.027454
0.027469
0.027493
0.027507
0.027520
0.027534
0.027547
0.027561
0.027575
0.027588
0.027634
0.027861
0.027878
0.027892
0.027905
0.027919
0.027932
0.027945
0.027958
0.027971
0.027984
0.028018
0.028242
0.028259
0.028273
0.028286
0.028299
0.028312
0.028326
0.028339
0.028352
0.028365
0.027430
0.027654
0.027671
0.027686
0.027699
0.027712
0.027725
0.027739
0.027752
0.027765
0.027777
0.027853
0.028079
0.028096
0.028111
0.028124
0.028137
0.028151
0.028164
0.028177
0.028191
0.028203
0.027889
0.028113
0.028130
0.028143
0.028157
0.028170
0.028183
0.028196
0.028209
0.028223
0.028235
0.027486
0.027717
0.027734
0.027748
0.027762
0.027776
0.027789
0.027802
0.027815
0.027828
0.027841
0.027069
0.027297
0.027314
0.027328
0.027342
0.027356
0.027369
0.027382
0.027395
0.027408
0.027421
0.027593
0.027817
0.027834
0.027848
0.027863
0.027876
0.027889
0.027903
0.027916
0.027929
0.027942
0.052153
0.052377
0.052394
0.052408
0.052421
0.052435
0.052448
0.052461
0.052474
0.052486
0.052499
0.027341
0.027570
0.027587
0.027602
0.027616
0.027630
0.027643
0.027657
0.027670
0.027683
0.027696
0.028060
0.028289
0.028306
0.028321
0.028334
0.028347
0.028361
0.028374
0.028387
0.028400
0.028413
0.027842
0.028070
0.028088
0.028102
0.028115
0.028128
0.028141
0.028154
0.028167
0.028179
0.028192
0.028419
0.028654
0.028672
0.028686
0.028699
0.028713
0.028725
0.028738
0.028751
0.028768
0.028785
0.028743
0.028977
0.028998
0.029016
0.029032
0.029049
0.029065
0.029081
0.029097
0.029112
0.029128
0.026423
0.026665
0.026685
0.026700
0.026713
0.026727
0.026740
0.026753
0.026766
0.026779
0.026792
0.027574
0.027801
0.027819
0.027833
0.027848
0.027861
0.027875
0.027888
0.027901
0.027914
0.027928
0.026405
0.026631
0.026648
0.026662
0.026676
0.026689
0.026702
0.026716
0.026729
0.026742
0.026756
0.025032
0.025257
0.025274
0.025288
0.025302
0.025320
0.025340
0.025354
0.025367
0.025380
0.025393
0.049388
0.049611
0.049628
0.049642
0.049659
0.049676
0.049693
0.049708
0.049724
0.049740
0.049756
0.024266
0.024494
0.024514
0.024531
0.024547
0.024564
0.024581
0.024597
0.024613
0.024629
0.024645
0.025237
0.025467
0.025487
0.025503
0.025519
0.025535
0.025550
0.025566
0.025582
0.025599
0.025613
0.024299
0.024527
0.024544
0.024558
0.024572
0.024585
0.024599
0.024612
0.024625
0.024638
0.024651
0.025850
0.026075
0.026093
0.026107
0.026120
0.026134
0.026147
0.026164
0.026181
0.026197
0.026213
0.025660
0.025891
0.025911
0.025928
0.025946
0.025962
0.025979
0.025994
0.026009
0.026025
0.026041
0.027339
0.027565
0.027581
0.027595
0.027607
0.027620
0.027633
0.027645
0.027658
0.027685
0.027700
0.027225
0.027452
0.027470
0.027484
0.027498
0.027511
0.027524
0.027537
0.027550
0.027563
0.027576
0.025872
0.026096
0.026113
0.026128
0.026142
0.026161
0.026174
0.026190
0.026208
0.026224
0.026239
0.026005
0.026241
0.026261
0.026277
0.026293
0.026310
0.026325
0.026341
0.026357
0.026373
0.026389
0.050381
0.050609
0.050627
0.050641
0.050655
0.050669
0.050682
0.050695
0.050708
0.050722
0.050735
0.025680
0.025915
0.025936
0.025954
0.025970
0.025987
0.026004
0.026020
0.026036
0.026052
0.026068
0.025581
0.025817
0.025837
0.025854
0.025870
0.025885
0.025901
0.025916
0.025931
0.025946
0.025961
0.027552
0.027782
0.027802
0.027818
0.027834
0.027850
0.027865
0.027880
0.027895
0.027910
0.027925
0.027739
0.027971
0.027991
0.028007
0.028023
0.028039
0.028054
0.028070
0.028085
0.028100
0.028115
0.027048
0.027277
0.027297
0.027316
0.027332
0.027349
0.027366
0.027382
0.027398
0.027413
0.027429
0.027722
0.027957
0.027977
0.027993
0.028009
0.028025
0.028040
0.028056
0.028070
0.028085
0.028100
0.027395
0.027625
0.027644
0.027663
0.027680
0.027697
0.027713
0.027729
0.027744
0.027759
0.027776
0.027798
0.028030
0.028049
0.028066
0.028082
0.028099
0.028115
0.028131
0.028147
0.028162
0.028179
0.027056
0.027280
0.027297
0.027312
0.027325
0.027339
0.027352
0.027365
0.027378
0.027391
0.027405
0.052056
0.052277
0.052294
0.052308
0.052322
0.052335
0.052348
0.052361
0.052374
0.052387
0.052400
0.025851
0.026083
0.026117
0.026136
0.026150
0.026164
0.026177
0.026191
0.026204
0.026218
0.026232
0.025811
0.026037
0.026054
0.026068
0.026081
0.026095
0.026107
0.026120
0.026133
0.026146
0.026159
0.024388
0.024612
0.024630
0.024644
0.024657
0.024671
0.024685
0.024698
0.024712
0.024726
0.024740
0.026094
0.026319
0.026336
0.026350
0.026364
0.026377
0.026390
0.026404
0.026417
0.026430
0.026443
0.025933
0.026170
0.026187
0.026201
0.026216
0.026229
0.026242
0.026257
0.026270
0.026283
0.026296
0.025162
0.025388
0.025405
0.025419
0.025449
0.025482
0.025504
0.025518
0.025532
0.025545
0.025558
0.026459
0.026686
0.026703
0.026717
0.026731
0.026744
0.026758
0.026771
0.026784
0.026798
0.026811
0.027645
0.027872
0.027889
0.027903
0.027917
0.027930
0.027943
0.027956
0.027969
0.027982
0.027995
0.027612
0.027833
0.027850
0.027864
0.027878
0.027892
0.027905
0.027919
0.027932
0.027945
0.027958
0.052289
0.052500
0.052527
0.052541
0.052555
0.052568
0.052581
0.052594
0.052607
0.052620
0.052633
0.027239
0.027455
0.027472
0.027496
0.027510
0.027523
0.027537
0.027550
0.027563
0.027576
0.027589
0.025781
0.026014
0.026042
0.026056
0.026069
0.026085
0.026110
0.026129
0.026144
0.026158
0.026171
0.024953
0.025173
0.025190
0.025205
0.025219
0.025232
0.025245
0.025259
0.025271
0.025285
0.025298
0.023879
0.024108
0.024126
0.024140
0.024154
0.024167
0.024180
0.024193
0.024226
0.024256
0.024278
0.024331
0.024559
0.024577
0.024591
0.024605
0.024619
0.024632
0.024645
0.024658
0.024671
0.024684
0.024218
0.024440
0.024457
0.024471
0.024484
0.024498
0.024510
0.024523
0.024537
0.024550
0.024563
0.025081
0.025304
0.025322
0.025336
0.025351
0.025364
0.025377
0.025390
0.025403
0.025416
0.025429
0.025422
0.025641
0.025658
0.025672
0.025687
0.025700
0.025714
0.025727
0.025740
0.025753
0.025766
0.024252
0.024474
0.024491
0.024505
0.024519
0.024533
0.024546
0.024559
0.024572
0.024585
0.024599
0.054873
0.055104
0.055121
0.055135
0.055149
0.055162
0.055175
0.055189
0.055202
0.055215
0.055228
0.024731
0.024952
0.024970
0.024983
0.024997
0.025010
0.025024
0.025037
0.025050
0.025063
0.025076
0.024329
0.024556
0.024573
0.024586
0.024600
0.024613
0.024626
0.024639
0.024652
0.024666
0.024679
0.024689
0.024903
0.024919
0.024943
0.024957
0.024970
0.024983
0.024996
0.025009
0.025022
0.025035
0.024815
0.025037
0.025054
0.025068
0.025081
0.025095
0.025108
0.025121
0.025134
0.025147
0.025160
0.024976
0.025193
0.025219
0.025233
0.025247
0.025260
0.025274
0.025287
0.025300
0.025313
0.025326
0.024571
0.024808
0.024837
0.024861
0.024886
0.024910
0.024935
0.024960
0.024984
0.025008
0.025032
0.024332
0.024572
0.024601
0.024629
0.024652
0.024677
0.024701
0.024725
0.024749
0.024773
0.024805
0.025707
0.025954
0.025985
0.026011
0.026038
0.026064
0.026090
0.026116
0.026139
0.026163
0.026186
0.024876
0.025122
0.025151
0.025170
0.025187
0.025204
0.025222
0.025239
0.025256
0.025273
0.025290
0.052088
0.052333
0.052363
0.052391
0.052418
0.052444
0.052468
0.052493
0.052517
0.052541
0.052565
0.025071
0.025310
0.025331
0.025348
0.025366
0.025382
0.025398
0.025414
0.025430
0.025445
0.025461
0.024354
0.024586
0.024605
0.024622
0.024639
0.024654
0.024670
0.024686
0.024701
0.024717
0.024733
0.024756
0.024992
0.025024
0.025050
0.025076
0.025100
0.025124
0.025148
0.025172
0.025196
0.025220
0.024745
0.024969
0.024986
0.025001
0.025014
0.025028
0.025041
0.025054
0.025067
0.025080
0.025094
0.024722
0.024935
0.024962
0.024976
0.024991
0.025004
0.025017
0.025030
0.025043
0.025057
0.025070
0.024428
0.024645
0.024672
0.024686
0.024700
0.024713
0.024727
0.024740
0.024753
0.024766
0.024778
0.025249
0.025476
0.025493
0.025508
0.025522
0.025535
0.025548
0.025561
0.025574
0.025587
0.025600
0.025850
0.026074
0.026092
0.026107
0.026121
0.026134
0.026148
0.026161
0.026174
0.026187
0.026200
0.024776
0.024999
0.025016
0.025031
0.025044
0.025064
0.025077
0.025090
0.025103
0.025116
0.025129
0.051313
0.051531
0.051547
0.051571
0.051585
0.051598
0.051611
0.051624
0.051641
0.051676
0.051705
0.024184
0.024410
0.024427
0.024441
0.024455
0.024469
0.024482
0.024495
0.024508
0.024521
0.024535
0.024138
0.024368
0.024384
0.024398
0.024412
0.024425
0.024438
0.024451
0.024465
0.024478
0.024491
0.024252
0.024475
0.024493
0.024508
0.024521
0.024534
0.024548
0.024561
0.024574
0.024588
0.024601
0.023973
0.024183
0.024209
0.024223
0.024236
0.024250
0.024263
0.024276
0.024289
0.024302
0.024315
0.025192
0.025416
0.025433
0.025447
0.025460
0.025473
0.025486
0.025500
0.025513
0.025526
0.025539
0.024707
0.024930
0.024971
0.024995
0.025020
0.025044
0.025069
0.025093
0.025116
0.025140
0.025163
0.024794
0.025045
0.025087
0.025112
0.025137
0.025162
0.025187
0.025212
0.025236
0.025260
0.025284
0.023841
0.024078
0.024110
0.024134
0.024159
0.024184
0.024208
0.024232
0.024256
0.024280
0.024303
0.023992
0.024223
0.024244
0.024262
0.024279
0.024295
0.024312
0.024328
0.024344
0.024361
0.024378
0.050153
0.050380
0.050401
0.050418
0.050435
0.050451
0.050467
0.050484
0.050500
0.050516
0.050533
0.023838
0.024071
0.024091
0.024108
0.024124
0.024141
0.024157
0.024173
0.024189
0.024204
0.024220
0.024003
0.024234
0.024254
0.024272
0.024289
0.024304
0.024321
0.024336
0.024352
0.024368
0.024383
0.024477
0.024707
0.024727
0.024745
0.024762
0.024779
0.024794
0.024811
0.024826
0.024842
0.024857
0.025154
0.025386
0.025407
0.025424
0.025442
0.025458
0.025473
0.025491
0.025506
0.025522
0.025537
0.025843
0.026066
0.026084
0.026098
0.026111
0.026125
0.026138
0.026151
0.026164
0.026177
0.026190
0.025410
0.025626
0.025652
0.025666
0.025680
0.025693
0.025707
0.025720
0.025733
0.025746
0.025759
0.025937
0.026161
0.026180
0.026194
0.026208
0.026221
0.026234
0.026247
0.026260
0.026273
0.026285
0.024718
0.024932
0.024958
0.024973
0.024986
0.025000
0.025013
0.025026
0.025039
0.025052
0.025065
0.024216
0.024436
0.024453
0.024467
0.024481
0.024494
0.024508
0.024521
0.024534
0.024547
0.024561
0.050509
0.050735
0.050777
0.050800
0.050826
0.050850
0.050875
0.050899
0.050923
0.050946
0.050970
0.024499
0.024758
0.024783
0.024808
0.024833
0.024858
0.024882
0.024905
0.024929
0.024952
0.024976
0.026712
0.026941
0.026981
0.027008
0.027034
0.027058
0.027082
0.027106
0.027130
0.027154
0.027179
0.025012
0.025240
0.025281
0.025305
0.025331
0.025355
0.025379
0.025404
0.025427
0.025451
0.025475
0.025795
0.026029
0.026062
0.026086
0.026112
0.026135
0.026160
0.026183
0.026207
0.026231
0.026255
0.025059
0.025296
0.025328
0.025352
0.025378
0.025403
0.025427
0.025451
0.025475
0.025499
0.025523
0.024152
0.024377
0.024405
0.024430
0.024454
0.024479
0.024503
0.024527
0.024551
0.024575
0.024599
0.024383
0.024612
0.024632
0.024649
0.024666
0.024682
0.024698
0.024714
0.024730
0.024745
0.024760
0.024341
0.024571
0.024590
0.024606
0.024624
0.024640
0.024656
0.024672
0.024688
0.024704
0.024720
0.025492
0.025730
0.025750
0.025767
0.025784
0.025799
0.025815
0.025830
0.025846
0.025861
0.025883
0.049198
0.049427
0.049446
0.049463
0.049479
0.049495
0.049511
0.049527
0.049543
0.049559
0.049575
0.024317
0.024546
0.024565
0.024583
0.024600
0.024617
0.024633
0.024648
0.024665
0.024681
0.024697
0.024323
0.024540
0.024559
0.024575
0.024601
0.024618
0.024634
0.024650
0.024667
0.024682
0.024698
0.024433
0.024665
0.024685
0.024702
0.024718
0.024733
0.024749
0.024765
0.024781
0.024796
0.024812
0.024397
0.024627
0.024647
0.024663
0.024678
0.024694
0.024711
0.024726
0.024742
0.024758
0.024774
0.023924
0.024153
0.024172
0.024190
0.024206
0.024221
0.024237
0.024252
0.024268
0.024283
0.024299
0.025470
0.025699
0.025719
0.025736
0.025752
0.025769
0.025786
0.025803
0.025818
0.025835
0.025850
0.024960
0.025191
0.025211
0.025229
0.025245
0.025260
0.025276
0.025292
0.025307
0.025323
0.025338
0.024122
0.024337
0.024367
0.024384
0.024402
0.024418
0.024440
0.024457
0.024472
0.024488
0.024503
0.024127
0.024355
0.024375
0.024393
0.024410
0.024426
0.024442
0.024457
0.024473
0.024489
0.024505
0.050407
0.050617
0.050633
0.050647
0.050670
0.050683
0.050696
0.050710
0.050723
0.050736
0.050748
0.025388
0.025615
0.025632
0.025647
0.025661
0.025674
0.025687
0.025701
0.025714
0.025727
0.025740
0.024307
0.024532
0.024550
0.024564
0.024578
0.024591
0.024605
0.024618
0.024631
0.024644
0.024657
0.024951
0.025172
0.025199
0.025213
0.025227
0.025240
0.025253
0.025267
0.025280
0.025294
0.025307
0.025433
0.025654
0.025671
0.025686
0.025700
0.025713
0.025726
0.025740
0.025753
0.025765
0.025778
0.028269
0.028592
0.028631
0.028664
0.028696
0.028727
0.028768
0.028800
0.028833
0.028865
0.028898
0.026303
0.026530
0.026548
0.026562
0.026575
0.026589
0.026602
0.026615
0.026628
0.026641
0.026654
0.026424
0.026651
0.026669
0.026684
0.026697
0.026711
0.026724
0.026737
0.026751
0.026763
0.026777
0.028318
0.028538
0.028564
0.028579
0.028592
0.028605
0.028618
0.028631
0.028644
0.028657
0.028670
0.027568
0.027794
0.027811
0.027825
0.027838
0.027852
0.027865
0.027878
0.027892
0.027905
0.027919
0.053816
0.054040
0.054057
0.054071
0.054085
0.054099
0.054112
0.054125
0.054138
0.054151
0.054164
0.026754
0.026981
0.026998
0.027012
0.027025
0.027039
0.027052
0.027065
0.027079
0.027092
0.027106
0.027298
0.027527
0.027544
0.027559
0.027573
0.027587
0.027600
0.027613
0.027626
0.027640
0.027653
0.027494
0.027724
0.027741
0.027755
0.027769
0.027782
0.027795
0.027808
0.027822
0.027835
0.027848
0.027522
0.027737
0.027764
0.027778
0.027792
0.027804
0.027817
0.027831
0.027844
0.027856
0.027870
0.026759
0.026985
0.027002
0.027017
0.027030
0.027043
0.027057
0.027070
0.027084
0.027097
0.027110
0.027257
0.027481
0.027498
0.027512
0.027526
0.027539
0.027553
0.027566
0.027579
0.027592
0.027605
0.026661
0.026884
0.026901
0.026915
0.026928
0.026942
0.026956
0.026969
0.026983
0.026996
0.027009
0.026703
0.026929
0.026945
0.026960
0.026973
0.026987
0.027000
0.027013
0.027026
0.027039
0.027051
0.026605
0.026832
0.026852
0.026869
0.026885
0.026902
0.026919
0.026934
0.026947
0.026963
0.026976
0.052646
0.052860
0.052886
0.052901
0.052914
0.052927
0.052941
0.052954
0.052967
0.052984
0.053001
0.026636
0.026867
0.026887
0.026903
0.026921
0.026937
0.026954
0.026969
0.026985
0.027000
0.027016
0.026459
0.026694
0.026714
0.026731
0.026748
0.026765
0.026781
0.026798
0.026814
0.026829
0.026845
0.026227
0.026460
0.026480
0.026497
0.026514
0.026530
0.026546
0.026564
0.026580
0.026596
0.026612
0.026530
0.026765
0.026782
0.026796
0.026810
0.026823
0.026836
0.026850
0.026863
0.026876
0.026889
0.026222
0.026450
0.026468
0.026483
0.026496
0.026510
0.026523
0.026536
0.026549
0.026569
0.026582
0.025909
0.026138
0.026155
0.026170
0.026184
0.026198
0.026211
0.026223
0.026236
0.026249
0.026262
0.026091
0.026315
0.026332
0.026345
0.026359
0.026372
0.026385
0.026398
0.026412
0.026424
0.026437
0.026919
0.027149
0.027166
0.027180
0.027193
0.027207
0.027220
0.027234
0.027246
0.027260
0.027273
0.027189
0.027415
0.027431
0.027446
0.027459
0.027472
0.027486
0.027499
0.027513
0.027527
0.027540
0.053817
0.054040
0.054057
0.054071
0.054084
0.054098
0.054111
0.054123
0.054137
0.054150
0.054164
0.026922
0.027153
0.027170
0.027185
0.027199
0.027212
0.027225
0.027238
0.027252
0.027265
0.027278
0.026565
0.026790
0.026808
0.026822
0.026835
0.026848
0.026861
0.026875
0.026888
0.026901
0.026914
0.027701
0.027928
0.027946
0.027960
0.027973
0.027987
0.028000
0.028013
0.028026
0.028039
0.028051
0.027614
0.027838
0.027855
0.027869
0.027883
0.027896
0.027909
0.027922
0.027936
0.027949
0.027962
0.026883
0.027106
0.027123
0.027137
0.027151
0.027164
0.027177
0.027190
0.027203
0.027215
0.027229
0.027588
0.027819
0.027836
0.027850
0.027864
0.027877
0.027890
0.027903
0.027917
0.027930
0.027944
0.030910
0.031166
0.031184
0.031199
0.031213
0.031227
0.031240
0.031253
0.031266
0.031280
0.031293
0.028946
0.029204
0.029230
0.029256
0.029271
0.029285
0.029299
0.029313
0.029327
0.029340
0.029353
0.027718
0.027948
0.027965
0.027979
0.027993
0.028005
0.028019
0.028032
0.028045
0.028057
0.028070
0.054379
0.054606
0.054623
0.054637
0.054651
0.054664
0.054678
0.054691
0.054704
0.054718
0.054730
0.026274
0.026500
0.026518
0.026533
0.026546
0.026559
0.026572
0.026586
0.026599
0.026612
0.026625
0.025365
0.025590
0.025608
0.025622
0.025635
0.025649
0.025662
0.025675
0.025688
0.025701
0.025713
0.023970
0.024195
0.024213
0.024227
0.024241
0.024254
0.024268
0.024281
0.024294
0.024307
0.024320
0.025388
0.025612
0.025630
0.025644
0.025657
0.025670
0.025683
0.025696
0.025709
0.025722
0.025735
0.026102
0.026329
0.026346
0.026361
0.026374
0.026388
0.026402
0.026415
0.026428
0.026441
0.026454
0.024700
0.024922
0.024940
0.024954
0.024968
0.024981
0.024995
0.025008
0.025021
0.025034
0.025047
0.024857
0.025086
0.025103
0.025117
0.025131
0.025144
0.025157
0.025170
0.025183
0.025196
0.025209
0.025328
0.025552
0.025568
0.025583
0.025597
0.025610
0.025624
0.025637
0.025650
0.025663
0.025676
0.025296
0.025507
0.025534
0.025548
0.025562
0.025575
0.025589
0.025602
0.025615
0.025628
0.025641
0.050559
0.050780
0.050798
0.050812
0.050826
0.050839
0.050853
0.050866
0.050879
0.050892
0.050905
0.024846
0.025131
0.025171
0.025194
0.025216
0.025238
0.025260
0.025282
0.025303
0.025324
0.025345
0.024010
0.024239
0.024269
0.024295
0.024310
0.024324
0.024338
0.024351
0.024364
0.024377
0.024390
0.024623
0.024847
0.024864
0.024879
0.024892
0.024906
0.024919
0.024932
0.024949
0.024967
0.024984
0.024113
0.024342
0.024361
0.024378
0.024395
0.024411
0.024426
0.024442
0.024458
0.024474
0.024490
0.026582
0.026850
0.026884
0.026906
0.026926
0.026946
0.026967
0.026989
0.027011
0.027035
0.027057
0.027985
0.028211
0.028232
0.028250
0.028266
0.028283
0.028299
0.028314
