509	296	81	67
509	295	79	65
513	297	79	65
518	300	80	66
524	303	81	66
529	306	82	67
534	309	82	68
539	312	83	68
544	315	84	69
549	318	85	70
554	321	86	70
559	324	86	71
537	316	77	64
539	317	76	63
542	319	76	63
544	321	76	63
547	323	76	63
549	325	76	63
552	327	75	63
554	329	75	63
557	331	75	63
560	333	75	63
562	335	75	63
538	308	76	63
540	309	75	62
541	309	75	62
542	309	75	62
543	310	75	62
543	310	75	62
544	310	75	62
545	310	75	62
546	310	74	62
547	311	74	62
548	311	74	62
552	297	76	63
552	297	75	62
554	296	75	62
555	295	75	62
556	295	75	62
557	294	75	62
558	294	75	62
559	293	75	62
560	292	75	62
561	292	75	62
562	291	75	62
542	298	77	64
543	297	76	63
542	297	76	64
542	296	77	64
542	296	77	64
542	296	77	64
542	296	77	64
542	296	77	64
542	295	77	64
542	295	77	64
541	295	77	64
533	287	79	65
532	286	79	65
532	286	79	65
531	285	79	65
531	284	79	65
530	284	79	65
529	283	79	65
529	282	79	65
528	282	79	65
527	281	80	65
527	280	80	65
538	284	82	68
537	283	82	68
537	282	82	68
537	282	82	68
537	281	82	68
537	281	83	68
537	281	83	69
537	280	83	69
537	280	83	69
537	279	83	69
537	279	84	69
542	291	84	69
542	290	84	69
542	290	84	69
542	290	84	69
542	291	84	69
543	291	85	69
543	291	85	69
543	291	85	70
543	292	85	70
544	292	85	70
544	292	86	70
550	290	80	66
550	290	80	66
550	290	80	66
551	290	79	65
551	290	79	65
552	290	79	65
553	290	79	65
553	290	79	65
554	290	79	65
554	290	79	65
555	290	78	65
553	296	80	66
553	296	79	65
553	296	79	65
554	296	79	65
554	297	79	65
555	297	79	65
555	297	79	65
555	298	79	65
556	298	79	65
556	298	79	65
557	299	79	65
564	310	80	66
564	310	79	65
565	311	79	65
565	312	79	65
566	313	79	65
567	314	79	65
568	314	79	65
568	315	79	65
569	316	79	65
570	317	79	65
571	318	79	65
566	297	82	68
566	297	81	67
567	297	82	68
567	297	82	68
568	296	82	68
568	296	82	68
568	296	82	68
569	295	82	68
569	295	82	68
570	295	82	68
570	294	82	68
557	296	80	66
557	295	80	66
557	295	80	66
556	295	79	65
556	294	79	65
556	294	79	65
555	294	79	65
555	294	79	65
554	293	79	65
554	293	79	65
554	293	79	65
548	303	84	69
547	302	83	68
546	303	84	69
546	303	84	69
545	303	84	69
544	303	84	69
544	304	84	69
543	304	85	69
542	304	85	69
542	305	85	69
541	305	85	70
558	303	87	72
557	303	87	72
557	303	87	72
557	303	87	72
558	303	87	72
558	303	88	73
558	304	88	73
558	304	88	73
559	304	88	73
559	304	89	73
559	304	89	74
561	310	85	71
561	310	85	71
561	310	85	71
561	311	85	71
562	311	85	71
562	311	85	71
562	312	85	71
563	312	85	71
563	313	85	71
563	313	85	71
564	314	85	71
574	317	82	68
574	317	81	68
575	318	81	67
576	318	81	67
576	319	81	67
577	319	81	67
578	320	81	67
579	320	80	67
580	321	80	66
581	322	80	66
581	322	80	66
584	318	79	65
584	318	78	64
585	318	78	64
586	319	78	64
587	319	78	64
588	319	77	63
589	320	77	63
590	320	77	63
591	320	77	63
592	320	76	62
593	321	76	62
593	307	76	63
593	307	75	62
594	306	75	62
595	306	75	62
596	305	74	62
597	305	74	61
598	304	74	61
599	304	74	61
599	303	73	61
600	303	73	61
601	302	73	60
590	302	76	63
590	301	75	62
591	300	75	62
591	300	75	62
591	299	75	62
591	299	75	62
591	298	75	62
591	298	75	62
592	297	74	62
592	297	74	62
592	296	74	62
597	295	73	60
597	294	72	59
597	293	72	59
597	293	72	59
598	292	72	59
598	292	72	59
599	291	71	58
599	290	71	58
600	290	71	58
600	289	71	58
600	289	71	58
592	288	71	59
592	287	70	58
592	286	70	58
592	286	70	58
592	285	70	58
592	284	70	58
591	284	69	58
591	283	69	57
591	283	69	57
591	282	69	57
591	281	69	57
590	288	69	57
589	287	68	56
589	287	68	56
589	286	68	56
589	286	68	56
589	286	68	56
588	286	67	56
588	285	67	55
588	285	67	55
588	285	67	55
588	285	67	55
593	287	70	58
592	286	69	57
592	286	69	57
593	286	69	57
593	286	69	57
593	286	69	57
593	286	69	57
593	285	69	57
593	285	69	57
593	285	69	57
593	285	69	57
596	281	69	57
596	280	68	56
596	280	68	56
596	280	68	56
596	279	68	56
596	279	68	56
597	278	68	56
597	278	68	56
597	278	68	56
597	277	68	56
598	277	68	56
598	283	70	58
598	282	69	57
598	282	69	57
598	282	70	58
598	282	70	58
599	282	70	58
599	282	70	58
599	282	70	58
599	282	70	58
599	282	70	58
600	282	70	58
611	292	71	59
611	291	71	59
611	292	71	59
612	292	71	59
613	293	71	59
614	293	71	59
615	294	71	59
615	294	71	59
616	295	71	59
617	295	71	59
618	296	71	59
622	286	70	58
622	286	70	58
623	286	70	58
624	286	70	58
625	286	69	57
626	286	69	57
627	285	69	57
628	285	69	57
629	285	69	57
630	285	69	57
631	285	69	57
628	292	73	60
628	291	72	59
629	292	73	60
630	292	73	60
631	292	73	60
631	292	73	60
632	293	73	60
633	293	73	60
633	293	74	60
634	293	74	60
635	294	74	60
611	293	70	58
611	293	70	58
611	293	70	58
610	293	69	57
609	293	69	57
609	293	69	57
608	294	69	57
607	294	69	57
606	294	69	57
606	294	69	57
605	294	69	57
588	294	67	56
587	294	66	55
585	294	66	55
584	294	66	55
582	294	66	55
580	294	66	55
579	294	65	55
577	294	65	55
575	295	65	54
574	295	65	54
572	295	64	54
568	282	69	57
566	282	68	56
564	281	68	56
562	280	68	56
561	280	68	56
559	279	68	56
557	279	68	56
555	278	68	56
553	277	68	56
552	277	68	56
550	276	68	56
532	294	66	54
530	293	66	53
527	293	65	53
524	294	65	53
522	294	65	53
519	294	65	53
516	295	65	53
513	295	65	53
511	296	65	52
508	296	64	52
505	296	64	52
484	290	69	57
481	290	68	56
477	290	68	56
473	290	69	57
469	290	69	57
466	290	69	57
462	290	69	57
458	290	69	57
454	290	69	57
451	290	69	57
447	290	69	57
444	296	69	57
440	295	69	57
436	296	69	57
432	296	69	57
428	296	69	57
425	297	69	57
421	297	69	57
417	297	69	57
413	298	69	57
410	298	69	57
406	298	69	57
419	306	67	56
415	306	67	56
412	306	66	56
409	307	66	55
406	308	66	55
403	309	66	55
401	309	66	55
398	310	66	55
395	311	66	55
392	311	66	55
389	312	66	55
392	314	66	54
389	314	65	53
386	315	65	53
384	316	65	53
381	316	65	53
378	317	65	53
376	318	65	53
373	319	65	53
371	319	65	53
368	320	65	52
366	321	65	52
393	329	63	52
390	329	62	51
389	330	62	51
388	331	62	51
387	333	62	51
386	334	62	51
385	335	61	51
384	336	61	50
383	337	61	50
383	338	61	50
382	339	61	50
392	347	66	54
391	348	65	53
390	349	65	53
390	351	65	53
390	352	66	53
389	353	66	54
389	355	66	54
389	356	66	54
388	358	66	54
388	359	66	54
388	361	66	54
421	349	63	52
420	350	63	52
422	351	62	51
423	351	62	51
425	352	62	51
426	353	62	51
428	353	62	51
429	354	62	51
431	355	62	51
432	356	62	51
434	356	62	51
453	341	61	50
454	341	60	49
456	341	60	49
459	341	60	49
461	341	60	49
464	340	60	49
466	340	60	49
469	340	59	49
471	340	59	48
474	339	59	48
476	339	59	48
473	336	59	48
475	335	58	47
477	335	58	47
479	334	58	47
481	334	58	47
483	334	58	47
486	333	57	46
488	333	57	46
490	332	57	46
492	332	57	46
494	332	57	46
497	333	56	46
499	332	55	45
501	332	55	45
503	331	55	45
505	331	55	45
507	331	54	45
509	330	54	44
511	330	54	44
514	330	54	44
516	329	53	44
518	329	53	44
530	339	54	45
532	338	53	44
534	338	53	44
537	339	53	44
540	339	53	44
542	339	52	44
545	339	52	44
548	339	52	44
550	340	52	43
553	340	52	43
556	340	51	43
545	341	52	43
547	341	51	42
549	341	51	42
551	341	51	42
553	341	51	42
555	342	51	42
557	342	50	42
559	342	50	41
560	342	50	41
562	342	50	41
564	343	50	41
519	334	51	42
520	334	50	41
520	333	50	41
519	333	50	41
518	333	50	41
517	333	50	41
517	332	50	41
516	332	50	41
515	332	49	41
514	331	49	40
514	331	49	40
523	331	49	40
522	330	48	39
522	330	48	39
521	330	48	39
521	329	48	39
521	329	48	39
521	329	48	39
520	328	47	38
520	328	47	38
520	328	47	38
520	327	47	38
527	319	47	39
526	318	46	38
526	317	46	38
527	317	46	38
527	316	46	38
527	315	46	38
527	314	45	38
527	313	45	38
527	313	45	38
528	312	45	37
528	311	45	37
538	310	49	40
538	309	48	39
538	308	48	39
539	307	48	39
540	306	48	39
540	305	48	39
541	305	49	39
542	304	49	39
543	303	49	39
543	302	49	39
544	301	49	39
517	313	50	41
517	312	50	41
516	312	50	41
515	311	50	41
515	311	50	41
514	311	50	41
513	311	50	41
512	311	50	41
511	311	50	41
510	310	50	41
509	310	50	41
523	313	48	40
522	312	48	40
522	312	48	40
521	312	47	40
521	312	47	39
521	312	47	39
521	312	47	39
521	312	47	39
521	312	47	39
521	312	47	39
521	312	47	39
526	324	48	40
525	323	47	39
526	324	47	39
526	325	47	39
526	325	47	39
526	326	47	39
526	327	47	39
526	327	47	39
527	328	47	39
527	328	47	39
527	329	47	39
534	335	50	41
534	335	49	40
534	336	50	41
535	337	50	41
535	338	50	41
536	339	50	41
536	340	50	41
537	340	50	41
537	341	50	41
538	342	50	41
538	343	50	41
529	333	52	43
529	333	52	43
529	334	52	43
529	334	52	43
529	334	52	43
529	334	52	43
529	335	52	43
529	335	53	43
529	335	53	43
529	335	53	44
529	336	53	44
520	332	54	45
519	332	54	45
519	332	54	45
518	332	54	45
518	332	54	45
517	332	54	45
517	332	55	45
516	332	55	46
516	332	55	46
515	332	55	46
514	332	55	46
513	333	54	45
512	333	54	45
511	333	54	45
511	333	54	45
510	333	54	45
509	333	54	45
509	333	54	45
508	333	54	45
508	333	54	45
507	333	54	45
506	333	54	45
513	336	55	45
512	336	55	45
512	336	55	45
511	336	55	45
511	336	55	45
511	336	55	45
511	336	55	45
510	337	55	45
510	337	55	45
510	337	55	45
510	337	55	45
518	327	57	47
517	327	57	47
517	326	57	47
518	326	57	47
518	325	57	47
518	325	57	47
518	325	57	47
518	324	57	47
519	324	58	47
519	323	58	47
519	323	58	48
525	327	57	47
525	326	57	47
525	326	57	47
526	326	57	47
526	325	57	47
527	325	57	47
527	325	57	47
528	325	57	47
528	325	57	47
529	325	57	47
529	324	57	47
535	331	60	49
535	330	60	49
536	330	60	49
537	331	60	49
537	331	60	49
538	331	60	49
539	331	60	49
540	331	61	49
540	331	61	49
541	332	61	50
542	332	61	50
546	332	61	50
546	332	61	50
547	332	61	50
548	332	61	50
549	332	61	50
550	332	61	50
551	332	61	50
552	332	61	50
553	333	62	50
554	333	62	51
555	333	62	51
551	315	63	52
551	315	63	52
552	314	63	52
553	313	63	52
553	312	63	52
554	311	63	52
555	310	63	52
555	309	64	53
556	308	64	53
557	308	64	53
557	307	64	53
560	316	61	50
560	315	61	50
561	314	61	50
562	314	61	50
562	314	61	50
563	313	60	49
564	313	60	49
565	313	60	49
565	312	60	49
566	312	60	49
567	311	60	49
519	309	59	48
519	308	58	47
517	308	58	47
515	307	58	47
513	307	58	47
511	306	58	47
509	306	58	47
507	305	58	47
505	305	57	46
503	304	57	46
501	304	57	46
521	305	57	47
519	304	56	46
518	304	56	46
517	303	56	46
516	303	56	46
515	302	56	46
514	302	56	46
514	301	55	46
513	301	55	46
512	301	55	45
511	300	55	45
517	310	55	45
516	309	54	44
515	309	54	44
515	309	54	44
514	309	54	44
514	310	54	44
513	310	53	44
513	310	53	43
512	310	53	43
512	310	53	43
511	310	53	43
514	312	55	45
513	312	54	44
513	312	54	44
512	312	54	44
512	312	54	44
512	312	54	44
511	313	54	44
511	313	54	44
511	313	54	44
510	313	54	44
510	313	54	44
504	316	55	45
503	316	54	44
502	316	54	44
502	316	54	44
501	317	54	44
500	317	54	44
500	317	54	44
499	317	54	44
498	318	54	44
498	318	54	44
497	318	54	44
507	316	55	45
506	316	54	44
506	316	54	44
506	316	54	44
505	316	54	44
505	316	54	44
505	316	54	44
505	317	54	44
505	317	54	44
505	317	54	44
505	317	54	44
510	322	54	45
509	322	53	44
510	322	53	44
510	322	53	44
510	323	53	44
510	323	53	44
510	323	53	44
510	324	53	44
510	324	53	44
511	325	53	44
511	325	53	44
514	324	53	44
514	324	52	43
514	324	52	43
514	324	52	43
515	325	52	43
515	325	52	43
515	325	52	43
515	325	52	43
516	326	52	43
516	326	52	43
516	326	52	43
522	324	51	42
522	324	50	41
522	324	50	41
523	324	50	41
523	324	50	41
524	324	50	41
525	324	50	41
525	324	50	41
526	324	49	40
526	325	49	40
527	325	49	40
539	332	52	43
539	332	51	42
540	332	51	42
541	333	51	42
543	333	51	42
544	333	51	42
545	334	51	42
546	334	51	42
547	335	51	42
548	335	51	42
550	336	51	42
544	336	54	45
545	336	53	44
545	336	54	45
546	337	54	45
547	337	54	45
548	338	54	45
549	338	54	45
549	339	54	45
550	339	54	45
551	339	54	45
552	340	55	46
547	331	55	45
547	331	55	45
548	331	55	45
548	331	55	45
549	331	55	45
549	330	55	45
549	330	55	45
550	330	55	45
550	330	55	45
551	330	55	45
551	330	56	45
551	329	57	47
551	328	57	47
551	328	57	47
552	328	57	47
552	328	57	47
552	328	57	47
553	327	57	47
553	327	58	47
554	327	58	47
554	327	58	48
554	327	58	48
551	334	55	45
551	333	55	45
551	334	55	45
551	334	55	45
551	334	55	44
551	334	54	44
552	334	54	44
552	335	54	44
552	335	54	44
552	335	54	44
552	335	54	44
539	335	56	46
539	335	55	45
538	335	55	45
537	335	56	45
537	335	56	46
536	335	56	46
536	335	56	46
535	336	56	46
534	336	56	46
534	336	56	46
533	336	56	46
541	334	57	47
540	334	57	47
540	334	57	47
540	334	57	47
539	334	57	47
539	334	57	47
539	334	57	47
539	334	57	47
539	334	57	47
538	334	57	47
538	334	57	47
544	339	56	46
543	339	56	46
543	339	56	46
544	339	56	46
544	339	55	45
544	340	55	45
544	340	55	45
544	340	55	45
544	340	55	45
544	341	55	45
544	341	55	45
558	340	55	45
558	340	54	44
558	340	54	44
559	340	54	44
560	340	54	44
561	340	54	44
562	341	54	44
563	341	54	44
564	341	54	44
564	341	54	44
565	341	54	44
562	339	57	47
562	339	56	46
563	339	57	47
564	339	57	47
564	339	57	47
565	339	57	47
565	339	57	47
566	339	57	47
566	339	57	47
567	339	57	47
568	339	57	47
562	346	55	45
562	346	55	45
562	346	55	45
563	346	54	44
563	347	54	44
563	347	54	44
563	347	54	44
563	348	54	44
564	348	54	44
564	349	54	44
564	349	54	44
570	345	57	47
570	345	56	46
570	345	57	47
571	345	57	47
571	345	57	47
572	345	57	47
572	345	57	47
573	346	57	47
573	346	57	47
574	346	57	47
574	346	57	47
572	346	57	47
572	346	57	47
572	346	57	47
573	346	57	47
573	346	57	47
573	346	57	47
574	346	57	47
574	346	57	47
574	346	57	47
575	346	57	47
575	346	57	47
576	345	60	49
576	345	60	49
576	345	60	49
577	345	60	49
577	345	60	49
577	344	60	49
578	344	60	49
578	344	61	49
578	344	61	49
579	344	61	50
579	344	61	50
583	346	61	50
583	345	61	50
583	346	61	50
584	346	61	50
584	346	61	50
585	346	61	50
585	346	61	50
586	346	61	50
586	346	62	50
587	346	62	50
588	346	62	51
597	336	60	49
597	336	60	49
598	335	60	49
599	334	60	49
600	334	60	49
601	333	60	49
602	333	60	49
603	332	60	49
604	332	60	49
605	331	60	48
606	331	60	48
608	333	62	51
608	332	61	50
610	332	62	51
611	331	62	51
612	331	62	51
613	330	62	51
614	330	62	51
615	330	62	51
616	329	62	51
617	329	62	51
618	328	62	51
607	340	65	53
608	339	65	53
608	339	65	53
608	340	65	53
609	340	65	53
609	340	65	53
609	340	66	53
610	341	66	54
610	341	66	54
610	341	66	54
611	341	67	54
605	346	67	56
605	346	67	56
605	346	67	56
605	347	67	56
605	347	67	56
605	348	68	57
605	348	68	57
605	349	68	57
605	349	68	57
