1.126899
0.029892
0.030130
0.030148
0.030162
0.030176
0.030189
0.030203
0.030216
0.030231
0.030246
0.030260
0.035882
0.036139
0.036158
0.036174
0.036203
0.036221
0.036239
0.036257
0.036275
0.036293
0.036311
0.026675
0.026906
0.026922
0.026936
0.026949
0.026968
0.026985
0.027000
0.027015
0.027030
0.027048
0.032152
0.032419
0.032439
0.032456
0.032475
0.032493
0.032511
0.032528
0.032546
0.032564
0.032582
0.024917
0.025146
0.025165
0.025179
0.025193
0.025207
0.025221
0.025234
0.025249
0.025262
0.025275
0.025863
0.026088
0.026106
0.026122
0.026135
0.026149
0.026162
0.026175
0.026188
0.026201
0.026214
0.030951
0.031173
0.031189
0.031213
0.031226
0.031240
0.031256
0.031270
0.031284
0.031296
0.031310
0.029732
0.029974
0.030004
0.030021
0.030039
0.030056
0.030073
0.030090
0.030107
0.030123
0.030140
0.024400
0.024626
0.024644
0.024658
0.024672
0.024685
0.024699
0.024712
0.024724
0.024737
0.024750
0.054344
0.054589
0.054608
0.054634
0.054651
0.054668
0.054686
0.054705
0.054722
0.054739
0.054756
0.024733
0.024966
0.024983
0.024998
0.025011
0.025025
0.025038
0.025051
0.025064
0.025077
0.025090
0.024339
0.024569
0.024586
0.024600
0.024613
0.024630
0.024643
0.024656
0.024669
0.024682
0.024695
0.024366
0.024619
0.024664
0.024698
0.024736
0.024760
0.024780
0.024802
0.024838
0.024874
0.024897
0.024567
0.024801
0.024820
0.024836
0.024853
0.024871
0.024888
0.024904
0.024920
0.024935
0.024952
0.024091
0.024324
0.024344
0.024361
0.024378
0.024394
0.024410
0.024426
0.024441
0.024457
0.024472
0.024092
0.024323
0.024343
0.024359
0.024376
0.024392
0.024409
0.024425
0.024445
0.024460
0.024476
0.024271
0.024505
0.024525
0.024542
0.024557
0.024573
0.024590
0.024606
0.024621
0.024636
0.024652
0.024631
0.024874
0.024894
0.024912
0.024927
0.024944
0.024961
0.024977
0.024992
0.025008
0.025023
0.025105
0.025339
0.025361
0.025381
0.025398
0.025414
0.025429
0.025445
0.025460
0.025476
0.025491
0.049748
0.049985
0.050005
0.050023
0.050038
0.050062
0.050083
0.050115
0.050144
0.050175
0.050201
0.025160
0.025390
0.025408
0.025422
0.025435
0.025449
0.025462
0.025475
0.025488
0.025501
0.025514
0.025214
0.025438
0.025458
0.025473
0.025486
0.025500
0.025513
0.025526
0.025539
0.025552
0.025565
0.025340
0.025580
0.025597
0.025611
0.025625
0.025639
0.025652
0.025665
0.025678
0.025691
0.025705
0.025037
0.025269
0.025287
0.025301
0.025315
0.025329
0.025343
0.025357
0.025370
0.025383
0.025397
0.024890
0.025117
0.025135
0.025148
0.025162
0.025178
0.025191
0.025204
0.025218
0.025231
0.025244
0.025373
0.025596
0.025614
0.025628
0.025642
0.025656
0.025669
0.025683
0.025696
0.025709
0.025723
0.025003
0.025229
0.025246
0.025260
0.025275
0.025293
0.025307
0.025320
0.025333
0.025346
0.025359
0.025374
0.025601
0.025619
0.025633
0.025646
0.025660
0.025673
0.025686
0.025698
0.025711
0.025724
0.025153
0.025384
0.025401
0.025415
0.025429
0.025443
0.025456
0.025469
0.025482
0.025495
0.025508
0.051065
0.051294
0.051311
0.051326
0.051339
0.051353
0.051366
0.051379
0.051392
0.051405
0.051418
0.025222
0.025454
0.025471
0.025486
0.025499
0.025513
0.025526
0.025539
0.025553
0.025566
0.025580
0.025551
0.025781
0.025798
0.025812
0.025826
0.025839
0.025852
0.025866
0.025879
0.025892
0.025904
0.025560
0.025791
0.025812
0.025826
0.025839
0.025853
0.025866
0.025879
0.025892
0.025905
0.025918
0.025591
0.025825
0.025842
0.025856
0.025870
0.025883
0.025897
0.025909
0.025923
0.025936
0.025949
0.025364
0.025593
0.025618
0.025633
0.025647
0.025660
0.025674
0.025687
0.025701
0.025714
0.025728
0.025265
0.025493
0.025511
0.025525
0.025539
0.025552
0.025566
0.025579
0.025592
0.025605
0.025618
0.027054
0.027280
0.027307
0.027322
0.027335
0.027349
0.027363
0.027376
0.027390
0.027405
0.027418
0.026105
0.026334
0.026350
0.026365
0.026378
0.026391
0.026404
0.026417
0.026430
0.026443
0.026456
0.026305
0.026540
0.026557
0.026571
0.026594
0.026608
0.026621
0.026635
0.026648
0.026661
0.026674
0.050076
0.050304
0.050321
0.050336
0.050349
0.050363
0.050376
0.050389
0.050402
0.050415
0.050428
0.025914
0.026150
0.026167
0.026181
0.026196
0.026210
0.026223
0.026236
0.026249
0.026263
0.026275
0.026033
0.026264
0.026281
0.026295
0.026309
0.026323
0.026336
0.026349
0.026362
0.026375
0.026388
0.025150
0.025379
0.025398
0.025412
0.025426
0.025440
0.025453
0.025466
0.025479
0.025492
0.025505
0.025430
0.025658
0.025675
0.025690
0.025703
0.025717
0.025730
0.025743
0.025757
0.025769
0.025782
0.025415
0.025642
0.025659
0.025674
0.025687
0.025701
0.025715
0.025728
0.025742
0.025755
0.025768
0.025384
0.025615
0.025632
0.025646
0.025660
0.025673
0.025687
0.025699
0.025712
0.025725
0.025738
0.025539
0.025770
0.025787
0.025802
0.025815
0.025829
0.025842
0.025856
0.025869
0.025882
0.025894
0.025299
0.025518
0.025545
0.025559
0.025573
0.025586
0.025603
0.025617
0.025630
0.025645
0.025658
0.026285
0.026514
0.026532
0.026546
0.026561
0.026574
0.026587
0.026600
0.026613
0.026626
0.026639
0.051368
0.051596
0.051614
0.051628
0.051641
0.051655
0.051668
0.051681
0.051694
0.051707
0.051720
0.027936
0.028166
0.028183
0.028198
0.028212
0.028225
0.028238
0.028251
0.028264
0.028277
0.028290
0.027369
0.027598
0.027615
0.027629
0.027643
0.027657
0.027670
0.027683
0.027696
0.027710
0.027724
0.026324
0.026554
0.026572
0.026586
0.026600
0.026613
0.026626
0.026639
0.026653
0.026665
0.026678
0.026049
0.026278
0.026309
0.026325
0.026340
0.026353
0.026367
0.026380
0.026394
0.026407
0.026420
0.025919
0.026149
0.026166
0.026181
0.026197
0.026211
0.026224
0.026237
0.026250
0.026263
0.026277
0.027223
0.027488
0.027517
0.027545
0.027570
0.027596
0.027619
0.027644
0.027668
0.027692
0.027715
0.026388
0.026623
0.026652
0.026680
0.026705
0.026731
0.026755
0.026778
0.026798
0.026817
0.026837
0.026484
0.026708
0.026725
0.026739
0.026753
0.026767
0.026780
0.026793
0.026806
0.026819
0.026832
0.026613
0.026833
0.026859
0.026873
0.026887
0.026900
0.026913
0.026926
0.026939
0.026952
0.026965
0.052998
0.053244
0.053276
0.053302
0.053329
0.053353
0.053377
0.053401
0.053430
0.053456
0.053479
0.027960
0.028197
0.028244
0.028270
0.028296
0.028320
0.028344
0.028368
0.028392
0.028415
0.028439
0.026958
0.027192
0.027217
0.027241
0.027264
0.027290
0.027313
0.027337
0.027364
0.027388
0.027411
0.026374
0.026608
0.026628
0.026645
0.026662
0.026678
0.026694
0.026711
0.026726
0.026742
0.026757
0.026698
0.026937
0.026957
0.026974
0.026990
0.027006
0.027023
0.027039
0.027055
0.027071
0.027086
0.026227
0.026465
0.026485
0.026501
0.026517
0.026533
0.026549
0.026566
0.026581
0.026597
0.026612
0.026590
0.026825
0.026845
0.026862
0.026878
0.026894
0.026910
0.026925
0.026941
0.026956
0.026971
0.026451
0.026712
0.026733
0.026752
0.026769
0.026787
0.026804
0.026822
0.026839
0.026856
0.026873
0.026991
0.027250
0.027271
0.027289
0.027307
0.027324
0.027342
0.027359
0.027376
0.027393
0.027410
0.030095
0.030340
0.030362
0.030380
0.030397
0.030415
0.030432
0.030449
0.030466
0.030483
0.030501
0.052662
0.052889
0.052906
0.052920
0.052933
0.052947
0.052960
0.052973
0.052985
0.052998
0.053010
0.027622
0.027848
0.027875
0.027889
0.027903
0.027916
0.027929
0.027942
0.027956
0.027968
0.027982
0.027235
0.027455
0.027481
0.027495
0.027508
0.027522
0.027535
0.027548
0.027561
0.027574
0.027586
0.030574
0.030821
0.030851
0.030869
0.030887
0.030905
0.030922
0.030939
0.030957
0.030974
0.030992
0.026457
0.026712
0.026732
0.026751
0.026768
0.026786
0.026803
0.026820
0.026837
0.026854
0.026871
0.030575
0.030826
0.030855
0.030874
0.030891
0.030909
0.030926
0.030944
0.030961
0.030979
0.030996
0.025780
0.026011
0.026029
0.026043
0.026057
0.026071
0.026084
0.026097
0.026110
0.026124
0.026137
0.027865
0.028100
0.028117
0.028131
0.028145
0.028159
0.028172
0.028186
0.028200
0.028213
0.028226
0.027500
0.027731
0.027748
0.027762
0.027776
0.027789
0.027803
0.027816
0.027829
0.027842
0.027855
0.029533
0.029764
0.029782
0.029796
0.029810
0.029824
0.029838
0.029851
0.029865
0.029878
0.029891
0.051727
0.051955
0.051973
0.051987
0.052001
0.052016
0.052030
0.052043
0.052056
0.052069
0.052083
0.025785
0.026018
0.026035
0.026050
0.026063
0.026078
0.026091
0.026104
0.026117
0.026130
0.026143
0.030605
0.030834
0.030852
0.030866
0.030880
0.030894
0.030907
0.030920
0.030933
0.030946
0.030959
0.029553
0.029783
0.029799
0.029814
0.029828
0.029842
0.029855
0.029868
0.029881
0.029894
0.029907
0.037609
0.037864
0.037884
0.037910
0.037928
0.037946
0.037962
0.037979
0.037996
0.038013
0.038030
0.032873
0.033095
0.033122
0.033137
0.033150
0.033163
0.033176
0.033190
0.033203
0.033216
0.033228
0.031791
0.032021
0.032038
0.032053
0.032066
0.032079
0.032092
0.032106
0.032119
0.032132
0.032145
0.031770
0.031997
0.032014
0.032029
0.032042
0.032055
0.032068
0.032082
0.032095
0.032108
0.032121
0.031987
0.032219
0.032236
0.032250
0.032264
0.032277
0.032290
0.032303
0.032317
0.032329
0.032342
0.028218
0.028451
0.028469
0.028483
0.028497
0.028510
0.028523
0.028536
0.028549
0.028562
0.028575
0.053502
0.053731
0.053749
0.053763
0.053777
0.053790
0.053803
0.053816
0.053829
0.053842
0.053855
0.031010
0.031244
0.031262
0.031276
0.031290
0.031304
0.031317
0.031331
0.031344
0.031357
0.031370
0.028294
0.028524
0.028541
0.028556
0.028570
0.028584
0.028597
0.028610
0.028623
0.028636
0.028650
0.027212
0.027447
0.027465
0.027479
0.027493
0.027506
0.027519
0.027533
0.027546
0.027559
0.027572
0.029382
0.029598
0.029614
0.029638
0.029652
0.029665
0.029678
0.029691
0.029704
0.029718
0.029731
0.027317
0.027545
0.027572
0.027587
0.027601
0.027614
0.027627
0.027641
0.027653
0.027667
0.027680
0.025367
0.025583
0.025609
0.025624
0.025638
0.025651
0.025665
0.025678
0.025691
0.025705
0.025718
0.029178
0.029395
0.029422
0.029436
0.029450
0.029463
0.029476
0.029489
0.029502
0.029515
0.029528
0.026365
0.026595
0.026617
0.026631
0.026645
0.026658
0.026671
0.026685
0.026698
0.026711
0.026724
0.026188
0.026418
0.026435
0.026449
0.026463
0.026476
0.026490
0.026503
0.026515
0.026528
0.026541
0.051405
0.051636
0.051653
0.051667
0.051681
0.051694
0.051708
0.051721
0.051734
0.051747
0.051760
0.027707
0.027944
0.027961
0.027976
0.027990
0.028003
0.028017
0.028030
0.028043
0.028069
0.028082
0.026766
0.026987
0.027013
0.027027
0.027041
0.027054
0.027068
0.027081
0.027094
0.027110
0.027123
0.026025
0.026241
0.026268
0.026283
0.026296
0.026315
0.026329
0.026341
0.026355
0.026367
0.026381
0.029459
0.029708
0.029727
0.029754
0.029771
0.029789
0.029807
0.029824
0.029841
0.029859
0.029876
0.025485
0.025720
0.025738
0.025752
0.025766
0.025780
0.025793
0.025806
0.025819
0.025832
0.025846
0.025876
0.026113
0.026130
0.026146
0.026160
0.026174
0.026187
0.026200
0.026213
0.026226
0.026239
0.025482
0.025710
0.025728
0.025743
0.025756
0.025769
0.025783
0.025796
0.025809
0.025821
0.025835
0.025961
0.026191
0.026208
0.026223
0.026237
0.026250
0.026263
0.026277
0.026290
0.026302
0.026315
0.027375
0.027592
0.027609
0.027622
0.027646
0.027659
0.027673
0.027686
0.027699
0.027712
0.027725
0.055151
0.055405
0.055442
0.055457
0.055471
0.055484
0.055498
0.055511
0.055523
0.055536
0.055549
0.027213
0.027444
0.027462
0.027477
0.027490
0.027504
0.027517
0.027530
0.027543
0.027556
0.027569
0.026956
0.027183
0.027200
0.027214
0.027228
0.027241
0.027254
0.027267
0.027280
0.027292
0.027305
0.026937
0.027158
0.027174
0.027197
0.027211
0.027224
0.027238
0.027251
0.027264
0.027277
0.027290
0.027461
0.027693
0.027711
0.027725
0.027744
0.027758
0.027771
0.027785
0.027798
0.027811
0.027824
0.027595
0.027812
0.027838
0.027853
0.027867
0.027880
0.027894
0.027907
0.027919
0.027932
0.027946
0.026339
0.026556
0.026585
0.026599
0.026613
0.026627
0.026640
0.026653
0.026665
0.026678
0.026691
0.026482
0.026724
0.026753
0.026780
0.026806
0.026829
0.026855
0.026879
0.026904
0.026928
0.026952
0.026065
0.026288
0.026325
0.026353
0.026377
0.026402
0.026426
0.026450
0.026474
0.026497
0.026522
0.026777
0.027016
0.027046
0.027075
0.027099
0.027124
0.027149
0.027174
0.027198
0.027222
0.027246
0.052547
0.052787
0.052819
0.052846
0.052873
0.052898
0.052924
0.052948
0.052971
0.052995
0.053019
0.027516
0.027744
0.027762
0.027776
0.027790
0.027804
0.027818
0.027832
0.027845
0.027858
0.027872
0.027890
0.028131
0.028164
0.028189
0.028215
0.028239
0.028264
0.028288
0.028311
0.028336
0.028360
0.026369
0.026600
0.026624
0.026648
0.026673
0.026697
0.026721
0.026746
0.026770
0.026793
0.026817
0.026074
0.026307
0.026331
0.026356
0.026379
0.026404
0.026429
0.026453
0.026477
0.026501
0.026524
0.026324
0.026548
0.026571
0.026601
0.026625
0.026650
0.026674
0.026698
0.026722
0.026747
0.026770
0.033370
0.033628
0.033648
0.033675
0.033693
0.033716
0.033735
0.033752
0.033769
0.033787
0.033804
0.030075
0.030306
0.030324
0.030339
0.030353
0.030367
0.030380
0.030393
0.030406
0.030419
0.030432
0.026302
0.026532
0.026549
0.026563
0.026577
0.026590
0.026603
0.026616
0.026629
0.026642
0.026654
0.025545
0.025774
0.025792
0.025807
0.025821
0.025834
0.025848
0.025861
0.025874
0.025887
0.025900
0.053201
0.053419
0.053446
0.053460
0.053473
0.053487
0.053499
0.053512
0.053525
0.053538
0.053550
0.028720
0.028948
0.028968
0.028982
0.028996
0.029010
0.029023
0.029036
0.029049
0.029062
0.029075
0.026925
0.027159
0.027179
0.027196
0.027212
0.027228
0.027243
0.027259
0.027274
0.027290
0.027305
0.026907
0.027132
0.027151
0.027167
0.027193
0.027209
0.027225
0.027240
0.027256
0.027271
0.027287
0.027093
0.027314
0.027333
0.027359
0.027377
0.027392
0.027409
0.027424
0.027440
0.027455
0.027471
0.026797
0.027022
0.027051
0.027067
0.027083
0.027099
0.027115
0.027131
0.027148
0.027161
0.027174
0.026939
0.027157
0.027183
0.027198
0.027211
0.027224
0.027237
0.027251
0.027263
0.027277
0.027293
0.032715
0.032970
0.032989
0.033017
0.033036
0.033053
0.033071
0.033089
0.033107
0.033124
0.033142
0.034201
0.034455
0.034474
0.034501
0.034521
0.034539
0.034557
0.034575
0.034593
0.034612
0.034630
0.029567
0.029798
0.029816
0.029830
0.029844
0.029857
0.029870
0.029883
0.029896
0.029909
0.029922
0.053574
0.053801
0.053818
0.053833
0.053847
0.053860
0.053873
0.053887
0.053900
0.053913
0.053926
0.026377
0.026594
0.026611
0.026624
0.026647
0.026660
0.026673
0.026686
0.026700
0.026712
0.026725
0.026193
0.026418
0.026436
0.026450
0.026463
0.026476
0.026490
0.026503
0.026516
0.026529
0.026542
0.025553
0.025782
0.025800
0.025815
0.025828
0.025841
0.025855
0.025868
0.025881
0.025894
0.025907
0.025693
0.025927
0.025945
0.025959
0.025973
0.025986
0.026000
0.026013
0.026026
0.026039
0.026052
0.025702
0.025934
0.025952
0.025966
0.025980
0.025993
0.026006
0.026020
0.026040
0.026053
0.026066
0.025489
0.025720
0.025738
0.025752
0.025766
0.025780
0.025793
0.025806
0.025820
0.025833
0.025846
0.025639
0.025872
0.025890
0.025904
0.025918
0.025931
0.025944
0.025958
0.025971
0.025984
0.025997
0.025646
0.025868
0.025895
0.025910
0.025924
0.025937
0.025950
0.025963
0.025977
0.025990
0.026003
0.025539
0.025768
0.025784
0.025799
0.025813
0.025826
0.025839
0.025853
0.025866
0.025878
0.025892
0.050713
0.050942
0.050967
0.050993
0.051012
0.051028
0.051045
0.051060
0.051076
0.051092
0.051108
0.025887
0.026112
0.026142
0.026160
0.026177
0.026193
0.026209
0.026224
0.026240
0.026255
0.026271
0.026160
0.026388
0.026406
0.026420
0.026433
0.026447
0.026460
0.026473
0.026493
0.026506
0.026519
0.026575
0.026794
0.026821
0.026834
0.026848
0.026862
0.026875
0.026888
0.026901
0.026914
0.026927
0.025493
0.025723
0.025740
0.025755
0.025769
0.025782
0.025795
0.025808
0.025821
0.025834
0.025847
0.025436
0.025661
0.025679
0.025693
0.025707
0.025721
0.025734
0.025747
0.025760
0.025773
0.025786
0.025601
0.025830
0.025848
0.025862
0.025875
0.025889
0.025902
0.025915
0.025928
0.025941
0.025954
0.025633
0.025849
0.025866
0.025890
0.025904
0.025917
0.025930
0.025943
0.025956
0.025970
0.025984
0.025802
0.026030
0.026046
0.026060
0.026073
0.026086
0.026099
0.026112
0.026124
0.026137
0.026150
0.025750
0.025982
0.026000
0.026014
0.026027
0.026041
0.026054
0.026067
0.026081
0.026095
0.026108
0.050977
0.051203
0.051221
0.051235
0.051248
0.051261
0.051274
0.051287
0.051300
0.051312
0.051325
0.026667
0.026897
0.026914
0.026929
0.026942
0.026956
0.026970
0.026983
0.026997
0.027010
0.027023
0.026838
0.027063
0.027081
0.027095
0.027109
0.027122
0.027135
0.027148
0.027162
0.027175
0.027188
0.026080
0.026306
0.026323
0.026337
0.026351
0.026364
0.026378
0.026391
0.026404
0.026417
0.026430
0.026486
0.026704
0.026735
0.026769
0.026792
0.026819
0.026838
0.026857
0.026871
0.026888
0.026906
0.026520
0.026762
0.026795
0.026812
0.026826
0.026839
0.026853
0.026866
0.026880
0.026893
0.026906
0.026447
0.026665
0.026692
0.026706
0.026720
0.026733
0.026746
0.026759
0.026772
0.026786
0.026798
0.025625
0.025846
0.025872
0.025887
0.025900
0.025914
0.025927
0.025940
0.025953
0.025966
0.025979
0.025483
0.025711
0.025747
0.025772
0.025796
0.025821
0.025845
0.025868
0.025893
0.025917
0.025941
0.025379
0.025616
0.025645
0.025672
0.025697
0.025721
0.025746
0.025770
0.025793
0.025817
0.025842
0.052234
0.052467
0.052495
0.052520
0.052546
0.052569
0.052593
0.052617
0.052641
0.052665
0.052689
0.026820
0.027050
0.027068
0.027082
0.027096
0.027110
0.027123
0.027136
0.027149
0.027162
0.027174
0.027329
0.027563
0.027580
0.027595
0.027608
0.027622
0.027635
0.027648
0.027661
0.027673
0.027687
0.025946
0.026191
0.026208
0.026222
0.026236
0.026249
0.026262
0.026275
0.026289
0.026302
0.026314
0.025737
0.025969
0.025987
0.026001
0.026014
0.026027
0.026041
0.026054
0.026067
0.026080
0.026093
0.025734
0.025955
0.025982
0.025997
0.026011
0.026024
0.026038
0.026051
0.026064
0.026077
0.026090
0.025844
0.026072
0.026090
0.026104
0.026118
0.026131
0.026144
0.026165
0.026198
0.026222
0.026239
0.025895
0.026132
0.026149
0.026164
0.026178
0.026191
0.026204
0.026217
0.026230
0.026243
0.026256
0.025724
0.025949
0.025975
0.025989
0.026003
0.026016
0.026029
0.026042
0.026056
0.026069
0.026082
0.026170
0.026391
0.026418
0.026432
0.026446
0.026459
0.026472
0.026486
0.026499
0.026512
0.026525
0.052119
0.052336
0.052361
0.052376
0.052389
0.052402
0.052416
0.052429
0.052442
0.052455
0.052468
0.026617
0.026845
0.026863
0.026877
0.026891
0.026904
0.026917
0.026930
0.026943
0.026957
0.026970
0.025901
0.026133
0.026151
0.026166
0.026179
0.026193
0.026206
0.026220
0.026233
0.026247
0.026260
0.025872
0.026102
0.026119
0.026134
0.026147
0.026160
0.026173
0.026187
0.026200
0.026213
0.026226
0.030128
0.030387
0.030408
0.030427
0.030444
0.030461
0.030479
0.030496
0.030513
0.030530
0.030547
0.027789
0.028009
0.028035
0.028049
0.028063
0.028076
0.028089
0.028102
0.028115
0.028128
0.028141
0.027067
0.027297
0.027314
0.027328
0.027342
0.027356
0.027369
0.027383
0.027395
0.027408
0.027421
0.025731
0.025960
0.025982
0.025997
0.026011
0.026025
0.026038
0.026051
0.026064
0.026077
0.026090
0.025802
0.026029
0.026047
0.026061
0.026075
0.026091
0.026105
0.026118
0.026131
0.026144
0.026157
0.025971
0.026201
0.026218
0.026233
0.026247
0.026260
0.026274
0.026287
0.026300
0.026313
0.026326
0.054281
0.054539
0.054560
0.054579
0.054597
0.054614
0.054632
0.054649
0.054667
0.054684
0.054701
0.026202
0.026437
0.026456
0.026470
0.026484
0.026498
0.026511
0.026525
0.026538
0.026551
0.026565
0.026367
0.026598
0.026616
0.026631
0.026644
0.026658
0.026671
0.026685
0.026698
0.026712
0.026725
0.026480
0.026707
0.026726
0.026740
0.026753
0.026766
0.026780
0.026793
0.026806
0.026819
0.026832
0.026547
0.026782
0.026800
0.026814
0.026827
0.026841
0.026854
0.026867
0.026880
0.026893
0.026906
0.025186
0.025411
0.025429
0.025443
0.025457
0.025470
0.025484
0.025497
0.025511
0.025524
0.025537
0.025632
0.025857
0.025875
0.025889
0.025903
0.025916
0.025929
0.025943
0.025955
0.025968
0.025981
0.027783
0.028014
0.028031
0.028045
0.028059
0.028072
0.028085
0.028099
0.028112
0.028125
0.028138
0.030024
0.030243
0.030270
0.030283
0.030297
0.030310
0.030324
0.030336
0.030349
0.030362
0.030375
0.030856
0.031082
0.031109
0.031131
0.031164
0.031189
0.031205
0.031219
0.031233
0.031246
0.031260
0.056618
0.056843
0.056861
0.056875
0.056889
0.056902
0.056915
0.056928
0.056941
0.056954
0.056967
0.030370
0.030595
0.030612
0.030627
0.030662
0.030683
0.030701
0.030715
0.030729
0.030742
0.030755
0.026517
0.026749
0.026767
0.026781
0.026795
0.026808
0.026822
0.026835
0.026848
0.026861
0.026874
0.025122
0.025342
0.025357
0.025371
0.025394
0.025407
0.025420
0.025434
0.025447
0.025460
0.025473
0.025106
0.025350
0.025373
0.025388
0.025402
0.025415
0.025428
0.025441
0.025455
0.025468
0.025481
0.024986
0.025202
0.025228
0.025242
0.025256
0.025269
0.025282
0.025296
0.025309
0.025322
0.025336
0.025647
0.025877
0.025896
0.025910
0.025923
0.025936
