47	516	242	120
56	510	242	120
56	514	244	121
57	519	246	122
57	525	249	123
58	530	251	124
58	535	253	125
59	540	256	127
59	545	258	128
60	550	261	129
60	555	263	130
61	560	265	131
120	453	232	115
125	447	231	114
131	442	230	114
137	437	229	113
143	432	228	113
149	427	227	112
154	422	226	112
160	416	225	111
166	411	224	111
172	406	223	110
178	401	222	110
305	390	242	120
312	384	241	119
325	379	241	119
338	373	241	119
351	368	242	120
364	362	242	120
377	357	242	120
390	351	243	120
403	346	243	120
416	340	243	120
429	334	243	120
385	378	242	120
397	372	242	120
407	369	242	120
417	366	242	120
427	364	242	120
437	361	242	120
447	358	243	120
456	355	243	120
466	352	243	120
476	349	243	120
486	347	243	120
466	355	237	117
475	352	237	117
483	349	236	116
492	347	236	116
500	345	236	116
508	343	236	116
516	341	236	116
524	338	235	116
532	336	235	116
540	334	235	115
549	332	235	115
557	355	228	113
565	352	227	112
573	351	227	112
581	351	226	112
589	350	225	111
597	349	225	111
605	348	224	111
613	347	224	111
622	346	223	110
630	346	222	110
638	345	222	110
637	274	237	117
645	273	236	116
652	268	236	116
660	263	236	116
667	258	237	117
675	254	237	117
683	249	237	117
690	244	237	117
698	240	238	117
705	235	238	117
713	230	238	117
641	228	246	122
648	223	246	122
651	218	246	122
654	214	247	122
658	209	248	123
661	204	248	123
664	200	249	123
667	195	250	124
670	190	250	124
673	186	251	124
677	181	252	125
624	218	237	117
627	213	237	117
627	211	237	117
627	208	237	117
627	206	236	116
627	203	236	116
627	201	236	116
627	199	236	116
627	196	236	116
627	194	235	116
627	192	235	116
623	218	228	113
623	215	227	112
622	214	227	112
622	214	226	112
622	213	225	111
622	212	225	111
621	211	224	111
621	210	223	111
621	210	223	110
621	209	222	110
621	208	222	110
582	218	237	117
581	217	236	116
579	216	236	116
577	216	236	116
574	216	237	116
572	216	237	117
569	216	237	117
567	215	237	117
565	215	237	117
562	215	238	117
560	215	238	117
525	211	241	119
522	210	241	119
518	210	241	119
514	209	241	119
510	209	242	119
505	209	242	119
501	208	243	119
497	208	243	120
493	207	243	120
488	207	244	120
484	206	244	120
479	214	241	119
474	213	241	119
470	213	241	119
466	213	241	119
461	213	241	119
457	213	241	119
453	213	242	119
449	213	242	119
444	213	242	119
440	213	242	119
436	213	242	119
413	215	251	124
408	214	251	124
403	215	251	124
398	215	252	124
392	215	252	124
387	215	253	125
382	215	254	125
376	215	254	125
371	215	255	126
365	215	255	126
360	215	256	126
387	208	241	119
381	208	241	119
378	207	241	119
374	207	241	119
370	207	240	118
367	206	240	118
363	206	240	118
360	205	239	118
356	205	239	118
352	205	239	118
349	204	238	117
350	199	241	119
346	198	240	118
343	197	240	118
339	197	240	118
336	196	240	118
333	196	240	118
329	195	239	118
326	194	239	118
322	194	239	118
319	193	239	118
316	192	239	118
349	204	232	115
345	203	231	114
344	203	231	114
342	203	230	114
341	203	230	114
340	203	229	113
338	203	229	113
337	203	228	113
336	203	227	113
334	203	227	112
333	203	226	112
333	198	223	110
331	198	222	109
330	197	221	109
329	197	220	108
327	197	220	108
326	196	219	108
325	196	218	107
323	196	218	107
322	195	217	107
321	195	216	106
319	195	215	106
311	192	223	110
309	191	222	109
307	191	221	109
306	190	221	109
304	190	221	109
302	189	221	108
301	189	220	108
299	188	220	108
297	188	220	108
295	187	219	108
294	187	219	108
303	189	232	115
301	188	231	114
300	188	232	115
298	187	232	115
297	187	232	115
296	187	233	115
295	186	233	115
294	186	234	116
293	186	234	116
292	185	234	116
291	185	235	116
313	187	241	119
311	186	241	119
311	186	242	119
312	186	242	119
312	185	243	120
312	185	244	120
312	185	244	120
312	185	245	121
312	184	246	121
312	184	246	121
313	184	247	122
312	180	232	115
312	179	232	115
312	179	232	115
312	178	232	115
312	178	232	115
312	177	231	114
312	177	231	114
312	176	231	114
312	176	231	114
312	175	231	114
312	175	230	114
298	172	241	119
298	171	240	118
297	170	241	119
296	170	241	119
295	169	241	119
295	168	242	119
294	168	242	119
293	167	242	119
292	167	243	120
292	166	243	120
291	165	244	120
303	173	251	124
302	172	251	124
302	172	252	124
302	171	252	124
302	171	253	125
301	171	254	125
301	171	255	125
301	171	255	126
301	170	256	126
301	170	257	127
301	170	257	127
293	164	246	122
292	163	246	122
292	163	246	122
291	162	246	122
291	162	246	122
290	161	246	122
290	161	246	122
289	160	246	122
289	159	246	122
288	159	246	122
288	158	246	122
309	167	251	124
308	166	251	124
309	166	251	124
309	166	251	124
310	166	251	124
311	166	252	124
311	166	252	124
312	166	252	124
313	165	252	124
313	165	253	124
314	165	253	125
314	154	241	119
314	153	241	119
315	153	240	118
315	152	240	118
316	151	239	118
317	151	239	118
317	150	239	117
318	149	238	117
318	148	238	117
319	148	237	117
320	147	237	117
322	159	232	115
322	158	231	114
323	158	230	114
323	158	230	114
324	158	229	113
325	158	228	113
325	158	227	113
326	158	227	112
327	157	226	112
327	157	225	112
328	157	225	111
325	155	237	117
325	154	236	116
326	154	236	116
326	154	236	116
326	154	236	116
327	154	236	116
327	153	236	116
328	153	236	116
328	153	236	116
329	153	236	116
329	153	236	116
324	157	228	113
324	156	227	112
324	156	227	112
324	156	227	112
324	156	226	112
324	156	226	112
324	156	225	111
325	156	225	111
325	156	224	111
325	156	224	111
325	157	223	111
323	150	223	110
323	150	222	109
323	149	222	109
323	149	221	109
322	148	221	109
322	148	220	108
322	148	220	108
322	147	219	108
322	147	219	107
322	147	218	107
322	146	218	107
313	156	232	115
312	155	231	114
312	155	231	114
311	155	232	115
311	156	232	115
310	156	232	115
310	156	233	115
309	156	233	115
308	156	233	115
308	156	233	116
307	157	234	116
347	160	228	113
346	160	228	113
348	160	228	113
349	160	228	113
351	161	228	113
352	161	228	113
354	161	228	113
356	162	227	113
357	162	227	113
359	162	227	113
361	163	227	113
310	135	219	108
311	135	218	107
310	134	218	107
309	132	217	107
307	131	217	107
306	130	216	106
305	129	216	106
303	127	215	106
302	126	215	105
301	125	214	105
300	124	214	105
247	105	210	104
245	103	209	103
241	101	208	103
237	99	207	102
233	97	207	102
229	94	206	102
224	92	205	101
220	90	205	101
216	88	204	101
212	85	203	100
208	83	202	100
184	89	219	108
179	86	218	107
174	84	218	107
169	83	218	107
164	81	218	107
158	79	219	107
153	77	219	108
148	75	219	108
142	74	219	108
137	72	219	108
132	70	220	108
133	61	210	104
127	59	210	104
122	56	209	103
117	54	209	103
112	52	209	103
107	50	208	103
102	47	208	103
98	45	207	103
93	43	207	102
88	41	207	102
83	39	206	102
57	23	202	100
52	20	201	99
45	17	201	99
39	14	200	99
33	11	199	98
27	8	199	98
21	5	198	98
15	2	197	98
9	0	197	97
3	-3	196	97
-3	-6	196	97
57	27	206	102
50	23	205	101
48	22	205	101
45	21	205	101
43	21	205	101
41	20	205	101
38	19	205	101
36	18	205	101
33	17	205	101
31	16	205	101
28	15	205	101
10	12	210	104
7	11	209	103
4	9	210	104
0	8	210	104
-2	7	210	104
-5	6	210	104
-9	5	211	104
-12	4	211	104
-15	3	211	104
-19	2	211	104
-22	1	212	105
25	-30	202	100
21	-31	202	100
21	-33	201	99
20	-36	201	99
20	-39	201	99
19	-42	200	99
18	-44	200	99
18	-47	200	99
17	-50	199	98
17	-53	199	98
16	-56	199	98
19	8	194	96
18	5	193	95
18	6	193	95
17	7	192	95
17	8	191	94
16	8	191	94
16	9	190	94
16	10	190	94
15	11	189	93
15	12	188	93
15	13	188	93
-20	-30	198	98
-20	-29	197	97
-22	-30	197	97
-24	-32	197	97
-27	-33	197	97
-29	-35	197	97
-31	-36	197	97
-34	-38	197	97
-36	-39	197	97
-38	-41	197	97
-41	-42	197	97
-18	-14	194	96
-20	-15	193	95
-21	-15	193	95
-22	-15	193	95
-22	-15	193	95
-23	-14	193	95
-24	-14	192	95
-25	-14	192	95
-26	-14	192	95
-27	-14	192	95
-28	-14	192	95
63	1	187	92
62	1	186	91
66	2	186	91
70	3	185	91
74	4	185	91
78	5	184	90
83	6	184	90
87	7	183	90
91	8	183	90
95	9	182	89
100	10	182	89
139	14	179	89
143	14	178	88
149	16	177	88
155	17	177	88
161	18	176	87
167	19	175	87
173	20	175	87
180	21	174	87
186	23	174	86
192	24	173	86
198	25	172	86
72	52	176	87
78	53	175	86
77	55	174	86
75	58	174	86
74	60	174	86
73	63	173	85
72	65	173	85
70	68	172	85
69	71	172	85
68	73	171	84
67	76	171	84
-17	36	172	85
-18	38	171	84
-23	38	171	84
-29	38	170	84
-35	39	170	84
-41	39	170	84
-47	39	169	83
-53	39	169	83
-58	39	168	83
-64	40	168	83
-70	40	168	83
-125	90	172	85
-130	90	171	84
-139	93	171	84
-147	96	171	84
-156	98	171	84
-164	101	171	84
-173	104	170	84
-181	107	170	84
-190	110	170	84
-198	113	170	84
-207	116	170	84
-129	132	166	82
-137	134	165	81
-141	138	165	81
-144	142	165	81
-148	145	164	81
-152	149	164	81
-156	153	163	80
-159	156	163	80
-163	160	163	80
-167	163	162	80
-170	167	162	80
-135	185	169	84
-138	188	168	83
-140	193	168	83
-141	197	168	83
-143	201	168	83
-144	206	168	83
-146	210	168	83
-147	214	168	83
-149	219	168	84
-150	223	168	84
-152	228	168	84
-140	208	176	87
-141	212	176	87
-142	215	176	87
-142	218	176	87
-143	221	177	87
-144	224	177	87
-145	227	178	87
-145	230	178	88
-146	233	178	88
-147	236	179	88
-148	239	179	88
-140	181	176	87
-140	184	176	87
-140	183	176	87
-141	183	176	87
-141	182	176	87
-141	182	177	87
-141	182	177	87
-142	181	177	87
-142	181	177	87
-142	180	177	87
-142	180	178	87
-146	145	183	90
-146	144	183	90
-146	142	183	90
-147	139	184	90
-147	137	184	90
-147	135	184	90
-148	132	185	91
-148	130	185	91
-149	128	186	91
-149	125	186	91
-149	123	187	91
-140	131	176	87
-140	128	176	87
-140	126	176	87
-140	125	176	87
-139	123	175	86
-139	121	175	86
-139	119	175	86
-139	117	175	86
-139	116	175	86
-139	114	174	86
-138	112	174	86
-137	103	172	85
-136	101	171	84
-136	98	171	84
-136	96	171	84
-136	94	170	84
-135	92	170	84
-135	90	170	84
-135	87	169	83
-134	85	169	83
-134	83	169	83
-134	81	168	83
-137	101	172	85
-136	98	171	84
-136	97	171	84
-136	96	171	84
-136	95	171	84
-136	94	171	84
-136	93	170	84
-136	92	170	84
-135	91	170	84
-135	90	170	84
-135	89	170	84
-41	174	176	87
-40	172	175	86
-35	176	176	87
-30	180	176	87
-24	184	176	87
-19	187	176	87
-14	191	176	87
-8	195	176	87
-3	199	177	87
1	202	177	87
7	206	177	87
-38	180	169	84
-32	183	169	84
-30	185	168	83
-27	187	168	83
-24	189	168	83
-22	191	167	83
-19	193	167	83
-17	196	167	83
-14	198	167	83
-12	200	166	83
-9	202	166	82
-55	208	172	85
-52	210	171	84
-52	212	171	84
-52	214	171	84
-52	216	171	84
-52	219	171	84
-52	221	171	84
-53	223	171	84
-53	225	171	84
-53	228	171	84
-53	230	171	84
-99	189	179	89
-99	191	179	88
-101	191	179	89
-104	190	179	89
-106	190	180	89
-109	190	180	89
-112	190	181	90
-114	190	181	90
-117	190	181	90
-120	189	182	90
-122	189	182	91
-122	180	172	85
-124	179	172	85
-127	179	172	85
-129	178	172	84
-131	177	171	84
-134	177	171	84
-136	176	171	84
-139	175	171	84
-141	174	170	84
-144	174	170	84
-146	173	170	84
-121	202	176	87
-123	201	175	86
-124	202	175	86
-125	203	176	86
-126	204	176	87
-126	204	176	87
-127	205	176	87
-128	206	176	87
-129	207	176	87
-130	208	176	87
-131	209	176	87
-119	213	172	85
-119	213	172	85
-120	214	171	84
-120	216	171	84
-120	217	171	84
-120	218	171	84
-120	219	171	84
-120	220	171	84
-120	221	170	84
-121	222	170	84
-121	223	170	84
-117	207	172	85
-117	208	171	84
-117	208	171	84
-116	208	171	84
-116	208	171	84
-116	208	171	84
-116	208	171	84
-116	208	171	84
-116	208	171	84
-116	208	171	84
-116	208	171	84
-115	195	172	85
-114	195	171	84
-114	194	171	84
-114	193	171	84
-114	193	171	84
-114	192	171	84
-114	191	171	84
-113	190	171	84
-113	190	171	84
-113	189	171	84
-113	188	171	84
-123	168	179	89
-122	167	178	88
-123	165	179	89
-123	163	179	89
-123	161	180	89
-124	160	180	89
-124	158	180	90
-125	156	181	90
-125	154	181	90
-125	152	182	90
-126	151	182	90
-113	171	187	92
-113	169	187	92
-113	168	187	92
-112	167	188	92
-112	167	189	93
-111	166	189	93
-111	166	190	93
-111	165	191	93
-110	164	191	94
-110	164	192	94
-109	163	192	94
-72	170	183	90
-71	169	183	90
-69	169	183	90
-66	168	183	90
-64	168	183	90
-61	168	183	90
-59	168	183	90
-56	168	183	90
-54	167	183	90
-51	167	183	90
-49	167	183	90
-46	135	190	94
-43	134	190	93
-41	132	190	94
-38	130	190	94
-35	128	191	94
-33	126	191	94
-30	124	191	95
-28	122	192	95
-25	120	192	95
-23	118	192	95
-20	116	193	95
-52	124	187	92
-49	121	187	92
-48	120	187	92
-48	119	187	92
-47	117	187	92
-46	116	187	92
-46	114	187	92
-45	113	187	92
-44	111	187	92
-44	110	187	92
-43	108	187	92
-111	79	187	92
-110	77	186	91
-113	74	186	91
-116	71	186	91
-119	68	186	91
-122	65	186	91
-125	62	186	91
-129	59	186	91
-132	56	186	91
-135	53	186	91
-138	50	186	91
-125	99	190	94
-128	95	189	93
-130	95	190	94
-132	95	190	94
-134	95	190	94
-136	95	190	94
-139	95	190	94
-141	94	190	94
-143	94	191	94
-145	94	191	94
-147	94	191	94
-139	77	187	92
-141	76	187	92
-142	75	187	92
-144	74	186	91
-145	73	186	91
-147	72	186	91
-149	71	186	91
-150	70	186	91
-152	68	186	91
-153	67	186	91
-155	66	186	91
-140	91	183	90
-141	89	182	89
-142	90	182	89
-142	90	182	89
-143	90	182	89
-144	91	181	89
-144	91	181	89
-145	91	181	89
-146	91	180	88
-146	92	180	88
-147	92	180	88
-129	80	190	94
-129	80	189	93
-129	79	189	94
-128	79	190	94
-128	79	190	94
-127	78	190	94
-127	78	191	94
-127	77	191	94
-126	77	191	94
-126	76	191	95
-125	76	192	95
-143	66	194	96
-142	65	194	96
-143	64	194	96
-143	63	194	96
-144	62	195	96
-144	61	195	96
-145	60	196	97
-145	59	196	97
-146	58	196	97
-147	57	197	97
-147	56	197	97
-113	-4	202	100
-113	-4	202	100
-112	-9	202	100
-110	-13	203	100
-109	-17	204	101
-107	-22	204	101
-106	-26	205	101
-105	-30	205	101
-103	-35	206	102
-102	-39	207	102
-101	-43	207	102
-127	74	194	96
-125	69	194	96
-125	72	194	96
-125	74	194	96
-125	77	193	96
-126	79	193	95
-126	81	193	95
-126	84	193	95
-126	86	193	95
-126	89	192	95
-126	91	192	95
-153	67	202	100
-153	69	201	99
-154	70	202	100
-156	71	202	100
-157	72	202	100
-159	73	203	100
-160	74	203	100
-162	75	203	100
-164	76	204	101
-165	77	204	101
-167	78	204	101
-140	72	202	100
-141	72	202	100
-141	73	202	100
-141	74	202	100
-141	74	202	100
-141	75	202	100
-141	75	203	100
-141	76	203	100
-141	76	203	100
-141	77	203	100
-141	78	203	100
-141	42	194	96
-140	42	194	96
-140	41	193	95
-140	39	193	95
-140	38	192	95
-140	36	192	95
-140	35	192	95
-140	33	191	94
-140	32	191	94
-140	30	191	94
-140	29	190	94
-128	18	187	92
-127	16	186	91
-127	14	186	91
-126	12	185	91
-125	10	184	90
-125	8	184	90
-124	6	183	90
-123	4	183	89
-122	2	182	89
-122	0	182	89
-121	-1	181	88
-120	10	179	89
-119	7	178	88
-118	6	177	88
-117	5	177	88
-116	4	176	87
-116	2	175	87
-115	1	175	87
-114	0	174	86
-113	0	173	86
-113	-2	173	86
-112	-3	172	86
-128	-9	187	92
-127	-10	186	91
-127	-11	186	91
-127	-13	186	91
-127	-14	186	91
-127	-16	187	91
-127	-17	187	91
-128	-19	187	92
-128	-20	187	92
-128	-22	187	92
-128	-23	187	92
-120	-14	194	96
-120	-15	194	96
-119	-16	194	96
-119	-17	195	96
-119	-18	195	96
-118	-19	196	97
-118	-19	196	97
-118	-20	197	97
-117	-21	197	97
-117	-22	198	98
-117	-23	198	98
-150	-5	190	94
-149	-5	190	94
-151	-5	190	94
-152	-5	190	94
-154	-5	190	94
-155	-5	190	94
-157	-4	190	94
-158	-4	190	94
-160	-4	190	94
-161	-4	190	94
-163	-4	190	94
-156	2	198	98
-157	2	197	98
-158	2	198	98
-159	3	198	98
-160	3	199	98
-161	4	199	98
-162	4	200	99
-163	5	200	99
-164	5	200	99
-165	6	201	99
-166	6	201	99
-131	-22	190	94
-132	-21	190	94
-131	-22	190	94
-130	-23	189	93
-128	-24	189	93
-127	-25	189	93
-126	-27	189	93
-125	-28	188	93
-124	-29	188	93
-123	-30	188	93
-122	-31	188	93
-124	-22	198	98
-122	-23	197	97
-122	-23	198	98
-121	-24	198	98
-120	-24	198	98
-119	-25	198	98
-118	-25	199	98
-117	-26	199	98
-116	-26	199	98
-115	-27	200	99
-114	-27	200	99
-152	-17	190	94
-151	-17	190	94
-152	-17	190	94
-153	-17	189	93
-154	-17	189	93
-155	-17	189	93
-157	-16	188	93
-158	-16	188	93
-159	-16	188	93
-160	-16	187	92
-161	-16	187	92
-122	-15	190	94
-123	-14	189	93
-122	-14	189	93
-121	-14	189	93
-120	-14	189	93
-118	-14	189	93
-117	-13	188	93
-116	-13	188	93
-115	-13	188	93
-114	-13	188	93
-113	-13	188	93
-129	9	198	98
-127	9	197	97
-127	10	198	98
-127	11	198	98
-127	13	199	98
-127	14	199	98
-127	16	199	98
-126	17	200	99
-126	19	200	99
-126	20	201	99
-126	21	201	99
-135	26	190	94
-134	27	190	94
-135	28	190	94
-135	30	189	93
-135	32	189	93
-136	33	189	93
-136	35	189	93
-136	36	188	93
-137	38	188	93
-137	39	188	93
-137	41	188	93
-145	48	194	96
-145	49	193	95
-146	51	193	95
-146	53	193	95
-147	55	193	95
-148	56	194	96
-148	58	194	96
-149	60	194	96
-150	62	194	96
-150	64	194	96
-151	66	194	96
-148	59	202	100
-148	60	202	100
-149	62	202	100
-149	63	203	100
-150	64	203	100
-150	66	204	101
-151	67	204	101
-151	68	205	101
-151	70	205	101
-152	71	206	102
-152	72	206	102
-152	76	194	96
-152	77	194	96
-152	78	194	96
-153	80	194	96
-153	81	193	95
-154	83	193	95
-154	84	193	95
-154	85	193	95
-155	87	192	95
-155	88	192	95
-155	90	192	95
-158	60	198	98
-158	61	197	97
-158	61	197	97
-159	60	197	97
-159	60	198	98
-160	60	198	98
-160	59	198	98
-161	59	198	98
-161	59	198	98
-162	58	198	98
-162	58	198	98
-143	72	198	98
-143	71	198	98
-142	72	198	98
-142	72	198	98
-141	72	198	98
-140	73	198	98
-140	73	198	98
-139	74	198	98
-139	74	198	98
-138	75	198	98
-137	75	198	98
-150	102	206	102
-149	102	206	102
-149	104	206	102
-149	106	206	102
-149	108	207	102
-149	109	207	102
-149	111	208	103
-149	113	208	103
-149	115	209	103
-149	117	209	103
-150	119	210	104
-155	146	210	104
-155	147	210	104
-155	151	210	104
-155	154	211	104
-156	157	211	104
-156	160	212	105
-156	164	212	105
-157	167	213	105
-157	170	213	105
-157	173	213	105
-158	177	214	106
-161	159	210	104
-161	162	210	104
-161	164	210	104
-162	166	210	104
-162	168	210	104
-163	170	211	104
-163	172	211	104
-164	174	211	104
-164	176	211	104
-165	178	211	104
-165	180	211	104
-160	169	210	104
-160	171	210	104
-160	172	210	104
-160	173	210	104
-160	174	210	104
-161	176	210	104
-161	177	210	104
-161	178	210	104
-161	180	210	104
-161	181	210	104
-161	182	210	104
-143	172	202	100
-143	173	202	100
-142	173	201	99
-141	174	201	99
-140	175	200	99
-139	175	200	99
-138	176	199	98
-137	177	199	98
-136	177	199	98
-135	178	198	98
-134	178	198	98
-152	171	194	96
-151	171	193	95
-151	171	192	95
-151	171	192	95
-151	172	191	94
-151	172	191	94
-151	172	190	94
-151	172	189	93
-151	172	189	93
-151	172	188	93
-151	172	187	92
-138	169	187	92
-138	169	186	91
-137	169	185	91
-136	168	185	90
-136	168	184	90
-135	168	183	90
-134	168	183	89
-133	168	182	89
-133	168	181	89
-132	168	181	88
-131	168	180	88
-142	157	194	96
-141	156	193	95
-141	156	193	95
-141	155	193	95
-141	154	193	95
-140	154	193	95
-140	153	194	96
-140	152	194	96
-140	151	194	96
-140	151	194	96
-140	150	194	96
-142	154	194	96
-141	153	194	96
-141	152	194	96
-141	152	194	96
-141	151	194	96
-141	151	194	96
-141	150	194	96
-141	150	194	96
-141	149	194	96
-141	149	194	96
-141	148	195	96
-154	160	202	100
-153	159	202	100
-154	159	202	100
-155	159	203	100
-156	159	203	100
-156	160	204	101
-157	160	204	101
-158	160	204	101
-158	160	205	101
-159	160	205	101
-160	160	206	102
-143	150	194	96
-143	150	194	96
-143	149	194	96
-143	149	194	96
-142	148	193	95
-142	148	193	95
-142	147	193	95
-141	147	193	95
-141	146	192	95
-141	146	192	95
-140	146	192	95
-150	100	202	100
-149	99	201	99
-149	96	202	100
-150	93	202	100
-150	90	202	100
-150	87	203	100
-150	84	203	100
-150	81	203	100
-151	78	203	100
-151	75	204	101
-151	72	204	101
-154	58	210	104
-154	55	210	104
-154	51	210	104
-154	47	211	104
-155	44	212	105
-155	40	212	105
-155	36	213	105
-156	33	213	105
-156	29	214	106
-156	25	215	106
-157	22	215	106
-160	59	206	102
-160	55	206	102
-160	53	206	102
-161	52	206	102
-161	51	206	102
-162	49	206	102
-162	48	206	102
-163	46	206	102
-163	45	206	102
-164	44	206	102
-164	42	206	102
-144	55	210	104
-144	53	210	104
-143	52	210	104
-143	52	210	104
-142	51	210	104
-141	51	210	104
-140	50	211	104
-140	49	211	104
-139	49	211	104
-138	48	211	104
-138	47	211	104
-161	47	219	108
-160	46	219	108
-160	45	219	108
-161	45	220	108
-162	44	220	108
-162	43	221	109
-163	43	222	109
-163	42	222	109
-164	41	223	109
-165	41	223	110
-165	40	224	110
-155	25	210	104
-155	24	210	104
-155	22	210	104
-155	21	210	104
-155	19	209	103
-155	18	209	103
-155	16	209	103
-155	15	209	103
-155	14	208	103
-155	12	208	103
-155	11	208	103
-147	25	219	108
-146	23	218	107
-146	22	219	108
-146	22	219	108
-145	21	219	108
-145	21	220	108
-144	20	220	108
-144	19	220	108
-143	19	221	108
-143	18	221	109
-142	17	221	109
-153	17	219	108
-152	16	219	108
-152	15	219	108
-152	15	219	108
-152	14	219	108
-152	13	220	108
-153	13	220	108
-153	12	220	108
-153	11	220	108
-153	11	220	108
-153	10	220	108
-147	53	223	110
-147	52	223	110
-146	54	223	110
-146	55	223	110
-146	57	224	110
-146	59	224	110
-145	61	224	110
-145	62	224	110
-145	64	225	111
-145	66	225	111
-144	68	225	111
-160	7	232	115
-159	8	232	115
-160	7	232	115
-160	5	233	115
-161	3	234	116
-162	1	234	116
-162	0	235	116
-163	-1	235	117
-163	-3	236	117
-164	-5	237	117
-165	-6	237	118
-163	3	237	117
-163	1	237	117
-164	0	238	117
-164	0	238	117
-164	-2	239	118
-165	-3	239	118
-165	-4	240	118
-166	-5	240	118
-166	-6	241	119
-167	-7	241	119
-167	-8	242	119
-177	-4	246	122
-177	-5	246	122
-178	-5	247	122
-179	-6	247	122
-180	-7	248	123
-181	-8	249	123
-182	-8	250	124
-183	-9	250	124
-184	-10	251	124
-184	-11	252	125
-185	-12	252	125
-169	-2	237	117
-169	-2	237	117
-169	-2	237	117
-169	-3	237	117
-169	-3	237	116
-169	-3	236	116
-169	-3	236	116
-169	-3	236	116
-169	-4	236	116
-169	-4	235	116
-169	-4	235	116
-169	-14	237	117
-168	-14	236	116
-168	-14	236	116
-168	-15	236	116
-168	-16	236	116
-168	-16	236	116
-168	-17	236	116
-168	-18	235	116
-168	-19	235	116
-168	-19	235	116
-168	-20	235	116
-166	-11	237	117
-165	-11	236	116
-165	-11	236	116
-165	-11	236	116
-165	-12	236	116
-165	-12	236	116
-164	-12	236	116
-164	-12	236	116
-164	-12	236	116
-164	-12	236	116
-164	-12	236	116
-175	-10	232	115
-174	-10	231	114
-175	-10	231	114
-175	-10	231	114
-176	-10	231	114
-176	-10	230	114
-176	-9	230	114
-177	-9	230	114
-177	-9	229	114
-178	-9	229	114
-178	-9	229	113
-181	-11	237	117
-181	-10	236	116
-181	-10	236	116
-182	-11	237	116
-183	-11	237	117
-183	-11	237	117
-184	-11	237	117
-184	-11	237	117
-185	-11	237	117
-185	-11	237	117
-186	-11	238	117
-182	-4	246	122
-182	-4	246	122
-182	-3	246	122
-183	-3	247	122
-183	-2	247	122
-183	-2	248	123
-183	-2	249	123
-184	-1	249	123
-184	-1	250	124
-184	-1	250	124
-184	0	251	124
-184	5	256	127
-184	5	256	127
-184	6	257	127
-184	6	258	128
-184	7	258	128
-185	8	259	128
-185	8	260	129
-185	9	261	129
-185	10	262	130
-185	10	263	130
-186	11	263	131
-190	6	267	132
-190	6	267	132
-190	7	268	132
-191	7	269	133
-191	7	270	133
-191	7	271	134
-192	8	272	134
-192	8	273	135
-193	8	274	135
-193	9	275	135
-193	9	276	136
-202	-6	277	137
-202	-5	277	137
-203	-6	278	137
-204	-6	279	138
-204	-7	280	138
-205	-7	281	139
-206	-8	282	139
-207	-8	283	140
-208	-9	284	140
-209	-10	285	141
-209	-10	286	141
-197	-17	289	143
-197	-17	289	143
-197	-18	290	143
-197	-19	291	144
-198	-20	293	144
-198	-21	294	145
-198	-21	295	145
-198	-22	296	146
-198	-23	297	147
-198	-24	298	147
-198	-25	299	148
-192	-26	294	146
-192	-26	295	146
-191	-27	295	146
-191	-28	296	147
-191	-29	297	147
-190	-30	297	147
-190	-31	298	148
-190	-32	299	148
-190	-32	299	149
-189	-33	300	149
-189	-34	301	149
-190	-26	283	140
-189	-26	283	140
-189	-27	283	140
-189	-27	282	139
-188	-27	282	139
-188	-28	282	139
-188	-28	281	139
-188	-28	281	139
-187	-29	281	138
-187	-29	280	138
-187	-29	280	138
-182	-20	272	135
-181	-20	271	134
-181	-20	270	134
-180	-19	270	134
-180	-19	269	133
-179	-19	268	133
-179	-19	267	132
-178	-18	266	132
-177	-18	265	132
-177	-18	265	131
-176	-18	264	131
-174	-11	261	129
-173	-10	260	128
-172	-10	259	128
-172	-9	258	127
-171	-8	257	127
-170	-8	256	126
-170	-7	255	126
-169	-7	254	125
-168	-6	253	125
-168	-5	252	124
-167	-5	251	124
-200	-3	272	135
-199	-2	271	134
-200	-1	271	134
-201	0	271	134
-202	0	271	134
-204	0	271	135
-205	1	272	135
-206	1	272	135
-207	2	272	135
-208	3	272	135
-209	3	273	135
-200	20	272	135
-201	20	272	135
-201	22	272	135
-202	23	272	135
-202	25	272	135
-203	26	272	135
-203	28	273	135
-204	30	273	135
-205	31	273	135
-205	33	273	135
-206	34	273	135
-195	42	261	129
-195	43	261	129
-195	45	260	128
-195	47	260	128
-195	49	259	128
-195	51	258	127
-195	52	258	127
-195	54	257	127
-194	56	257	126
-194	58	256	126
-194	60	256	126
-186	53	256	127
-185	54	255	126
-185	56	254	126
-184	57	254	126
-184	58	253	125
-183	60	253	125
-183	61	252	125
-182	63	252	125
-181	64	251	124
-181	65	251	124
-180	67	250	124
-188	75	261	129
-187	76	260	128
-187	78	260	128
-187	79	260	128
-187	81	260	128
-186	83	260	128
-186	84	260	128
-186	86	260	128
-186	88	260	128
-186	90	261	128
-186	91	261	128
-185	75	261	129
-184	76	261	129
-184	77	261	129
-184	78	261	129
-184	78	261	129
-184	79	261	129
-183	80	261	129
-183	80	261	129
-183	81	261	129
-183	82	261	129
-183	82	261	129
-191	53	267	132
-190	53	267	132
-191	52	267	132
-191	51	267	132
-191	50	268	132
-191	49	268	132
-192	48	268	132
-192	47	269	133
-192	46	269	133
-192	45	269	133
-193	44	270	133
-207	48	277	137
-207	46	277	137
-208	46	278	137
-209	45	278	137
-210	44	279	138
-211	43	280	138
-212	43	280	138
-213	42	281	139
-214	41	282	139
-215	40	283	140
-216	40	283	140
-196	54	277	137
-197	53	277	137
-196	53	278	137
-196	53	278	137
-196	53	278	137
-196	53	278	137
-196	53	279	138
-195	53	279	138
-195	53	279	138
-195	53	280	138
-195	53	280	138
-200	51	277	137
-199	51	277	137
-199	50	277	137
-199	50	277	137
-200	50	277	137
-200	50	277	137
-200	50	277	137
-200	50	277	137
-200	50	277	137
-200	50	278	137
-200	50	278	137
-199	49	283	140
-199	48	283	140
-199	48	283	140
-199	48	283	140
-199	48	284	140
-199	48	284	140
-199	48	284	140
-199	47	285	141
-199	47	285	141
-199	47	285	141
-199	47	286	141
-200	41	272	135
-199	40	272	135
-200	40	271	134
-200	39	271	134
-200	39	270	134
-200	38	270	134
-200	38	270	134
-200	37	269	133
-200	37	269	133
-200	36	268	133
-200	36	268	133
-182	34	261	129
-182	33	260	128
-181	32	259	128
-180	32	258	127
-179	31	258	127
-178	31	257	127
-177	30	256	126
-176	29	255	126
-175	29	254	125
-174	28	253	125
-173	28	253	124
-176	26	256	127
-175	25	255	126
-174	24	254	126
-173	24	253	125
-172	23	253	125
-171	22	252	125
-171	21	252	125
-170	21	251	124
-169	20	250	124
-168	19	250	124
-168	19	249	123
-174	20	251	124
-173	19	250	123
-172	18	249	123
-172	18	249	123
-172	17	248	122
-171	16	248	122
-171	16	247	122
-170	15	247	122
-170	15	246	121
-170	14	246	121
-169	13	245	121
-178	6	246	122
-177	5	245	121
-177	4	245	121
-177	3	244	121
-177	2	244	121
-177	1	243	120
-178	0	243	120
-178	0	242	120
-178	-1	242	120
-178	-2	241	119
-178	-3	241	119
-189	7	256	127
-189	5	255	126
-189	5	255	126
-190	5	256	127
-191	4	256	127
-191	4	257	127
-192	4	257	127
-193	3	257	127
-193	3	258	128
-194	3	258	128
-195	2	258	128
-189	10	256	127
-189	9	256	127
-189	9	256	127
-190	9	256	127
-190	9	256	127
-190	9	257	127
-191	9	257	127
-191	10	257	127
-191	10	257	127
-192	10	257	127
-192	10	258	128
-192	28	261	129
-192	28	261	129
-192	29	261	129
-192	30	261	129
-193	31	262	129
-193	32	262	129
-193	33	262	129
-193	34	263	129
-194	35	263	130
-194	36	263	130
-194	37	264	130
-189	33	256	127
-189	34	256	127
-189	34	256	127
-189	35	256	127
-189	36	255	126
-188	37	255	126
-188	37	255	126
-188	38	255	126
-188	39	255	126
-188	39	255	126
-188	40	255	126
-191	30	267	132
-190	30	266	131
-190	30	267	132
-191	30	267	132
-191	31	268	132
-191	31	268	132
-191	31	269	133
-191	31	270	133
-191	31	270	133
-191	31	271	133
-191	31	271	134
-189	38	261	129
-189	38	261	129
-188	38	261	129
-188	38	261	129
-188	39	261	129
-188	39	261	129
-188	40	261	128
-188	40	261	128
-188	41	260	128
-188	41	260	128
-188	42	260	128
-178	47	251	124
-177	47	250	123
-177	48	250	123
-176	48	249	123
-175	49	249	123
-175	50	248	122
-174	50	247	122
-174	51	247	122
-173	52	246	121
-172	52	245	121
-172	53	245	121
-184	43	251	124
-183	43	250	123
-183	43	250	123
-183	43	249	123
-183	43	249	123
-183	43	249	123
-183	44	249	122
-183	44	248	122
-183	44	248	122
-183	44	248	122
-183	44	247	122
-192	48	261	129
-192	48	260	128
-192	48	261	129
-193	48	261	129
-193	48	262	129
-194	49	262	129
-194	49	263	130
-195	49	263	130
-195	49	263	130
-196	50	264	130
-196	50	264	130
-195	47	267	132
-195	47	267	132
-195	47	268	132
-196	47	268	132
-196	47	269	133
-197	47	269	133
-197	47	270	133
-197	47	270	133
-198	47	271	134
-198	47	271	134
-198	47	272	134
-186	56	256	127
-186	56	256	127
-186	56	256	127
-185	57	255	126
-185	57	255	126
-184	58	255	126
-184	58	254	126
-184	59	254	126
-183	59	253	126
-183	60	253	125
-183	60	253	125
-196	45	261	129
-195	45	260	128
-196	45	260	128
-196	44	260	128
-196	44	260	128
-197	43	260	128
-197	43	260	128
-197	43	261	128
-198	42	261	128
-198	42	261	129
-199	42	261	129
-199	35	261	129
-199	34	261	129
-199	33	261	129
-200	33	261	129
-200	32	261	129
-200	31	261	129
-201	30	261	129
-201	30	261	129
-201	29	261	129
-202	28	261	129
-202	27	261	129
-190	33	256	127
-190	32	256	127
-189	31	255	126
-189	31	255	126
-189	30	255	126
-188	30	255	126
-188	30	254	126
-188	29	254	126
-187	29	254	126
-187	28	253	126
-187	28	253	126
-196	37	256	127
-195	36	255	126
-195	36	255	126
-195	36	255	126
-196	36	255	126
-196	36	255	126
-196	36	255	126
-196	37	255	126
-196	37	254	126
-196	37	254	126
-196	37	254	126
-202	47	267	132
-202	47	266	131
-202	47	267	132
-202	48	268	132
-203	48	268	132
-203	49	269	132
-204	50	269	133
-204	50	270	133
-205	51	270	133
-205	51	271	134
-205	52	272	134
-195	51	267	132
-195	51	267	132
-195	52	267	132
-195	52	268	132
-194	53	268	132
-194	53	268	132
-194	54	268	132
-194	54	269	132
-193	55	269	133
-193	55	269	133
-193	56	269	133
-201	47	267	132
-200	47	267	132
-201	47	267	132
-201	47	267	132
-201	47	267	132
-201	47	267	132
-201	47	267	132
-202	47	267	132
-202	47	267	132
-202	47	267	132
-202	47	268	132
-198	55	267	132
-198	54	267	132
-198	55	267	132
-198	55	267	132
-198	56	267	132
-197	56	267	132
-197	56	267	132
-197	57	267	132
-197	57	267	132
-197	58	267	132
-197	58	267	132
-205	50	272	135
-204	50	272	135
-205	50	272	135
-205	50	272	135
-205	50	272	135
-206	50	273	135
-206	49	273	135
-207	49	273	136
-207	49	274	136
-207	49	274	136
-208	49	274	136
-213	48	283	140
-213	47	283	140
-213	47	284	140
-214	47	284	140
-215	47	285	141
-215	47	286	141
-216	47	286	141
-216	46	287	142
-217	46	288	142
-218	46	289	142
-218	46	289	143
-214	33	283	140
-214	32	283	140
-214	31	284	140
-215	31	284	140
-215	30	284	140
-215	29	284	140
-216	28	285	141
-216	27	285	141
-216	26	285	141
-217	25	286	141
-217	24	286	141
-207	35	277	137
-207	34	277	137
-207	33	277	137
-206	33	276	136
-206	33	276	136
-206	32	276	136
-205	32	276	136
-205	32	275	136
-205	32	275	136
-205	31	275	136
-204	31	275	136
-213	27	283	140
-212	26	282	139
-212	26	282	139
-213	25	283	140
-213	25	283	140
-213	24	283	140
-213	24	283	140
-213	23	284	140
-214	23	284	140
-214	22	284	140
-214	22	284	140
-216	28	294	146
-216	27	294	146
-216	27	294	146
-216	27	295	146
-216	26	296	147
-217	26	297	147
-217	26	297	148
-217	26	298	148
-218	26	299	148
-218	26	299	149
-218	26	300	149
-216	37	289	143
-216	36	289	143
-216	37	289	143
-216	37	289	143
-216	38	289	143
-216	38	289	143
-216	39	289	143
-216	39	289	143
-217	40	289	143
-217	40	289	143
-217	40	289	143
-217	69	289	143
-217	69	289	142
-217	71	289	142
-217	73	288	142
-217	75	288	142
-217	77	288	142
-217	79	288	142
-217	81	288	142
-217	83	288	142
-217	85	288	142
-217	87	288	142
-207	92	283	140
-207	93	282	139
-206	96	282	139
-206	98	282	139
-205	100	281	139
-205	102	281	139
-204	104	281	139
-203	106	280	138
-203	108	280	138
-202	111	280	138
-202	113	279	138
-201	106	272	135
-200	108	271	134
-199	109	270	134
-199	111	270	134
-198	112	269	133
-198	114	268	133
-197	116	267	133
-197	117	267	132
-196	119	266	132
-195	121	265	131
-195	122	264	131
-192	117	267	132
-191	118	266	131
-190	119	265	131
-189	121	265	131
-189	122	264	130
-188	123	263	130
-187	124	263	130
-187	125	262	129
-186	127	262	129
-185	128	261	129
-184	129	260	128
-180	119	256	127
-179	120	255	126
-178	120	254	126
-177	121	253	125
-176	121	252	125
-175	122	252	125
-174	123	251	124
-173	123	250	124
-172	124	249	123
-171	124	248	123
-170	125	247	123
-189	118	261	129
-188	118	260	128
-188	118	260	128
-188	118	260	128
-188	118	259	128
-188	119	259	128
-188	119	259	128
-188	119	259	128
-188	119	259	128
-188	119	259	128
-189	119	259	128
-195	107	267	132
-195	107	266	131
-195	106	267	132
-195	105	267	132
-196	105	267	132
-196	104	268	132
-197	104	268	132
-197	103	269	132
-198	103	269	133
-198	102	269	133
-199	101	270	133
-197	81	272	135
-197	80	272	135
-197	78	272	135
-198	77	273	135
-198	75	273	135
-198	73	274	136
-198	71	274	136
-199	70	274	136
-199	68	275	136
-199	66	275	137
-200	65	276	137
-204	41	277	137
-204	39	277	137
-204	36	277	137
-205	33	278	137
-205	30	278	137
-206	27	279	138
-206	24	279	138
-207	21	280	138
-207	18	280	138
-208	15	281	138
-208	12	281	139
-217	9	289	143
-217	6	289	143
-218	3	290	143
-219	0	291	144
-220	-2	291	144
-221	-5	292	144
-222	-8	293	145
-223	-11	294	145
-223	-14	295	146
-224	-17	296	146
-225	-20	297	146
-222	-8	300	149
-222	-11	300	149
-223	-13	301	149
-224	-15	302	150
-224	-17	303	150
-225	-19	304	151
-226	-21	305	151
-226	-23	306	152
-227	-25	307	152
-228	-27	308	153
-228	-30	309	153
-209	4	313	155
-209	1	313	155
-209	1	315	156
-208	1	316	156
-208	1	317	157
-207	1	318	157
-207	1	319	158
-206	1	320	158
-206	1	321	159
-205	1	322	159
-205	0	323	160
-224	12	313	155
-223	11	314	155
-224	12	314	155
-224	12	314	155
-225	13	315	156
-225	13	315	156
-226	14	316	156
-227	14	316	156
-227	15	317	157
-228	16	317	157
-228	16	318	157
-217	16	313	155
-217	16	313	155
-217	16	313	155
-217	17	313	155
-217	17	313	155
-217	18	313	155
-217	18	314	155
-216	19	314	155
-216	19	314	155
-216	20	314	155
-216	20	314	155
-219	17	325	161
-218	17	325	161
-218	17	325	161
-218	17	326	161
-218	18	327	162
-219	18	327	162
-219	18	328	162
-219	18	329	163
-219	19	330	163
-219	19	330	163
-219	19	331	164
-243	10	338	168
-243	10	338	168
-244	9	339	168
-245	9	340	169
-247	9	341	169
-248	8	342	170
-249	8	343	171
-251	8	344	171
-252	8	345	172
-253	7	346	172
-255	7	347	173
-250	13	345	171
-251	12	346	171
-252	12	346	171
-253	12	347	172
-254	12	348	172
-255	12	349	173
-256	12	350	173
-257	12	350	173
-258	12	351	174
-259	12	352	174
-260	12	353	175
-257	4	359	178
-257	4	359	178
-258	3	360	178
-259	3	361	179
-260	2	363	179
-261	2	364	180
-261	1	365	181
-262	1	366	181
-263	0	367	182
-264	0	368	182
-264	0	369	183
-249	1	352	174
-249	0	353	174
-249	0	353	174
-249	0	353	174
-249	0	353	174
-249	0	353	174
-248	-1	353	174
-248	-1	353	174
-248	-2	353	174
-248	-2	353	174
-248	-2	353	174
-240	11	352	174
-239	10	352	173
-239	11	352	173
-238	11	351	173
-237	11	351	173
-237	12	351	173
-236	12	351	173
-236	13	351	173
-235	13	351	173
-234	13	351	173
-234	14	351	173
-248	4	359	178
-247	4	358	177
-247	4	359	178
-247	4	359	178
-247	3	360	178
-248	3	360	178
-248	3	360	179
-248	3	361	179
-248	3	361	179
-248	2	361	179
-248	2	362	179
-254	1	352	174
-254	0	352	174
-254	0	352	174
-255	0	351	173
-255	0	351	173
-255	0	351	173
-256	0	351	173
-256	0	351	173
-257	-1	350	173
-257	-1	350	173
-258	-1	350	173
-239	5	338	168
-239	4	337	167
-238	4	336	167
-238	4	335	167
-237	5	335	166
-236	5	334	166
-236	5	333	165
-235	5	332	165
-234	5	331	165
-234	5	330	164
-233	5	329	164
-237	25	345	171
-236	25	344	170
-235	26	344	170
-235	27	344	170
-235	28	344	170
-234	29	344	170
-234	30	344	170
-233	32	344	170
-233	33	344	170
-232	34	344	170
-232	35	344	170
-255	-2	352	174
-254	0	351	173
-255	-1	352	174
-256	-2	352	174
-257	-3	353	174
-257	-4	353	174
-258	-5	354	174
-259	-6	354	175
-260	-7	355	175
-261	-8	355	175
-262	-9	355	175
-271	-11	366	181
-271	-11	366	181
-273	-12	367	181
-274	-13	368	182
-275	-14	369	182
-276	-15	370	183
-278	-16	371	183
-279	-17	372	184
-280	-18	373	184
-282	-20	374	184
-283	-21	375	185
-287	9	381	189
-288	7	381	189
-289	8	383	190
-291	9	384	190
-292	10	385	191
-293	10	386	192
-295	11	388	192
-296	12	389	193
-298	13	390	193
-299	13	391	194
-301	14	393	195
-276	35	366	181
-277	35	367	181
-277	37	366	181
-277	39	366	181
-277	41	366	181
-277	42	365	180
-277	44	365	180
-277	46	365	180
-277	48	364	180
-277	50	364	180
-276	52	364	179
-271	58	366	181
-270	59	365	180
-270	61	365	180
-270	63	365	180
-269	65	365	180
-269	68	364	180
-269	70	364	180
-268	72	364	180
-268	74	364	179
-267	76	363	179
-267	78	363	179
-266	72	366	181
-265	74	365	180
-265	75	365	180
-264	77	365	180
-264	78	365	180
-263	80	365	180
-263	81	365	180
-262	83	365	180
-262	85	365	180
-262	86	365	180
-261	88	365	180
-279	80	374	185
-278	81	373	184
-279	82	374	185
-279	83	374	185
-280	84	375	185
-280	85	375	185
-281	86	376	186
-281	87	376	186
-282	88	376	186
-282	89	377	186
-283	90	377	186
-277	92	381	189
-277	93	381	189
-277	94	382	189
-277	95	382	189
-278	96	383	190
-278	97	383	190
-278	98	384	190
-278	99	384	191
-278	100	385	191
-278	101	386	191
-278	102	386	192
-290	89	397	196
-290	90	397	196
-290	90	398	196
-291	90	399	197
-292	90	400	197
-293	90	402	198
-293	91	403	198
-294	91	404	199
-295	91	405	199
-296	91	406	200
-296	92	407	200
-276	81	389	193
-276	81	390	193
-276	80	390	193
-275	80	390	193
-275	80	390	193
-274	79	390	193
-274	79	390	193
-274	78	390	193
-273	78	390	193
-273	78	390	193
-272	77	390	193
-294	87	404	200
-293	86	404	200
-294	86	404	200
-295	86	405	200
-295	87	406	201
-296	87	407	201
-297	87	407	201
-298	87	408	202
-298	87	409	202
-299	87	410	203
-300	87	411	203
-281	90	389	193
-281	90	389	193
-281	90	389	193
-281	90	388	192
-280	90	388	192
-280	91	387	192
-279	91	387	192
-279	91	386	192
-279	91	386	191
-278	92	385	191
-278	92	385	191
-294	81	404	200
-293	81	403	199
-294	80	404	200
-294	80	404	200
-295	80	405	200
-295	79	405	200
-296	79	406	201
-296	78	406	201
-297	78	407	201
-297	78	408	201
-298	77	408	202
-302	62	421	208
-302	61	421	208
-303	60	422	208
-303	59	424	209
-304	57	425	209
-305	56	426	210
-305	55	427	211
-306	54	428	211
-307	52	430	212
-308	51	431	212
-308	50	432	213
-311	16	429	213
-311	14	430	213
-312	11	431	214
-313	8	432	214
-314	5	433	215
-314	2	434	215
-315	0	435	216
-316	-3	435	216
-317	-6	436	217
-317	-9	437	217
-318	-12	438	218
-331	-16	447	221
-331	-19	447	221
-333	-22	449	222
-334	-25	450	222
-336	-28	452	223
-337	-31	453	224
-338	-34	454	224
-340	-37	456	225
-341	-40	457	226
-343	-43	458	226
-344	-46	460	227
-300	-22	429	213
-301	-25	430	213
-300	-26	429	213
-299	-28	429	213
-298	-29	429	213
-296	-31	428	212
-295	-32	428	212
-294	-34	427	212
-293	-35	427	212
-292	-37	426	212
-291	-38	426	211
-304	-25	438	217
-302	-26	437	216
-302	-27	437	216
-302	-27	437	217
-301	-28	438	217
-301	-29	438	217
-301	-29	438	217
-300	-30	438	217
-300	-31	439	217
-299	-31	439	217
-299	-32	439	217
-319	-23	456	226
-318	-23	456	226
-319	-23	457	226
-320	-23	458	227
-320	-23	459	227
-321	-24	460	228
-322	-24	461	228
-323	-24	462	229
-323	-24	464	229
-324	-24	465	230
-325	-24	466	231
-319	-17	456	226
-319	-17	457	226
-320	-16	457	226
-320	-16	458	227
-320	-16	458	227
-321	-15	459	227
-321	-15	459	227
-321	-15	460	228
-322	-14	460	228
-322	-14	461	228
-322	-14	461	228
-305	-13	438	217
-305	-12	438	217
-304	-12	437	216
-304	-11	436	216
-303	-11	435	215
-302	-11	435	215
-302	-10	434	215
-301	-10	433	214
-300	-10	432	214
-300	-9	431	213
-299	-9	430	213
-305	-21	429	213
-304	-20	428	212
-304	-20	427	212
-303	-21	426	211
-303	-21	425	211
-303	-21	424	210
-302	-22	423	210
-302	-22	422	210
-302	-22	421	209
-301	-22	420	209
-301	-23	420	208
-299	-11	429	213
-298	-11	428	212
-298	-10	427	212
-297	-10	427	212
-297	-10	427	212
-296	-9	426	211
-296	-9	426	211
-296	-8	425	211
-295	-8	425	211
-295	-8	425	211
-294	-7	424	211
-306	-8	421	208
-305	-7	420	207
-305	-7	420	207
-305	-6	419	207
-306	-6	418	206
-306	-6	418	206
-306	-5	417	206
-306	-5	417	205
-307	-5	416	205
-307	-4	416	205
-307	-4	415	204
-315	-2	438	217
-315	-1	437	216
-315	-1	438	217
-316	0	438	217
-317	0	439	217
-317	0	440	218
-318	0	441	218
-318	1	441	218
-319	1	442	219
-320	2	443	219
-320	2	443	219
-301	2	421	208
-301	2	421	208
-301	2	421	208
-300	3	420	207
-300	3	419	207
-299	4	419	207
-299	4	418	206
-298	4	418	206
-298	5	417	206
-297	5	416	205
-297	6	416	205
-302	2	421	208
-301	2	420	207
-301	2	420	207
-301	2	419	207
-300	2	419	207
-300	3	419	207
-300	3	418	206
-300	3	418	206
-300	3	418	206
-299	3	417	206
-299	3	417	206
-312	-3	421	208
-311	-2	420	207
-312	-3	420	207
-312	-3	420	207
-313	-3	420	207
-313	-3	420	207
-314	-3	420	207
-314	-4	420	207
-315	-4	419	207
-315	-4	419	207
-316	-4	419	207
-304	6	404	200
-304	5	403	199
-304	6	402	199
-304	6	401	199
-303	6	400	198
-303	7	400	198
-303	7	399	197
-303	8	398	197
-303	8	397	196
-302	8	396	196
-302	9	395	195
-302	-3	421	208
-301	-2	420	207
-301	-2	420	207
-301	-3	421	208
-301	-3	421	208
-300	-3	422	208
-300	-4	422	208
-300	-4	423	208
-300	-4	423	209
-299	-5	424	209
-299	-5	424	209
-321	-7	438	217
-320	-7	438	217
-321	-7	439	217
-322	-8	440	218
-323	-8	442	219
-324	-8	443	219
-325	-9	444	220
-326	-9	445	221
-327	-9	447	221
-328	-10	448	222
-329	-10	449	222
-314	-20	447	221
-314	-20	448	221
-315	-21	449	222
-315	-22	450	222
-315	-23	451	223
-315	-23	452	223
-315	-24	453	224
-315	-25	454	224
-315	-26	455	225
-315	-27	456	225
-315	-28	457	226
-305	-29	438	217
-305	-29	439	217
-304	-30	438	217
-303	-31	438	217
-303	-32	438	217
-302	-33	438	217
-302	-34	438	217
-301	-35	438	217
-301	-35	438	217
-300	-36	438	217
-300	-37	437	217
-319	-22	456	226
-318	-22	455	225
-318	-22	456	226
-319	-22	457	226
-320	-22	458	227
-320	-22	459	227
-321	-22	460	228
-321	-22	461	228
-322	-22	462	229
-322	-22	463	229
-323	-22	463	230
-326	-19	447	221
-326	-18	447	221
-327	-18	447	221
-327	-18	447	221
-328	-18	447	221
-329	-17	447	221
-329	-17	447	221
-330	-17	447	221
-331	-17	447	220
-331	-17	447	220
-332	-16	447	220
-340	-12	465	230
-340	-11	464	229
-341	-11	465	230
-342	-10	466	230
-343	-10	467	231
-344	-9	468	231
-345	-9	469	232
-346	-8	470	232
-347	-8	471	233
-348	-7	472	233
-350	-7	473	233
-341	17	465	230
-342	17	465	230
-342	19	466	230
-343	21	466	230
-343	22	467	231
-343	24	467	231
-344	26	467	231
-344	28	468	231
-345	30	468	231
-345	32	469	232
-346	33	469	232
-333	50	474	235
-333	51	474	235
-333	54	475	235
-332	57	475	235
-332	59	476	236
-332	62	476	236
-332	64	477	236
-331	67	478	237
-331	70	478	237
-331	72	479	237
-330	75	480	238
-350	54	483	239
-349	56	483	239
-350	57	484	239
-351	59	485	240
-352	60	485	240
-352	61	486	240
-353	63	487	241
-354	64	488	241
-355	65	488	241
-356	66	489	242
-356	68	490	242
-341	59	465	230
-341	60	465	230
-341	60	465	230
-341	61	464	229
-341	62	463	229
-341	63	462	228
-341	63	462	228
-341	64	461	228
-340	65	460	227
-340	65	460	227
-340	66	459	227
-341	70	465	230
-340	70	464	229
-340	71	463	229
-340	72	463	229
-340	73	463	229
-340	74	462	228
-340	74	462	228
-340	75	462	228
-340	76	461	228
-340	77	461	228
-339	78	461	228
-336	79	456	226
-335	79	455	225
-335	80	455	225
-335	81	454	225
-334	82	453	224
-334	83	453	224
-334	84	452	224
-334	84	451	224
-333	85	451	223
-333	86	450	223
-333	87	450	223
-320	98	447	221
-319	98	446	220
-318	100	445	220
-317	101	444	219
-316	102	444	219
-315	104	443	219
-314	105	442	218
-313	107	441	218
-312	108	441	217
-311	109	440	217
-310	111	439	217
-321	121	447	221
-319	122	446	220
-319	124	445	220
-319	126	445	220
-318	127	445	220
-318	129	445	219
-318	131	444	219
-317	133	444	219
-317	135	444	219
-316	137	443	219
-316	138	443	219
-316	140	438	217
-315	141	437	216
-315	143	437	216
-314	145	436	216
-314	147	435	216
-314	149	435	215
-313	150	434	215
-313	152	434	215
-312	154	433	214
-312	156	432	214
-312	158	432	214
-326	144	447	221
-325	145	446	220
-326	146	446	220
-326	147	446	220
-326	148	447	221
-327	149	447	221
-327	150	447	221
-328	151	447	221
-328	152	448	221
-328	153	448	221
-329	154	448	221
-324	134	465	230
-324	134	465	230
-324	134	466	230
-324	134	467	231
-324	134	468	231
-324	133	469	232
-324	133	470	232
-324	133	472	233
-325	133	473	234
-325	132	474	234
-325	132	475	235
-334	131	474	235
-334	130	475	235
-334	130	476	236
-335	130	477	236
-335	129	478	237
-336	129	479	237
-336	129	480	238
-337	128	481	238
-338	128	482	239
-338	128	483	239
-339	127	484	240
-328	125	474	235
-328	124	475	235
-328	124	475	235
-328	123	475	235
-328	123	476	236
-328	122	476	236
-328	122	476	236
-328	121	477	236
-327	121	477	236
-327	120	478	237
-327	120	478	237
-340	119	474	235
-339	118	474	235
-340	118	474	235
-341	117	474	235
-341	116	474	235
-342	116	474	235
-342	115	474	235
-343	115	475	235
-344	114	475	235
-344	114	475	235
-345	113	475	235
-328	125	474	235
-328	124	474	235
-328	124	474	235
-327	124	474	235
-327	124	474	235
-327	124	474	235
-326	125	474	235
-326	125	474	235
-325	125	474	235
-325	125	474	235
-325	125	474	235
-324	122	465	230
-323	122	465	230
-323	122	464	229
-322	121	464	229
-322	121	463	229
-321	121	463	228
-321	121	462	228
-321	121	462	228
-320	121	461	228
-320	121	461	227
-319	121	460	227
-345	105	483	239
-344	104	482	238
-345	103	483	239
-346	102	484	239
-347	101	484	239
-348	100	485	240
-349	99	486	240
-350	99	487	240
-351	98	487	241
-352	97	488	241
-353	96	489	242
-336	100	503	249
-337	99	503	249
-336	98	505	250
-336	97	506	250
-336	96	508	251
-336	96	509	252
-336	95	511	253
-336	94	512	253
-336	94	514	254
-336	93	515	255
-336	92	517	256
-354	98	513	254
-353	97	514	254
-354	96	515	255
-355	96	516	255
-356	96	518	256
-357	95	519	257
-358	95	520	257
-359	95	521	258
-360	94	522	258
-361	94	523	259
-362	93	525	260
-371	86	534	264
-371	85	535	264
-373	84	536	265
-374	84	538	266
-376	83	539	266
-377	82	541	267
-378	81	543	268
-380	80	544	269
-381	80	546	270
-382	79	548	270
-384	78	549	271
-351	86	534	264
-352	85	535	264
-351	84	536	265
-351	84	536	265
-350	84	537	265
-350	83	538	266
-349	83	538	266
-349	83	539	266
-348	82	540	266
-347	82	540	267
-347	82	541	267
-383	80	555	275
-382	79	555	275
-383	79	557	276
-385	78	558	276
-386	78	559	277
-388	77	561	278
-389	77	562	278
-391	77	563	279
-392	76	565	280
-394	76	566	280
-395	75	567	281
-402	75	578	286
-403	74	579	286
-405	74	581	287
-406	73	583	288
-408	73	584	289
-410	72	586	290
-412	72	588	291
-413	71	590	292
-415	71	592	293
-417	70	594	293
-419	70	595	294
-422	64	589	292
-423	63	590	292
-425	62	592	293
-427	61	593	294
-429	61	594	295
-430	60	596	295
-432	59	597	296
-434	58	598	297
-436	58	600	297
-438	57	601	298
-439	56	603	299
-449	59	613	304
-450	58	614	304
-453	57	616	305
-455	57	618	306
-457	56	619	307
-459	55	621	308
-461	55	623	309
-464	54	625	310
-466	53	627	311
-468	53	629	312
-470	52	630	313
-470	45	638	316
-472	44	639	316
-474	43	641	317
-476	42	644	319
-478	41	646	320
-480	40	648	321
-482	39	650	322
-484	38	652	323
-486	37	654	324
-488	36	656	325
-490	35	658	326
-470	37	638	316
-472	35	640	317
-472	35	640	317
-473	34	641	317
-474	33	642	318
-475	32	643	318
-475	31	644	319
-476	30	645	319
-477	30	646	319
-478	29	646	320
-479	28	647	320
-456	24	626	310
-456	23	626	310
-456	22	626	310
-455	21	626	310
-455	20	625	309
-454	18	625	309
-454	17	624	309
-453	16	624	309
-453	15	623	308
-452	14	623	308
-451	13	623	308
-478	13	638	316
-477	11	637	315
-478	10	638	316
-479	9	638	316
-480	8	638	316
-481	7	639	316
-482	6	639	316
-483	5	640	317
-483	4	640	317
-484	3	641	317
-485	2	641	317
-470	5	638	316
-470	3	638	316
-470	3	638	316
-470	2	638	316
-470	1	639	316
-470	0	639	316
-470	0	639	316
-470	-1	639	316
-470	-1	639	316
-470	-2	640	317
-470	-3	640	317
-442	11	613	304
-442	10	613	304
-440	10	611	303
-438	10	610	302
-437	10	609	302
-435	10	607	301
-433	10	606	300
-432	10	605	300
-430	10	604	299
-429	10	602	299
-427	10	601	298
-442	11	613	304
-440	11	611	303
-439	11	611	303
-438	11	610	302
-438	11	609	302
-437	11	609	302
-436	11	608	301
-436	11	608	301
-435	11	607	301
-434	11	606	301
-433	11	606	300
-428	6	601	298
-427	6	600	297
-426	5	599	297
-425	5	598	296
-424	5	597	296
-423	5	596	296
-422	4	596	295
-421	4	595	295
-420	4	594	294
-419	4	593	294
-418	3	592	293
-415	-13	589	292
-413	-13	588	291
-412	-14	587	291
-411	-15	586	290
-410	-16	585	290
-409	-17	584	289
-408	-19	583	289
-407	-20	582	288
-406	-21	581	288
-404	-22	580	287
-403	-23	579	287
-442	-3	613	304
-440	-4	611	303
-441	-4	612	303
-442	-4	613	304
-444	-4	614	304
-445	-3	615	305
-446	-3	616	305
-447	-3	617	306
-448	-3	618	306
-449	-3	619	307
-450	-3	620	307
-424	-19	589	292
-425	-18	589	292
-424	-19	589	292
-424	-20	588	291
-423	-21	587	291
-423	-22	586	290
-422	-22	585	290
-422	-23	584	289
-421	-24	583	289
-421	-25	583	289
-420	-26	582	288
-431	-26	589	292
-430	-26	588	291
-430	-27	587	291
-430	-28	587	291
-430	-29	586	290
-431	-29	586	290
-431	-30	585	290
-431	-31	585	290
-431	-32	585	290
-431	-32	584	289
-431	-33	584	289
-429	-28	601	298
-429	-28	600	297
-429	-29	601	298
-429	-29	601	298
-429	-29	602	298
-428	-30	602	298
-428	-30	603	299
-428	-31	603	299
-428	-31	604	299
-428	-31	604	299
-428	-32	605	300
-388	-30	578	286
-387	-30	578	286
-385	-30	577	285
-383	-30	576	285
-381	-31	575	284
-378	-31	574	284
-376	-31	573	283
-374	-31	572	283
-371	-32	571	282
-369	-32	570	281
-367	-32	569	281
-377	-38	555	275
-374	-38	553	274
-373	-38	552	273
-371	-39	550	272
-369	-39	548	271
-368	-40	546	271
-366	-40	545	270
-364	-41	543	269
-363	-41	541	268
-361	-42	539	267
-360	-43	538	266
-366	-46	534	264
-364	-46	532	263
-363	-47	530	262
-361	-47	528	261
-360	-48	526	260
-359	-49	524	259
-358	-49	522	258
-357	-50	520	257
-355	-51	518	256
-354	-51	517	255
-353	-52	515	254
-398	-52	555	275
-396	-52	553	274
-398	-53	553	274
-399	-53	553	274
-400	-54	554	274
-402	-55	554	274
-403	-55	555	275
-404	-56	555	275
-406	-56	556	275
-407	-57	556	275
-408	-58	556	276
-417	-57	578	286
-418	-57	578	286
-420	-58	579	286
-421	-58	581	287
-423	-59	583	288
-425	-59	584	289
-426	-60	586	290
-428	-60	587	290
-430	-61	589	291
-432	-61	590	292
-433	-62	592	293
-407	-38	589	292
-408	-38	590	292
-408	-37	591	293
-408	-36	593	294
-409	-35	594	294
-409	-35	595	295
-409	-34	597	296
-409	-33	598	296
-409	-32	599	297
-409	-31	600	298
-409	-30	602	298
-419	-44	613	304
-419	-43	614	304
-419	-43	616	305
-420	-42	617	306
-421	-42	619	307
-421	-42	621	308
-422	-42	623	309
-422	-42	625	310
-423	-42	627	311
-424	-42	628	312
-424	-42	630	312
-423	-50	638	316
-423	-49	639	316
-424	-50	641	317
-424	-50	644	318
-425	-50	646	320
-425	-51	648	321
-426	-51	650	322
-426	-51	652	323
-427	-52	654	324
-427	-52	656	325
-428	-53	658	326
-421	-53	651	322
-421	-53	653	323
-421	-53	654	323
-421	-53	656	324
-421	-54	657	325
-421	-54	659	326
-421	-54	660	326
-421	-55	662	327
-422	-55	664	328
-422	-55	665	328
-422	-56	667	329
-409	-39	626	310
-409	-39	627	310
-408	-38	626	310
-407	-38	625	309
-407	-37	625	309
-406	-36	624	309
-405	-36	623	308
-405	-35	622	308
-404	-34	621	308
-403	-34	621	307
-403	-33	620	307
-431	-18	638	316
-430	-17	637	315
-431	-15	637	315
-432	-14	637	315
-433	-12	637	315
-434	-11	638	316
-434	-9	638	316
-435	-8	638	316
-436	-7	638	316
-437	-5	638	316
-438	-4	639	316
-419	-12	613	304
-419	-10	613	304
-419	-9	611	303
-419	-8	610	302
-419	-7	609	302
-419	-6	608	301
-418	-5	607	301
-418	-4	605	300
-418	-3	604	299
-418	-2	603	299
-417	-1	602	298
-433	-23	626	310
-432	-22	624	309
-433	-22	624	309
-434	-22	625	309
-434	-22	625	309
-435	-23	625	309
-435	-23	625	309
-436	-23	625	309
-437	-23	625	309
-437	-24	625	309
-438	-24	626	309
-406	-25	601	298
-406	-25	601	298
-405	-25	599	297
-404	-25	598	296
-403	-26	597	296
-401	-26	596	295
-400	-26	594	295
-399	-26	593	294
-398	-27	592	293
-396	-27	591	293
-395	-27	589	292
-434	-47	626	310
-432	-47	624	309
-433	-48	625	309
-434	-49	626	310
-435	-51	627	310
-436	-52	628	310
-437	-53	628	311
-438	-55	629	311
-439	-56	630	312
-440	-57	631	312
-441	-59	632	312
-426	-103	626	310
-426	-104	626	310
-427	-107	627	310
-427	-111	627	310
-427	-115	628	311
-427	-119	628	311
-427	-122	629	311
-427	-126	629	311
-427	-130	629	311
-427	-133	630	312
-427	-137	630	312
-442	-56	626	310
-442	-59	626	310
-442	-58	626	310
-443	-57	626	310
-444	-56	626	310
-445	-55	627	310
-446	-54	627	310
-447	-53	627	310
-448	-52	627	310
-448	-51	627	310
-449	-50	627	310
-448	-66	638	316
-448	-64	638	316
-449	-64	638	316
-450	-64	639	316
-450	-64	640	317
-451	-64	640	317
-452	-64	641	317
-453	-64	642	318
-453	-64	643	318
-454	-64	643	318
-455	-63	644	319
-434	31	626	310
-434	31	626	310
-434	36	626	310
-433	41	625	309
-433	47	625	309
-432	52	625	309
-432	57	624	309
-431	63	624	309
-431	68	624	309
-430	74	623	308
-430	79	623	308
-465	-20	638	316
-464	-14	637	315
-465	-15	638	316
-467	-15	638	316
-468	-15	639	316
-470	-16	639	316
-471	-16	639	316
-473	-17	640	317
-474	-17	640	317
-476	-18	641	317
-477	-18	641	317
-469	-86	664	329
-470	-86	664	329
-471	-90	666	330
-472	-94	667	330
-473	-98	669	331
-474	-103	671	332
-474	-107	672	333
-475	-111	674	334
-476	-115	676	335
-477	-119	677	335
-478	-123	679	336
-446	-16	651	322
-446	-20	652	322
-445	-18	652	322
-444	-16	652	322
-444	-14	652	322
-443	-11	652	322
-442	-9	652	322
-441	-7	652	322
-440	-5	652	322
-439	-3	652	322
-438	-1	652	322
-455	-46	638	316
-454	-43	638	315
-454	-44	637	315
-454	-44	636	315
-454	-45	635	314
-454	-45	634	314
-454	-46	633	314
-454	-47	633	313
-454	-47	632	313
-454	-48	631	312
-454	-48	630	312
-455	-37	638	316
-455	-37	637	315
-455	-37	636	315
-455	-37	636	315
-455	-37	636	315
-455	-36	635	314
-455	-36	635	314
-455	-36	634	314
-455	-36	634	314
-455	-36	634	314
-455	-36	633	314
-443	-70	613	304
-443	-69	612	303
-442	-71	611	303
-441	-73	609	302
-441	-75	608	301
-440	-76	606	300
-439	-78	605	300
-439	-80	603	299
-438	-81	602	298
-437	-83	600	298
-437	-85	599	297
-424	-27	589	292
-423	-28	587	291
-422	-27	585	290
-420	-25	583	289
-419	-23	581	288
-417	-22	579	287
-416	-20	577	286
-415	-19	575	285
-413	-17	573	284
-412	-15	571	283
-411	-14	569	282
-436	-41	613	304
-434	-39	610	303
-434	-39	611	303
-434	-39	612	303
-434	-39	612	303
-435	-39	613	304
-435	-39	613	304
-435	-39	614	304
-435	-39	614	304
-435	-39	615	305
-435	-39	615	305
-430	-38	601	298
-430	-37	601	298
-429	-37	601	298
-429	-37	600	297
-429	-37	600	297
-429	-37	600	297
-429	-37	599	297
-428	-37	599	297
-428	-37	599	297
-428	-37	599	297
-428	-37	598	296
-417	-20	589	292
-416	-19	588	291
-415	-18	587	291
-415	-17	587	291
-414	-16	586	290
-413	-15	585	290
-412	-14	584	289
-411	-13	583	289
-411	-12	582	288
-410	-11	581	288
-409	-10	581	288
-415	-31	601	298
-414	-29	600	297
-413	-30	600	297
-413	-30	600	297
-412	-30	601	298
-412	-30	601	298
-411	-30	601	298
-411	-30	602	298
-410	-31	602	298
-410	-31	602	298
-409	-31	602	298
-429	-19	613	304
-428	-19	613	304
-429	-18	614	304
-429	-18	615	305
-430	-17	615	305
-430	-17	616	305
-431	-16	617	306
-432	-15	618	306
-432	-15	619	307
-433	-14	620	307
-434	-14	620	307
-457	-32	638	316
-457	-31	638	316
-459	-31	640	317
-461	-32	642	318
-463	-32	644	318
-465	-33	645	319
-466	-33	647	320
-468	-34	649	321
-470	-34	651	322
-472	-35	652	323
-474	-35	654	324
-470	-47	664	329
-471	-47	665	329
-473	-48	667	330
-474	-49	670	331
-476	-50	672	333
-477	-51	674	334
-479	-52	676	335
-480	-53	678	336
-482	-54	680	337
-483	-56	683	338
-485	-57	685	339
-477	-59	677	336
-478	-60	679	337
-479	-61	680	337
-480	-62	682	338
-481	-63	683	339
-482	-64	685	340
-483	-65	687	341
-484	-66	688	341
-485	-67	690	342
-486	-69	691	343
-487	-70	693	344
-491	-66	705	349
-491	-67	706	349
-493	-67	708	350
-494	-68	710	351
-495	-69	713	352
-496	-70	715	353
-497	-71	717	354
-498	-72	719	355
-499	-72	721	357
-500	-73	723	358
-502	-74	725	359
-484	-45	691	342
-485	-45	693	343
-485	-44	693	343
-485	-44	693	343
-485	-43	693	343
-485	-42	693	343
-485	-41	693	343
-485	-40	693	343
-485	-39	693	343
-485	-38	693	343
-485	-38	693	343
-491	-48	705	349
-491	-47	705	349
-491	-46	705	349
-491	-46	706	349
-492	-46	707	350
-492	-46	707	350
-492	-45	708	350
-493	-45	709	351
-493	-45	709	351
-493	-45	710	351
-494	-44	711	352
-477	-75	677	336
-477	-74	677	336
-476	-76	676	335
-476	-77	675	335
-475	-79	673	334
-474	-80	672	334
-474	-81	671	333
-473	-83	670	332
-472	-84	668	332
-472	-86	667	331
-471	-87	666	331
-508	-73	705	349
-507	-74	703	348
-508	-74	704	348
-510	-75	705	349
-511	-76	706	349
-513	-76	707	350
-514	-77	708	350
-515	-77	709	351
-517	-78	710	351
-518	-78	711	352
-520	-79	712	352
-532	-98	733	363
-533	-98	733	363
-535	-100	735	364
-537	-101	738	365
-539	-103	740	366
-541	-104	742	367
-543	-106	744	368
-545	-107	746	369
-547	-109	748	370
-549	-110	750	371
-551	-112	752	372
-530	-84	748	371
-532	-85	750	372
-532	-85	751	372
-533	-85	753	373
-534	-85	755	374
-534	-85	756	375
-535	-84	758	376
-536	-84	760	377
-536	-84	761	378
-537	-84	763	378
-538	-84	765	379
-511	-65	748	371
-511	-64	749	371
-510	-63	750	372
-510	-62	750	372
-509	-61	751	372
-508	-60	752	373
-507	-58	752	373
-506	-57	753	373
-505	-56	754	374
-504	-55	754	374
-504	-54	755	374
-506	-66	719	356
-505	-64	719	356
-504	-64	718	355
-503	-63	716	354
-503	-63	715	354
-502	-62	713	353
-501	-62	712	352
-500	-61	711	351
-500	-61	709	351
-499	-61	708	350
-498	-60	706	349
-513	-61	733	363
-512	-60	731	362
-512	-60	731	362
-512	-59	731	362
-512	-59	731	362
-512	-58	732	362
-512	-58	732	362
-513	-58	732	362
-513	-57	732	362
-513	-57	732	362
-513	-56	732	362
-499	-81	705	349
-499	-80	705	349
-498	-81	703	348
-497	-82	702	347
-497	-83	700	346
-496	-84	699	346
-495	-85	697	345
-495	-86	696	344
-494	-87	695	344
-493	-88	693	343
-492	-89	692	342
-503	-88	733	363
-502	-88	731	362
-502	-89	732	362
-502	-90	733	363
-502	-91	734	363
-501	-92	735	364
-501	-93	736	364
-501	-93	737	365
-501	-94	737	365
-501	-95	738	365
-501	-96	739	366
-528	-66	763	378
-527	-66	763	378
-529	-65	766	379
-530	-65	768	380
-532	-64	770	381
-533	-63	772	382
-534	-62	774	383
-536	-61	776	384
-537	-60	778	385
-538	-59	781	387
-540	-58	783	388
-531	-63	748	371
-532	-62	750	372
-533	-61	750	372
-533	-60	750	372
-534	-60	750	372
-535	-59	750	372
-536	-59	750	372
-537	-58	750	372
-537	-57	750	372
-538	-57	750	372
-539	-56	750	372
-557	-37	763	378
-557	-36	763	378
-559	-34	763	378
-561	-33	764	378
-562	-31	765	379
-564	-29	766	379
-566	-28	766	379
-568	-26	767	380
-569	-24	768	380
-571	-23	769	380
-573	-21	769	381
-542	-2	733	363
-543	0	733	363
-543	2	732	362
-543	4	731	362
-543	7	729	361
-543	10	728	360
-543	12	727	359
-543	15	725	359
-542	18	724	358
-542	20	723	357
-542	23	721	357
-516	10	719	356
-515	12	717	355
-514	14	716	354
-512	16	714	353
-511	17	713	353
-509	19	712	352
-507	21	710	351
-506	23	709	351
-504	24	707	350
-503	26	706	349
-501	28	704	348
-494	34	691	342
-492	35	689	341
-490	37	687	340
-488	39	685	339
-486	41	683	338
-484	43	681	337
-482	45	679	336
-480	47	676	334
-478	49	674	333
-477	51	672	332
-475	53	670	331
-526	28	719	356
-524	29	716	354
-525	30	717	355
-526	30	718	355
-527	31	718	355
-528	31	719	356
-529	32	720	356
-530	32	721	357
-531	33	721	357
-532	33	722	357
-533	33	723	358
-540	30	748	371
-541	30	748	371
-542	30	750	372
-543	30	752	373
-545	31	754	374
-546	31	756	375
-547	31	758	376
-549	31	760	377
-550	31	762	378
-551	32	764	379
-553	32	767	380
-565	32	778	386
-566	32	780	387
-568	32	782	388
-570	32	785	389
-572	32	787	390
-574	32	790	392
-575	33	792	393
-577	33	795	394
-579	33	797	395
-581	33	800	397
-583	33	802	398
-583	28	794	393
-584	28	796	394
-586	28	798	395
-588	27	800	396
-590	27	802	396
-592	27	804	397
-593	27	806	398
-595	27	807	399
-597	27	809	400
-599	26	811	401
-600	26	813	402
-591	24	809	401
-592	23	810	401
-593	23	812	402
-595	23	813	403
-596	22	815	404
-597	22	817	404
-598	22	818	405
-599	22	820	406
-600	21	821	407
-601	21	823	408
-602	21	824	408
-585	42	778	386
-586	41	779	386
-586	42	778	386
-586	43	777	385
-586	44	776	385
-586	45	774	384
-586	46	773	384
-586	46	772	383
-586	47	771	383
-586	48	770	382
-586	49	769	381
-591	44	809	401
-591	44	807	400
-591	45	808	401
-591	45	810	401
-591	46	811	402
-592	46	812	402
-592	47	813	403
-592	47	814	403
-593	48	815	404
-593	49	816	404
-593	49	817	405
-629	25	842	417
-629	25	843	417
-631	24	845	418
-633	23	847	419
-636	22	850	421
-638	22	852	422
-640	21	855	423
-642	20	857	424
-644	19	859	425
-647	18	862	426
-649	17	864	428
-656	28	876	434
-658	27	878	435
-660	26	881	436
-663	26	884	438
-665	26	887	439
-668	26	889	440
-670	25	892	442
-673	25	895	443
-675	25	898	445
-678	25	901	446
-680	24	904	448
-686	7	912	452
-688	6	914	453
-691	5	918	455
-693	4	921	456
-696	3	924	458
-699	1	927	459
-701	0	930	461
-704	0	933	462
-706	-1	936	464
-709	-3	940	465
-712	-4	943	467
-716	-1	948	470
-718	-2	951	471
-721	-3	954	473
-724	-4	957	474
-726	-5	960	476
-729	-6	964	478
-732	-7	967	479
-734	-8	970	481
-737	-9	973	482
-740	-10	977	484
-742	-11	980	486
-692	10	948	470
-694	9	951	471
-694	9	952	472
-694	9	953	472
-693	9	955	473
-693	9	956	474
-693	10	957	474
-693	10	958	475
-692	10	960	476
-692	10	961	476
-692	11	962	477
-702	17	967	479
-701	17	968	479
-702	17	969	480
-702	18	971	481
-702	18	972	481
-702	19	974	482
-703	20	975	483
-703	20	976	483
-703	21	978	484
-703	21	979	485
-704	22	981	485
-683	-8	930	461
-683	-7	931	461
-682	-8	929	460
-681	-9	928	460
-680	-10	927	459
-679	-12	925	458
-678	-13	924	458
-677	-14	922	457
-676	-15	921	456
-675	-16	919	455
-675	-17	918	455
-662	-49	912	452
-661	-50	910	451
-659	-52	908	450
-657	-55	907	449
-656	-58	905	448
-654	-61	903	447
-653	-64	901	446
-651	-67	900	446
-649	-69	898	445
-648	-72	896	444
-646	-75	894	443
-622	-40	876	434
-620	-42	874	433
-617	-43	871	431
-614	-44	868	430
-611	-44	866	429
-608	-45	863	427
-606	-46	860	426
-603	-46	858	425
-600	-47	855	423
-597	-48	852	422
-594	-49	850	421
-620	-45	894	443
-617	-45	891	441
-615	-46	891	441
-614	-46	891	441
-613	-46	890	441
-611	-47	890	441
-610	-47	890	441
-609	-48	890	441
-607	-48	890	441
-606	-49	890	441
-605	-49	890	441
-609	-56	894	443
-607	-56	893	442
-606	-57	894	443
-605	-57	894	443
-604	-58	894	443
-603	-59	894	443
-602	-60	894	443
-601	-60	894	443
-600	-61	894	443
-599	-62	894	443
-598	-63	894	443
-611	-74	876	434
-609	-74	876	434
-609	-76	875	433
-609	-77	874	433
-609	-78	873	432
-608	-80	872	432
-608	-81	871	431
-608	-82	870	431
-608	-83	869	430
-607	-85	868	430
-607	-86	867	429
-581	-58	859	426
-580	-59	858	425
-579	-58	856	424
-577	-58	855	424
-575	-58	853	423
-573	-57	852	422
-572	-57	851	422
-570	-57	849	421
-568	-56	848	420
-566	-56	847	420
-565	-56	845	419
-554	-60	826	409
-552	-59	824	408
-550	-59	822	407
-547	-59	819	405
-545	-59	817	404
-543	-59	815	403
-541	-59	812	402
-538	-58	810	401
-536	-58	807	399
-534	-58	805	398
-531	-58	803	397
-548	-62	794	393
-545	-61	791	391
-544	-61	788	390
-543	-62	786	389
-542	-62	783	387
-540	-62	780	386
-539	-62	777	384
-538	-62	775	383
-537	-62	772	382
-535	-62	769	380
-534	-62	766	379
-554	-59	826	409
-552	-59	823	407
-552	-58	823	407
-552	-58	824	408
-552	-58	825	408
-552	-58	825	408
-552	-58	826	409
-552	-58	827	409
-552	-58	827	409
-552	-58	828	410
-551	-57	829	410
-573	-75	842	417
-572	-74	842	417
-573	-75	844	418
-575	-76	845	418
-576	-77	846	419
-577	-78	848	420
-578	-79	849	420
-579	-79	850	421
-580	-80	852	422
-581	-81	853	422
-582	-82	854	423
-582	-68	859	426
-583	-68	860	426
-584	-68	861	427
-585	-68	863	428
-586	-68	864	429
-587	-68	866	429
-588	-68	867	430
-589	-68	869	431
-589	-68	870	432
-590	-68	872	432
-591	-68	873	433
-565	-49	826	409
-566	-48	827	409
-565	-47	826	409
-564	-46	825	408
-564	-45	823	407
-563	-44	822	407
-563	-43	821	406
-562	-42	820	405
-562	-41	818	405
-561	-40	817	404
-560	-39	816	404
-567	-56	809	401
-566	-54	807	400
-566	-54	806	399
-566	-54	804	398
-565	-54	803	398
-565	-54	801	397
-565	-54	799	396
-565	-54	798	395
-565	-54	796	394
-564	-54	795	394
-564	-53	793	393
-539	-72	794	393
-538	-71	792	392
-537	-72	790	391
-535	-73	789	390
-533	-74	788	389
-532	-75	786	389
-530	-76	785	388
-529	-77	783	387
-527	-78	782	386
-525	-79	780	386
-524	-80	779	385
-521	-78	778	386
-519	-78	776	385
-517	-79	775	384
-515	-80	773	383
-514	-81	772	383
-512	-81	770	382
-510	-82	769	381
-509	-83	767	381
-507	-84	766	380
-505	-84	764	379
-504	-85	763	379
-539	-62	794	393
-537	-62	792	392
-537	-62	792	392
-537	-61	793	392
-538	-60	793	392
-538	-60	793	392
-538	-59	794	392
-539	-59	794	393
-539	-58	794	393
-539	-57	795	393
-540	-57	795	393
-524	-64	763	378
-524	-63	763	378
-523	-63	761	377
-523	-62	760	376
-522	-62	758	375
-521	-62	757	375
-521	-62	755	374
-520	-62	754	373
-520	-61	752	372
-519	-61	751	372
-519	-61	749	371
-499	-57	733	363
-498	-56	731	362
-496	-56	729	361
-495	-55	726	359
-493	-55	724	358
-491	-55	722	357
-490	-54	719	356
-488	-54	717	355
-486	-53	715	354
-485	-53	712	352
-483	-52	710	351
-498	-42	748	371
-496	-41	745	369
-495	-40	745	369
-494	-39	745	369
-494	-38	745	369
-493	-37	745	369
-492	-36	744	369
-491	-35	744	369
-490	-34	744	369
-490	-33	744	369
-489	-32	744	369
-523	-49	778	386
-522	-47	777	385
-523	-47	779	386
-524	-47	781	387
-525	-47	783	388
-526	-47	784	389
-527	-47	786	390
-529	-47	788	391
-530	-47	790	392
-531	-47	791	393
-532	-47	793	393
-523	-49	778	386
-524	-48	779	386
-524	-48	780	387
-525	-49	781	387
-525	-49	782	388
-526	-49	782	388
-526	-49	783	388
-527	-49	784	389
-527	-49	785	389
-528	-49	786	390
-529	-49	786	390
-539	-77	809	401
-539	-77	809	401
-540	-78	811	402
-541	-80	813	403
-542	-81	815	404
-543	-83	817	405
-544	-84	819	406
-545	-86	821	407
-547	-88	823	408
-548	-89	825	409
-549	-91	827	410
-577	-86	842	417
-578	-87	843	417
-580	-88	846	419
-583	-89	849	420
-585	-91	851	421
-588	-92	854	423
-590	-93	857	424
-593	-94	859	425
-595	-95	862	427
-598	-97	865	428
-601	-98	867	429
-616	-94	876	434
-618	-95	878	435
-621	-96	881	436
-625	-96	884	438
-628	-97	887	439
-631	-98	890	441
-634	-99	893	442
-638	-100	896	444
-641	-101	899	445
-644	-102	902	447
-647	-103	905	448
-604	-83	876	434
-607	-83	878	435
-607	-83	880	436
-608	-83	881	436
-609	-83	882	437
-609	-82	883	437
-610	-82	884	438
-611	-82	886	438
-611	-81	887	439
-612	-81	888	440
-612	-81	889	440
-613	-76	894	443
-613	-75	895	443
-614	-75	896	444
-614	-74	897	444
-615	-74	899	445
-616	-73	900	446
-616	-72	901	446
-617	-72	903	447
-617	-71	904	448
-618	-71	906	448
-619	-70	907	449
-585	-68	859	426
-585	-67	860	426
-584	-66	858	426
-582	-66	857	425
-581	-65	856	424
-580	-64	854	423
-579	-64	853	423
-577	-63	851	422
-576	-62	850	421
-575	-62	849	421
-573	-61	847	420
-593	-72	876	434
-591	-71	874	433
-591	-71	874	433
-591	-71	875	433
-591	-71	875	433
-590	-71	875	433
-590	-71	875	433
-590	-71	876	433
-590	-70	876	434
-590	-70	876	434
-590	-70	876	434
-593	-83	876	434
-592	-82	876	434
-592	-83	876	434
-592	-84	876	434
-592	-84	876	434
-592	-85	876	434
-592	-86	877	434
-592	-86	877	434
-592	-87	877	434
-592	-87	877	434
-592	-88	877	434
-582	-94	876	434
-581	-94	876	434
-581	-95	876	434
-580	-96	876	434
-580	-97	876	434
-579	-98	876	434
-578	-99	876	434
-578	-99	876	434
-577	-100	876	434
-577	-101	876	434
-576	-102	876	434
-588	-92	912	452
-587	-92	912	452
-587	-93	914	453
-587	-93	916	454
-587	-93	918	455
-587	-93	920	456
-587	-94	922	457
-587	-94	924	458
-587	-94	926	459
-587	-94	928	460
-587	-95	930	461
-588	-103	912	452
-588	-103	914	453
-588	-103	914	453
-588	-104	915	453
-588	-105	916	454
-588	-105	917	454
-588	-106	918	455
-588	-107	919	455
