1.845791
0.032813
0.033110
0.033130
0.033145
0.033160
0.033174
0.033188
0.033202
0.033216
0.033230
0.033244
0.034253
0.034526
0.034545
0.034571
0.034590
0.034609
0.034627
0.034646
0.034664
0.034682
0.034700
0.033795
0.034055
0.034076
0.034094
0.034117
0.034135
0.034153
0.034170
0.034189
0.034206
0.034224
0.031902
0.032170
0.032193
0.032212
0.032229
0.032247
0.032266
0.032284
0.032302
0.032319
0.032336
0.033752
0.034008
0.034029
0.034056
0.034075
0.034093
0.034111
0.034129
0.034147
0.034164
0.034181
0.029762
0.029992
0.030009
0.030024
0.030038
0.030051
0.030064
0.030077
0.030090
0.030107
0.030124
0.031345
0.031596
0.031616
0.031643
0.031661
0.031679
0.031699
0.031717
0.031735
0.031753
0.031771
0.030478
0.030706
0.030725
0.030741
0.030758
0.030773
0.030789
0.030805
0.030821
0.030837
0.030853
0.031789
0.032059
0.032081
0.032100
0.032118
0.032136
0.032154
0.032172
0.032190
0.032208
0.032226
0.053884
0.054110
0.054127
0.054141
0.054154
0.054168
0.054182
0.054197
0.054210
0.054224
0.054237
0.025161
0.025385
0.025425
0.025449
0.025474
0.025498
0.025522
0.025547
0.025570
0.025594
0.025617
0.025410
0.025641
0.025666
0.025692
0.025715
0.025743
0.025767
0.025790
0.025814
0.025837
0.025861
0.024694
0.024930
0.024958
0.024986
0.025010
0.025036
0.025060
0.025084
0.025109
0.025132
0.025156
0.029071
0.029326
0.029346
0.029364
0.029382
0.029401
0.029418
0.029435
0.029452
0.029469
0.029486
0.032269
0.032538
0.032560
0.032579
0.032597
0.032615
0.032633
0.032650
0.032668
0.032686
0.032704
0.025979
0.026213
0.026231
0.026244
0.026258
0.026271
0.026284
0.026297
0.026312
0.026325
0.026337
0.026783
0.027009
0.027046
0.027078
0.027104
0.027128
0.027152
0.027177
0.027202
0.027225
0.027250
0.024425
0.024643
0.024670
0.024684
0.024698
0.024711
0.024724
0.024737
0.024750
0.024763
0.024776
0.028933
0.029175
0.029203
0.029224
0.029242
0.029260
0.029278
0.029295
0.029312
0.029329
0.029346
0.048963
0.049185
0.049201
0.049216
0.049229
0.049242
0.049255
0.049268
0.049281
0.049294
0.049307
0.025069
0.025293
0.025311
0.025325
0.025339
0.025352
0.025365
0.025378
0.025391
0.025403
0.025417
0.025160
0.025384
0.025403
0.025417
0.025431
0.025444
0.025457
0.025470
0.025483
0.025496
0.025509
0.024942
0.025168
0.025184
0.025198
0.025212
0.025224
0.025238
0.025251
0.025264
0.025276
0.025289
0.024322
0.024548
0.024565
0.024579
0.024592
0.024606
0.024619
0.024632
0.024646
0.024659
0.024672
0.024464
0.024693
0.024711
0.024724
0.024738
0.024754
0.024767
0.024781
0.024797
0.024814
0.024831
0.025418
0.025657
0.025675
0.025700
0.025717
0.025731
0.025747
0.025763
0.025778
0.025793
0.025808
0.027283
0.027521
0.027541
0.027557
0.027574
0.027591
0.027607
0.027623
0.027638
0.027654
0.027670
0.026715
0.026940
0.026968
0.026986
0.027002
0.027018
0.027034
0.027050
0.027065
0.027081
0.027096
0.024457
0.024696
0.024717
0.024734
0.024749
0.024765
0.024780
0.024795
0.024810
0.024826
0.024841
0.057293
0.057533
0.057562
0.057581
0.057598
0.057615
0.057633
0.057650
0.057667
0.057683
0.057701
0.028192
0.028414
0.028432
0.028446
0.028460
0.028473
0.028486
0.028499
0.028512
0.028526
0.028539
0.026047
0.026290
0.026308
0.026322
0.026336
0.026350
0.026363
0.026376
0.026389
0.026402
0.026415
0.024809
0.025037
0.025059
0.025073
0.025087
0.025100
0.025113
0.025126
0.025139
0.025152
0.025165
0.026237
0.026467
0.026484
0.026498
0.026511
0.026525
0.026538
0.026551
0.026564
0.026577
0.026590
0.028263
0.028487
0.028517
0.028533
0.028547
0.028560
0.028574
0.028587
0.028600
0.028614
0.028627
0.026819
0.027040
0.027058
0.027072
0.027085
0.027099
0.027112
0.027125
0.027138
0.027151
0.027164
0.029165
0.029388
0.029406
0.029420
0.029434
0.029447
0.029461
0.029474
0.029488
0.029505
0.029518
0.026034
0.026252
0.026278
0.026292
0.026305
0.026319
0.026332
0.026345
0.026357
0.026371
0.026384
0.024359
0.024592
0.024623
0.024651
0.024677
0.024703
0.024728
0.024752
0.024777
0.024800
0.024824
0.049860
0.050085
0.050126
0.050152
0.050178
0.050202
0.050226
0.050250
0.050273
0.050297
0.050321
0.025705
0.025946
0.025980
0.026006
0.026032
0.026058
0.026090
0.026114
0.026139
0.026163
0.026187
0.025103
0.025339
0.025372
0.025397
0.025423
0.025447
0.025471
0.025495
0.025519
0.025543
0.025567
0.025234
0.025453
0.025488
0.025512
0.025536
0.025561
0.025585
0.025609
0.025633
0.025657
0.025681
0.024657
0.024896
0.024927
0.024955
0.024980
0.025006
0.025031
0.025055
0.025079
0.025103
0.025126
0.025662
0.025879
0.025913
0.025938
0.025963
0.025988
0.026013
0.026036
0.026060
0.026083
0.026107
0.025571
0.025803
0.025820
0.025834
0.025848
0.025861
0.025874
0.025887
0.025899
0.025912
0.025925
0.025583
0.025807
0.025825
0.025839
0.025853
0.025866
0.025879
0.025892
0.025906
0.025919
0.025932
0.025394
0.025611
0.025636
0.025651
0.025664
0.025677
0.025690
0.025703
0.025716
0.025733
0.025746
0.026888
0.027116
0.027134
0.027148
0.027162
0.027176
0.027189
0.027202
0.027215
0.027228
0.027241
0.053242
0.053470
0.053487
0.053501
0.053515
0.053528
0.053541
0.053554
0.053567
0.053581
0.053594
0.026686
0.026909
0.026926
0.026942
0.026960
0.026973
0.026986
0.026999
0.027012
0.027025
0.027038
0.028417
0.028674
0.028695
0.028713
0.028731
0.028748
0.028766
0.028783
0.028800
0.028818
0.028836
0.026212
0.026440
0.026457
0.026472
0.026485
0.026498
0.026511
0.026524
0.026537
0.026550
0.026563
0.025119
0.025344
0.025361
0.025376
0.025389
0.025403
0.025416
0.025429
0.025442
0.025456
0.025469
0.025244
0.025474
0.025491
0.025505
0.025523
0.025536
0.025549
0.025562
0.025576
0.025589
0.025602
0.025105
0.025400
0.025426
0.025440
0.025463
0.025477
0.025490
0.025503
0.025517
0.025529
0.025542
0.026685
0.026898
0.026925
0.026945
0.026978
0.027003
0.027028
0.027052
0.027076
0.027100
0.027123
0.028515
0.028753
0.028783
0.028809
0.028836
0.028861
0.028887
0.028912
0.028936
0.028960
0.028985
0.025671
0.025887
0.025904
0.025918
0.025941
0.025954
0.025968
0.025981
0.025994
0.026007
0.026021
0.050981
0.051202
0.051219
0.051234
0.051248
0.051261
0.051275
0.051288
0.051301
0.051315
0.051328
0.029000
0.029228
0.029245
0.029260
0.029273
0.029286
0.029299
0.029312
0.029325
0.029338
0.029351
0.025409
0.025633
0.025650
0.025665
0.025679
0.025693
0.025706
0.025718
0.025734
0.025747
0.025760
0.025057
0.025287
0.025305
0.025319
0.025333
0.025347
0.025360
0.025373
0.025387
0.025399
0.025413
0.026040
0.026264
0.026281
0.026296
0.026310
0.026323
0.026336
0.026349
0.026362
0.026375
0.026388
0.026635
0.026860
0.026878
0.026892
0.026906
0.026919
0.026932
0.026946
0.026959
0.026972
0.026985
0.025859
0.026083
0.026100
0.026114
0.026128
0.026142
0.026155
0.026168
0.026181
0.026194
0.026207
0.025750
0.025977
0.025995
0.026009
0.026023
0.026036
0.026049
0.026062
0.026075
0.026088
0.026100
0.026160
0.026387
0.026405
0.026419
0.026433
0.026446
0.026459
0.026472
0.026485
0.026504
0.026520
0.025731
0.025948
0.025975
0.025989
0.026003
0.026016
0.026029
0.026042
0.026055
0.026068
0.026081
0.051266
0.051490
0.051507
0.051522
0.051535
0.051549
0.051562
0.051575
0.051588
0.051601
0.051614
0.026623
0.026843
0.026871
0.026886
0.026899
0.026913
0.026926
0.026939
0.026952
0.026965
0.026978
0.025606
0.025832
0.025850
0.025864
0.025878
0.025891
0.025904
0.025918
0.025931
0.025944
0.025957
0.025923
0.026145
0.026162
0.026177
0.026191
0.026204
0.026217
0.026230
0.026243
0.026257
0.026270
0.025914
0.026131
0.026157
0.026171
0.026186
0.026199
0.026212
0.026226
0.026244
0.026257
0.026270
0.029272
0.029517
0.029547
0.029565
0.029583
0.029600
0.029618
0.029634
0.029652
0.029669
0.029686
0.025065
0.025292
0.025309
0.025323
0.025337
0.025351
0.025363
0.025377
0.025390
0.025403
0.025416
0.026390
0.026615
0.026632
0.026646
0.026659
0.026672
0.026685
0.026699
0.026712
0.026725
0.026738
0.025435
0.025694
0.025713
0.025728
0.025741
0.025755
0.025768
0.025781
0.025795
0.025808
0.025821
0.027493
0.027720
0.027738
0.027752
0.027766
0.027779
0.027792
0.027806
0.027819
0.027833
0.027846
0.051101
0.051324
0.051342
0.051356
0.051371
0.051387
0.051400
0.051414
0.051427
0.051440
0.051453
0.026967
0.027182
0.027208
0.027223
0.027236
0.027250
0.027263
0.027277
0.027290
0.027303
0.027316
0.025685
0.025912
0.025929
0.025944
0.025957
0.025971
0.025984
0.025997
0.026010
0.026023
0.026036
0.025275
0.025489
0.025516
0.025530
0.025544
0.025558
0.025571
0.025584
0.025598
0.025611
0.025624
0.025290
0.025518
0.025536
0.025551
0.025564
0.025578
0.025591
0.025604
0.025618
0.025631
0.025644
0.025272
0.025498
0.025515
0.025529
0.025543
0.025556
0.025570
0.025583
0.025596
0.025609
0.025622
0.025132
0.025358
0.025375
0.025390
0.025403
0.025417
0.025429
0.025443
0.025456
0.025469
0.025482
0.030324
0.030555
0.030573
0.030587
0.030601
0.030615
0.030628
0.030641
0.030654
0.030667
0.030680
0.031435
0.031675
0.031705
0.031723
0.031741
0.031758
0.031775
0.031793
0.031810
0.031827
0.031844
0.025620
0.025849
0.025867
0.025882
0.025896
0.025909
0.025923
0.025936
0.025949
0.025962
0.025975
0.051623
0.051847
0.051864
0.051878
0.051892
0.051905
0.051918
0.051931
0.051944
0.051957
0.051970
0.026442
0.026667
0.026684
0.026699
0.026712
0.026726
0.026739
0.026752
0.026765
0.026778
0.026791
0.025800
0.026025
0.026042
0.026056
0.026069
0.026083
0.026096
0.026109
0.026122
0.026134
0.026148
0.026198
0.026441
0.026461
0.026478
0.026494
0.026509
0.026524
0.026539
0.026555
0.026570
0.026585
0.025460
0.025684
0.025700
0.025715
0.025728
0.025741
0.025754
0.025767
0.025780
0.025793
0.025806
0.025476
0.025704
0.025722
0.025736
0.025750
0.025763
0.025777
0.025790
0.025803
0.025816
0.025829
0.025120
0.025347
0.025367
0.025384
0.025400
0.025416
0.025433
0.025450
0.025467
0.025483
0.025498
0.025119
0.025347
0.025373
0.025391
0.025409
0.025424
0.025440
0.025455
0.025471
0.025486
0.025502
0.026519
0.026745
0.026765
0.026783
0.026800
0.026816
0.026832
0.026847
0.026863
0.026879
0.026894
0.026678
0.026911
0.026930
0.026947
0.026963
0.026979
0.026995
0.027010
0.027026
0.027041
0.027057
0.052815
0.053030
0.053056
0.053070
0.053083
0.053097
0.053110
0.053123
0.053136
0.053149
0.053162
0.033977
0.034238
0.034268
0.034292
0.034312
0.034329
0.034347
0.034364
0.034383
0.034400
0.034417
0.027108
0.027336
0.027354
0.027368
0.027383
0.027396
0.027410
0.027423
0.027436
0.027452
0.027464
0.025330
0.025555
0.025572
0.025586
0.025599
0.025612
0.025626
0.025639
0.025652
0.025665
0.025678
0.027471
0.027695
0.027713
0.027727
0.027741
0.027755
0.027768
0.027781
0.027794
0.027808
0.027821
0.025444
0.025671
0.025688
0.025702
0.025716
0.025729
0.025742
0.025756
0.025769
0.025782
0.025795
0.025843
0.026067
0.026085
0.026100
0.026114
0.026128
0.026141
0.026154
0.026167
0.026181
0.026194
0.026515
0.026730
0.026757
0.026771
0.026785
0.026798
0.026812
0.026825
0.026838
0.026851
0.026865
0.032757
0.033014
0.033045
0.033064
0.033081
0.033099
0.033116
0.033134
0.033151
0.033168
0.033186
0.028800
0.029019
0.029046
0.029060
0.029074
0.029087
0.029101
0.029114
0.029126
0.029140
0.029153
0.052933
0.053164
0.053182
0.053196
0.053210
0.053223
0.053236
0.053249
0.053263
0.053276
0.053288
0.026517
0.026769
0.026788
0.026802
0.026816
0.026829
0.026843
0.026855
0.026869
0.026882
0.026895
0.026055
0.026280
0.026298
0.026312
0.026325
0.026339
0.026351
0.026365
0.026378
0.026391
0.026403
0.025689
0.025916
0.025934
0.025949
0.025962
0.025976
0.025989
0.026002
0.026016
0.026029
0.026042
0.026406
0.026636
0.026654
0.026668
0.026682
0.026695
0.026708
0.026721
0.026734
0.026747
0.026760
0.025206
0.025430
0.025447
0.025461
0.025474
0.025487
0.025501
0.025514
0.025527
0.025540
0.025553
0.026459
0.026676
0.026705
0.026719
0.026733
0.026746
0.026759
0.026772
0.026785
0.026798
0.026811
0.026699
0.026926
0.026944
0.026958
0.026972
0.026984
0.026998
0.027011
0.027024
0.027038
0.027051
0.026594
0.026823
0.026840
0.026854
0.026868
0.026881
0.026894
0.026907
0.026920
0.026933
0.026947
0.025696
0.025917
0.025934
0.025949
0.025962
0.025975
0.025988
0.026002
0.026015
0.026028
0.026041
0.056536
0.056765
0.056785
0.056802
0.056819
0.056835
0.056851
0.056867
0.056882
0.056897
0.056913
0.026608
0.026830
0.026848
0.026862
0.026875
0.026889
0.026902
0.026916
0.026929
0.026942
0.026955
0.025850
0.026066
0.026093
0.026106
0.026120
0.026133
0.026146
0.026159
0.026172
0.026185
0.026198
0.028770
0.029017
0.029038
0.029056
0.029073
0.029091
0.029109
0.029127
0.029144
0.029161
0.029178
0.026697
0.026924
0.026941
0.026955
0.026968
0.026982
0.026995
0.027008
0.027021
0.027034
0.027047
0.026433
0.026654
0.026676
0.026691
0.026705
0.026719
0.026732
0.026746
0.026760
0.026773
0.026786
0.026611
0.026833
0.026850
0.026864
0.026878
0.026891
0.026905
0.026918
0.026931
0.026944
0.026957
0.026106
0.026329
0.026347
0.026362
0.026376
0.026389
0.026402
0.026416
0.026429
0.026442
0.026455
0.028149
0.028375
0.028393
0.028406
0.028420
0.028433
0.028446
0.028459
0.028473
0.028485
0.028498
0.029790
0.030039
0.030069
0.030087
0.030104
0.030122
0.030139
0.030156
0.030173
0.030190
0.030208
0.052599
0.052812
0.052839
0.052853
0.052866
0.052880
0.052893
0.052906
0.052919
0.052932
0.052945
0.026599
0.026826
0.026847
0.026862
0.026876
0.026890
0.026902
0.026916
0.026929
0.026941
0.026955
0.028578
0.028796
0.028822
0.028836
0.028850
0.028863
0.028876
0.028890
0.028903
0.028916
0.028929
0.027955
0.028180
0.028209
0.028226
0.028243
0.028259
0.028275
0.028292
0.028308
0.028323
0.028338
0.028800
0.029054
0.029075
0.029093
0.029111
0.029128
0.029146
0.029163
0.029180
0.029197
0.029215
0.026035
0.026278
0.026308
0.026327
0.026345
0.026362
0.026380
0.026397
0.026414
0.026431
0.026448
0.026254
0.026466
0.026493
0.026507
0.026521
0.026534
0.026547
0.026560
0.026573
0.026586
0.026599
0.025582
0.025806
0.025824
0.025838
0.025851
0.025865
0.025878
0.025891
0.025904
0.025917
0.025929
0.026875
0.027100
0.027117
0.027131
0.027144
0.027157
0.027170
0.027183
0.027197
0.027210
0.027223
0.026861
0.027091
0.027108
0.027122
0.027136
0.027149
0.027163
0.027176
0.027189
0.027202
0.027215
0.051051
0.051276
0.051294
0.051308
0.051321
0.051334
0.051347
0.051361
0.051374
0.051388
0.051401
0.026682
0.026911
0.026928
0.026943
0.026956
0.026970
0.026983
0.026997
0.027010
0.027023
0.027036
0.027637
0.027861
0.027878
0.027892
0.027906
0.027919
0.027932
0.027946
0.027959
0.027972
0.027985
0.028155
0.028381
0.028399
0.028414
0.028427
0.028441
0.028454
0.028467
0.028480
0.028493
0.028507
0.030151
0.030373
0.030390
0.030404
0.030417
0.030431
0.030445
0.030458
0.030471
0.030484
0.030497
0.038359
0.038603
0.038633
0.038651
0.038669
0.038686
0.038704
0.038721
0.038738
0.038755
0.038772
0.033206
0.033449
0.033478
0.033496
0.033514
0.033532
0.033550
0.033567
0.033584
0.033601
0.033618
0.030971
0.031196
0.031213
0.031228
0.031241
0.031254
0.031268
0.031281
0.031294
0.031307
0.031319
0.030547
0.030776
0.030794
0.030808
0.030822
0.030835
0.030848
0.030861
0.030875
0.030887
0.030900
0.027595
0.027816
0.027836
0.027862
0.027879
0.027895
0.027911
0.027926
0.027942
0.027958
0.027974
0.057181
0.057405
0.057427
0.057444
0.057461
0.057477
0.057492
0.057508
0.057524
0.057539
0.057555
0.029644
0.029860
0.029891
0.029908
0.029924
0.029940
0.029955
0.029971
0.029986
0.030002
0.030017
0.033588
0.033844
0.033864
0.033880
0.033896
0.033912
0.033928
0.033944
0.033959
0.033975
0.033991
0.026611
0.026847
0.026867
0.026884
0.026900
0.026916
0.026942
0.026959
0.026975
0.026991
0.027006
0.026546
0.026775
0.026797
0.026814
0.026832
0.026848
0.026865
0.026880
0.026900
0.026917
0.026932
0.028062
0.028278
0.028307
0.028324
0.028341
0.028357
0.028373
0.028388
0.028404
0.028420
0.028436
0.026800
0.027033
0.027053
0.027069
0.027085
0.027101
0.027117
0.027133
0.027148
0.027164
0.027179
0.027945
0.028164
0.028182
0.028199
0.028215
0.028240
0.028256
0.028272
0.028288
0.028303
0.028320
0.027942
0.028170
0.028187
0.028201
0.028214
0.028227
0.028240
0.028254
0.028266
0.028279
0.028292
0.034519
0.034770
0.034791
0.034809
0.034827
0.034844
0.034862
0.034879
0.034896
0.034914
0.034931
0.056878
0.057105
0.057123
0.057137
0.057151
0.057164
0.057178
0.057191
0.057204
0.057217
0.057230
0.032367
0.032594
0.032611
0.032626
0.032640
0.032653
0.032667
0.032681
0.032694
0.032708
0.032722
0.031647
0.031877
0.031894
0.031908
0.031922
0.031935
0.031949
0.031962
0.031975
0.031988
0.032001
0.030503
0.030729
0.030746
0.030760
0.030774
0.030787
0.030801
0.030815
0.030828
0.030841
0.030855
0.031976
0.032194
0.032221
0.032235
0.032248
0.032262
0.032275
0.032288
0.032300
0.032313
0.032326
0.031538
0.031764
0.031782
0.031796
0.031810
0.031824
0.031837
0.031850
0.031863
0.031876
0.031890
0.033614
0.033842
0.033859
0.033874
0.033887
0.033901
0.033914
0.033926
0.033940
0.033953
0.033966
0.032029
0.032248
0.032274
0.032289
0.032303
0.032317
0.032331
0.032344
0.032357
0.032371
0.032384
0.032103
0.032332
0.032350
0.032364
0.032377
0.032391
0.032404
0.032417
0.032430
0.032443
0.032455
0.030097
0.030309
0.030334
0.030349
0.030362
0.030376
0.030389
0.030402
0.030415
0.030428
0.030440
0.058308
0.058532
0.058549
0.058564
0.058577
0.058591
0.058604
0.058617
0.058630
0.058643
0.058656
0.031880
0.032108
0.032125
0.032139
0.032153
0.032166
0.032180
0.032193
0.032207
0.032220
0.032233
0.030810
0.031024
0.031050
0.031064
0.031078
0.031091
0.031104
0.031117
0.031130
0.031143
0.031157
0.030686
0.030912
0.030930
0.030944
0.030958
0.030971
0.030984
0.030997
0.031011
0.031024
0.031037
0.031521
0.031745
0.031762
0.031776
0.031790
0.031803
0.031816
0.031829
0.031842
0.031855
0.031868
0.032149
0.032405
0.032423
0.032438
0.032452
0.032466
0.032479
0.032493
0.032506
0.032519
0.032532
0.030702
0.030927
0.030944
0.030958
0.030972
0.030985
0.030999
0.031012
0.031025
0.031038
0.031051
0.031353
0.031574
0.031601
0.031616
0.031629
0.031642
0.031656
0.031669
0.031682
0.031695
0.031708
0.030910
0.031124
0.031150
0.031164
0.031177
0.031190
0.031204
0.031217
0.031230
0.031243
0.031257
0.029127
0.029354
0.029372
0.029386
0.029400
0.029413
0.029427
0.029439
0.029453
0.029465
0.029478
0.056425
0.056657
0.056676
0.056690
0.056703
0.056716
0.056730
0.056743
0.056756
0.056769
0.056783
0.030619
0.030843
0.030860
0.030874
0.030888
0.030902
0.030915
0.030928
0.030941
0.030954
0.030967
0.029831
0.030055
0.030073
0.030087
0.030101
0.030114
0.030128
0.030141
