1.877804
0.031099
0.031385
0.031422
0.031449
0.031474
0.031501
0.031528
0.031554
0.031581
0.031606
0.031631
0.026134
0.026382
0.026400
0.026415
0.026429
0.026443
0.026457
0.026471
0.026484
0.026499
0.026513
0.027054
0.027298
0.027316
0.027332
0.027346
0.027360
0.027374
0.027388
0.027401
0.027415
0.027429
0.027105
0.027336
0.027355
0.027370
0.027384
0.027397
0.027412
0.027426
0.027439
0.027453
0.027466
0.025734
0.025951
0.025978
0.025993
0.026006
0.026020
0.026033
0.026046
0.026060
0.026073
0.026086
0.025345
0.025570
0.025587
0.025602
0.025619
0.025636
0.025652
0.025669
0.025684
0.025700
0.025715
0.024958
0.025185
0.025203
0.025217
0.025230
0.025244
0.025262
0.025280
0.025295
0.025311
0.025327
0.024838
0.025067
0.025086
0.025102
0.025118
0.025134
0.025149
0.025165
0.025180
0.025195
0.025211
0.025247
0.025478
0.025498
0.025515
0.025531
0.025548
0.025565
0.025581
0.025597
0.025613
0.025628
0.048249
0.048474
0.048493
0.048510
0.048526
0.048541
0.048557
0.048574
0.048589
0.048604
0.048619
0.026385
0.026615
0.026636
0.026653
0.026669
0.026685
0.026700
0.026716
0.026732
0.026747
0.026763
0.024822
0.025060
0.025079
0.025097
0.025113
0.025133
0.025148
0.025164
0.025180
0.025196
0.025212
0.024834
0.025065
0.025085
0.025102
0.025118
0.025133
0.025149
0.025165
0.025181
0.025197
0.025213
0.024369
0.024599
0.024619
0.024636
0.024651
0.024669
0.024684
0.024700
0.024716
0.024732
0.024755
0.024913
0.025144
0.025164
0.025180
0.025197
0.025212
0.025229
0.025245
0.025261
0.025277
0.025292
0.026254
0.026499
0.026527
0.026542
0.026558
0.026572
0.026588
0.026603
0.026621
0.026635
0.026651
0.027202
0.027455
0.027473
0.027489
0.027506
0.027522
0.027537
0.027552
0.027567
0.027583
0.027597
0.027040
0.027285
0.027313
0.027328
0.027344
0.027359
0.027375
0.027390
0.027405
0.027420
0.027435
0.023824
0.024056
0.024075
0.024095
0.024111
0.024127
0.024143
0.024159
0.024175
0.024191
0.024206
0.048764
0.048985
0.049002
0.049017
0.049030
0.049043
0.049057
0.049070
0.049083
0.049096
0.049109
0.024185
0.024399
0.024425
0.024439
0.024453
0.024466
0.024480
0.024493
0.024506
0.024519
0.024532
0.024080
0.024306
0.024326
0.024339
0.024353
0.024366
0.024380
0.024393
0.024406
0.024419
0.024432
0.024512
0.024736
0.024754
0.024768
0.024781
0.024795
0.024808
0.024822
0.024835
0.024848
0.024861
0.025202
0.025428
0.025445
0.025460
0.025473
0.025486
0.025501
0.025514
0.025527
0.025541
0.025554
0.025483
0.025728
0.025758
0.025776
0.025794
0.025814
0.025831
0.025848
0.025865
0.025882
0.025899
0.024750
0.024974
0.024992
0.025007
0.025020
0.025033
0.025046
0.025059
0.025072
0.025085
0.025098
0.025081
0.025297
0.025323
0.025337
0.025351
0.025364
0.025377
0.025390
0.025403
0.025416
0.025429
0.028014
0.028258
0.028287
0.028306
0.028323
0.028341
0.028358
0.028375
0.028393
0.028410
0.028427
0.029335
0.029583
0.029613
0.029632
0.029649
0.029667
0.029684
0.029701
0.029719
0.029736
0.029754
0.049733
0.049955
0.049973
0.049987
0.050000
0.050013
0.050026
0.050039
0.050052
0.050065
0.050077
0.028983
0.029231
0.029267
0.029286
0.029304
0.029322
0.029339
0.029356
0.029373
0.029391
0.029408
0.024557
0.024787
0.024805
0.024818
0.024832
0.024846
0.024860
0.024873
0.024886
0.024899
0.024913
0.024411
0.024637
0.024657
0.024672
0.024685
0.024699
0.024712
0.024725
0.024739
0.024752
0.024765
0.024439
0.024659
0.024685
0.024699
0.024713
0.024726
0.024740
0.024752
0.024766
0.024779
0.024792
0.024228
0.024457
0.024475
0.024489
0.024502
0.024515
0.024529
0.024542
0.024555
0.024568
0.024581
0.024261
0.024492
0.024509
0.024524
0.024537
0.024551
0.024564
0.024577
0.024590
0.024603
0.024616
0.030246
0.030473
0.030490
0.030504
0.030518
0.030532
0.030545
0.030559
0.030572
0.030588
0.030602
0.023777
0.024007
0.024025
0.024039
0.024053
0.024066
0.024079
0.024092
0.024105
0.024118
0.024131
0.024271
0.024499
0.024517
0.024531
0.024544
0.024558
0.024571
0.024585
0.024598
0.024611
0.024625
0.050936
0.051160
0.051177
0.051192
0.051205
0.051218
0.051231
0.051244
0.051256
0.051269
0.051282
0.025108
0.025320
0.025347
0.025361
0.025375
0.025389
0.025402
0.025415
0.025428
0.025441
0.025454
0.028473
0.028727
0.028748
0.028766
0.028783
0.028801
0.028818
0.028836
0.028853
0.028870
0.028887
0.023914
0.024138
0.024156
0.024171
0.024185
0.024199
0.024212
0.024225
0.024238
0.024251
0.024264
0.024188
0.024403
0.024429
0.024443
0.024457
0.024470
0.024483
0.024496
0.024509
0.024522
0.024535
0.025067
0.025295
0.025313
0.025327
0.025342
0.025355
0.025368
0.025382
0.025395
0.025408
0.025421
0.024753
0.024981
0.024999
0.025013
0.025027
0.025040
0.025054
0.025067
0.025080
0.025093
0.025106
0.024645
0.024868
0.024885
0.024900
0.024914
0.024927
0.024940
0.024954
0.024967
0.024980
0.024993
0.030010
0.030257
0.030287
0.030306
0.030323
0.030340
0.030358
0.030375
0.030392
0.030413
0.030430
0.025834
0.026063
0.026083
0.026100
0.026117
0.026132
0.026149
0.026164
0.026180
0.026195
0.026211
0.052555
0.052786
0.052806
0.052824
0.052840
0.052857
0.052873
0.052889
0.052904
0.052920
0.052936
0.034505
0.034760
0.034790
0.034809
0.034828
0.034846
0.034864
0.034881
0.034899
0.034917
0.034934
0.027800
0.028028
0.028045
0.028059
0.028073
0.028086
0.028099
0.028113
0.028126
0.028139
0.028152
0.026155
0.026382
0.026399
0.026413
0.026428
0.026441
0.026454
0.026468
0.026481
0.026494
0.026507
0.026511
0.026739
0.026757
0.026771
0.026784
0.026798
0.026811
0.026824
0.026837
0.026851
0.026864
0.026067
0.026292
0.026309
0.026324
0.026341
0.026355
0.026368
0.026382
0.026395
0.026409
0.026423
0.025805
0.026032
0.026049
0.026064
0.026077
0.026090
0.026104
0.026118
0.026132
0.026145
0.026157
0.024768
0.024994
0.025012
0.025026
0.025040
0.025053
0.025066
0.025079
0.025092
0.025105
0.025118
0.024915
0.025138
0.025156
0.025170
0.025184
0.025198
0.025211
0.025225
0.025238
0.025252
0.025265
0.023865
0.024090
0.024108
0.024122
0.024136
0.024149
0.024162
0.024176
0.024189
0.024202
0.024215
0.051527
0.051753
0.051770
0.051785
0.051798
0.051812
0.051825
0.051838
0.051851
0.051864
0.051877
0.026110
0.026337
0.026354
0.026369
0.026382
0.026396
0.026409
0.026422
0.026435
0.026449
0.026462
0.026608
0.026840
0.026858
0.026873
0.026887
0.026901
0.026914
0.026928
0.026943
0.026957
0.026970
0.025312
0.025537
0.025555
0.025569
0.025583
0.025597
0.025610
0.025623
0.025636
0.025650
0.025662
0.025203
0.025431
0.025448
0.025463
0.025477
0.025490
0.025504
0.025517
0.025530
0.025543
0.025557
0.025218
0.025435
0.025461
0.025476
0.025490
0.025503
0.025516
0.025529
0.025542
0.025555
0.025568
0.025444
0.025667
0.025685
0.025699
0.025712
0.025726
0.025739
0.025752
0.025765
0.025778
0.025790
0.025913
0.026145
0.026162
0.026176
0.026190
0.026203
0.026217
0.026231
0.026244
0.026257
0.026270
0.025917
0.026133
0.026160
0.026174
0.026188
0.026201
0.026215
0.026227
0.026241
0.026253
0.026266
0.025827
0.026051
0.026068
0.026083
0.026097
0.026110
0.026123
0.026136
0.026149
0.026162
0.026175
0.051220
0.051451
0.051493
0.051517
0.051543
0.051567
0.051591
0.051616
0.051639
0.051663
0.051687
0.026277
0.026507
0.026548
0.026572
0.026598
0.026622
0.026647
0.026670
0.026694
0.026718
0.026743
0.025886
0.026129
0.026162
0.026188
0.026209
0.026237
0.026265
0.026281
0.026295
0.026308
0.026322
0.024448
0.024677
0.024695
0.024710
0.024724
0.024738
0.024751
0.024764
0.024777
0.024791
0.024804
0.024343
0.024567
0.024584
0.024598
0.024611
0.024624
0.024638
0.024651
0.024664
0.024677
0.024689
0.025178
0.025401
0.025418
0.025433
0.025446
0.025460
0.025473
0.025486
0.025499
0.025512
0.025526
0.028910
0.029137
0.029154
0.029168
0.029181
0.029194
0.029207
0.029221
0.029234
0.029246
0.029259
0.024782
0.025010
0.025027
0.025042
0.025055
0.025068
0.025081
0.025095
0.025108
0.025121
0.025134
0.027498
0.027722
0.027739
0.027754
0.027767
0.027781
0.027794
0.027807
0.027820
0.027834
0.027847
0.024946
0.025174
0.025191
0.025205
0.025219
0.025232
0.025245
0.025259
0.025272
0.025285
0.025298
0.051681
0.051906
0.051924
0.051938
0.051951
0.051967
0.051980
0.051993
0.052006
0.052019
0.052032
0.026267
0.026483
0.026509
0.026524
0.026538
0.026551
0.026565
0.026579
0.026592
0.026605
0.026618
0.025920
0.026146
0.026163
0.026178
0.026192
0.026205
0.026218
0.026231
0.026244
0.026257
0.026269
0.024785
0.025011
0.025028
0.025043
0.025057
0.025070
0.025083
0.025096
0.025109
0.025122
0.025135
0.024822
0.025048
0.025065
0.025080
0.025093
0.025106
0.025120
0.025133
0.025146
0.025158
0.025171
0.024632
0.024858
0.024875
0.024890
0.024904
0.024916
0.024935
0.024948
0.024962
0.024975
0.024988
0.024811
0.025038
0.025055
0.025070
0.025084
0.025097
0.025111
0.025124
0.025137
0.025150
0.025163
0.025363
0.025590
0.025609
0.025623
0.025637
0.025651
0.025664
0.025677
0.025690
0.025704
0.025717
0.024051
0.024274
0.024301
0.024315
0.024328
0.024342
0.024355
0.024368
0.024381
0.024394
0.024409
0.024811
0.025041
0.025061
0.025078
0.025095
0.025111
0.025127
0.025142
0.025158
0.025172
0.025188
0.060519
0.060750
0.060767
0.060782
0.060795
0.060808
0.060821
0.060835
0.060848
0.060860
0.060873
0.024754
0.024980
0.024998
0.025013
0.025027
0.025040
0.025054
0.025068
0.025081
0.025094
0.025107
0.025447
0.025677
0.025694
0.025709
0.025723
0.025736
0.025749
0.025762
0.025775
0.025788
0.025801
0.025914
0.026134
0.026151
0.026165
0.026179
0.026193
0.026206
0.026219
0.026232
0.026245
0.026258
0.027865
0.028112
0.028131
0.028158
0.028176
0.028193
0.028210
0.028228
0.028245
0.028262
0.028280
0.024891
0.025138
0.025156
0.025171
0.025184
0.025197
0.025211
0.025224
0.025237
0.025249
0.025262
0.024496
0.024720
0.024737
0.024751
0.024765
0.024779
0.024792
0.024805
0.024818
0.024832
0.024845
0.024630
0.024846
0.024873
0.024887
0.024900
0.024914
0.024927
0.024940
0.024953
0.024966
0.024979
0.023784
0.024010
0.024027
0.024041
0.024055
0.024068
0.024081
0.024095
0.024108
0.024122
0.024135
0.025927
0.026145
0.026171
0.026186
0.026200
0.026213
0.026227
0.026240
0.026253
0.026266
0.026279
0.052097
0.052323
0.052340
0.052354
0.052368
0.052381
0.052395
0.052408
0.052421
0.052434
0.052448
0.027831
0.028055
0.028073
0.028088
0.028101
0.028114
0.028127
0.028140
0.028153
0.028166
0.028179
0.025966
0.026185
0.026212
0.026227
0.026241
0.026254
0.026268
0.026281
0.026294
0.026309
0.026322
0.025491
0.025741
0.025761
0.025775
0.025789
0.025803
0.025816
0.025829
0.025842
0.025855
0.025868
0.026878
0.027092
0.027119
0.027134
0.027148
0.027162
0.027175
0.027189
0.027202
0.027215
0.027228
0.026222
0.026447
0.026464
0.026478
0.026492
0.026505
0.026519
0.026532
0.026545
0.026558
0.026571
0.025383
0.025597
0.025623
0.025638
0.025652
0.025666
0.025679
0.025692
0.025705
0.025718
0.025731
0.026817
0.027047
0.027065
0.027079
0.027093
0.027107
0.027120
0.027133
0.027146
0.027159
0.027172
0.024688
0.024917
0.024935
0.024949
0.024963
0.024976
0.024989
0.025001
0.025014
0.025027
0.025040
0.025275
0.025503
0.025520
0.025534
0.025548
0.025561
0.025574
0.025587
0.025600
0.025613
0.025626
0.051960
0.052174
0.052201
0.052215
0.052228
0.052242
0.052255
0.052268
0.052281
0.052294
0.052308
0.024087
0.024312
0.024329
0.024344
0.024357
0.024371
0.024384
0.024397
0.024410
0.024423
0.024437
0.024820
0.025052
0.025081
0.025095
0.025109
0.025122
0.025135
0.025148
0.025162
0.025175
0.025187
0.024833
0.025059
0.025079
0.025096
0.025112
0.025128
0.025145
0.025162
0.025177
0.025193
0.025209
0.025275
0.025502
0.025523
0.025540
0.025555
0.025572
0.025587
0.025603
0.025619
0.025635
0.025651
0.024307
0.024536
0.024557
0.024574
0.024591
0.024607
0.024623
0.024639
0.024654
0.024671
0.024686
0.024890
0.025122
0.025148
0.025165
0.025182
0.025198
0.025213
0.025229
0.025244
0.025259
0.025275
0.025490
0.025720
0.025740
0.025757
0.025773
0.025788
0.025805
0.025820
0.025836
0.025853
0.025869
0.025578
0.025800
0.025829
0.025847
0.025864
0.025879
0.025895
0.025911
0.025927
0.025941
0.025957
0.026175
0.026405
0.026425
0.026442
0.026458
0.026474
0.026489
0.026506
0.026521
0.026537
0.026553
0.052200
0.052431
0.052450
0.052467
0.052483
0.052499
0.052515
0.052530
0.052546
0.052561
0.052576
0.025324
0.025553
0.025574
0.025591
0.025607
0.025623
0.025639
0.025655
0.025670
0.025685
0.025700
0.025574
0.025795
0.025825
0.025842
0.025858
0.025874
0.025889
0.025904
0.025920
0.025936
0.025951
0.025831
0.026060
0.026079
0.026097
0.026113
0.026129
0.026146
0.026163
0.026179
0.026194
0.026210
0.024752
0.024971
0.024999
0.025017
0.025033
0.025049
0.025064
0.025080
0.025095
0.025111
0.025128
0.024616
0.024847
0.024867
0.024884
0.024901
0.024917
0.024933
0.024948
0.024964
0.024979
0.024995
0.024104
0.024325
0.024353
0.024369
0.024385
0.024401
0.024417
0.024432
0.024448
0.024463
0.024478
0.024957
0.025187
0.025207
0.025224
0.025241
0.025257
0.025273
0.025289
0.025304
0.025319
0.025335
0.026883
0.027105
0.027133
0.027150
0.027166
0.027181
0.027196
0.027212
0.027227
0.027242
0.027256
0.024800
0.025021
0.025050
0.025067
0.025083
0.025098
0.025114
0.025130
0.025145
0.025160
0.025176
0.050374
0.050596
0.050613
0.050633
0.050647
0.050660
0.050673
0.050686
0.050699
0.050712
0.050725
0.025933
0.026162
0.026185
0.026202
0.026218
0.026234
0.026249
0.026264
0.026279
0.026295
0.026310
0.026107
0.026336
0.026357
0.026374
0.026391
0.026407
0.026424
