1.702815
0.038510
0.038793
0.038816
0.038833
0.038852
0.038869
0.038887
0.038903
0.038921
0.038938
0.038955
0.041218
0.041510
0.041529
0.041555
0.041576
0.041595
0.041613
0.041631
0.041648
0.041667
0.041685
0.032965
0.033198
0.033217
0.033233
0.033248
0.033262
0.033276
0.033290
0.033303
0.033317
0.033331
0.036235
0.036457
0.036473
0.036485
0.036510
0.036524
0.036538
0.036551
0.036565
0.036579
0.036592
0.031929
0.032159
0.032179
0.032198
0.032229
0.032248
0.032263
0.032277
0.032290
0.032304
0.032318
0.030433
0.030657
0.030684
0.030700
0.030714
0.030728
0.030742
0.030755
0.030770
0.030783
0.030796
0.029092
0.029319
0.029337
0.029352
0.029365
0.029379
0.029395
0.029408
0.029422
0.029435
0.029449
0.031044
0.031276
0.031292
0.031305
0.031317
0.031333
0.031347
0.031361
0.031374
0.031388
0.031402
0.026320
0.026549
0.026567
0.026582
0.026595
0.026608
0.026621
0.026634
0.026647
0.026660
0.026674
0.047008
0.047246
0.047272
0.047294
0.047314
0.047334
0.047353
0.047374
0.047394
0.047417
0.047437
0.024339
0.024559
0.024586
0.024600
0.024613
0.024626
0.024639
0.024652
0.024665
0.024678
0.024691
0.024083
0.024304
0.024331
0.024346
0.024359
0.024375
0.024389
0.024403
0.024416
0.024430
0.024443
0.024166
0.024396
0.024413
0.024427
0.024441
0.024454
0.024467
0.024480
0.024493
0.024506
0.024519
0.024880
0.025106
0.025132
0.025147
0.025161
0.025177
0.025190
0.025203
0.025217
0.025229
0.025243
0.025949
0.026180
0.026197
0.026212
0.026225
0.026238
0.026252
0.026265
0.026278
0.026292
0.026305
0.026261
0.026488
0.026505
0.026519
0.026533
0.026546
0.026560
0.026573
0.026588
0.026602
0.026615
0.025719
0.025949
0.025966
0.025980
0.025994
0.026007
0.026021
0.026034
0.026047
0.026060
0.026073
0.024967
0.025197
0.025215
0.025229
0.025242
0.025255
0.025269
0.025282
0.025295
0.025308
0.025322
0.026316
0.026543
0.026561
0.026579
0.026593
0.026607
0.026620
0.026633
0.026646
0.026659
0.026672
0.052102
0.052328
0.052345
0.052358
0.052372
0.052391
0.052404
0.052417
0.052430
0.052443
0.052456
0.025716
0.025946
0.025965
0.025980
0.025994
0.026007
0.026020
0.026033
0.026047
0.026060
0.026073
0.027626
0.027852
0.027872
0.027886
0.027900
0.027913
0.027926
0.027939
0.027952
0.027966
0.027979
0.026569
0.026798
0.026816
0.026830
0.026844
0.026857
0.026871
0.026884
0.026897
0.026910
0.026924
0.025002
0.025233
0.025250
0.025264
0.025278
0.025292
0.025305
0.025318
0.025331
0.025344
0.025357
0.025180
0.025403
0.025421
0.025436
0.025450
0.025466
0.025479
0.025492
0.025505
0.025518
0.025531
0.025185
0.025417
0.025434
0.025448
0.025461
0.025475
0.025488
0.025501
0.025514
0.025527
0.025540
0.025623
0.025839
0.025865
0.025880
0.025894
0.025908
0.025921
0.025934
0.025947
0.025961
0.025974
0.025486
0.025712
0.025729
0.025743
0.025757
0.025770
0.025783
0.025796
0.025809
0.025822
0.025835
0.026180
0.026403
0.026420
0.026433
0.026457
0.026470
0.026484
0.026497
0.026510
0.026522
0.026536
0.049730
0.049958
0.049975
0.049989
0.050003
0.050017
0.050030
0.050043
0.050057
0.050070
0.050083
0.026180
0.026410
0.026428
0.026443
0.026457
0.026470
0.026484
0.026497
0.026510
0.026523
0.026537
0.026513
0.026743
0.026784
0.026808
0.026833
0.026857
0.026881
0.026905
0.026928
0.026952
0.026975
0.026527
0.026755
0.026775
0.026790
0.026803
0.026817
0.026830
0.026844
0.026857
0.026871
0.026884
0.026174
0.026403
0.026420
0.026434
0.026448
0.026461
0.026475
0.026488
0.026501
0.026514
0.026527
0.026125
0.026355
0.026372
0.026386
0.026400
0.026414
0.026427
0.026441
0.026454
0.026468
0.026481
0.026132
0.026360
0.026377
0.026392
0.026405
0.026419
0.026432
0.026445
0.026458
0.026472
0.026485
0.026017
0.026239
0.026265
0.026280
0.026294
0.026308
0.026322
0.026335
0.026349
0.026366
0.026380
0.025504
0.025733
0.025750
0.025764
0.025778
0.025791
0.025805
0.025818
0.025831
0.025844
0.025857
0.027672
0.027903
0.027921
0.027936
0.027950
0.027964
0.027978
0.027991
0.028004
0.028017
0.028030
0.049900
0.050129
0.050147
0.050162
0.050175
0.050189
0.050202
0.050215
0.050228
0.050241
0.050255
0.027495
0.027728
0.027745
0.027760
0.027774
0.027788
0.027801
0.027814
0.027828
0.027841
0.027854
0.027262
0.027489
0.027506
0.027520
0.027534
0.027547
0.027560
0.027573
0.027586
0.027599
0.027612
0.026506
0.026725
0.026751
0.026766
0.026780
0.026794
0.026807
0.026821
0.026834
0.026847
0.026861
0.026281
0.026514
0.026531
0.026546
0.026559
0.026572
0.026586
0.026599
0.026612
0.026625
0.026638
0.025844
0.026078
0.026096
0.026112
0.026125
0.026139
0.026152
0.026165
0.026179
0.026191
0.026205
0.025218
0.025448
0.025465
0.025480
0.025494
0.025507
0.025521
0.025534
0.025547
0.025560
0.025573
0.026388
0.026643
0.026662
0.026677
0.026691
0.026705
0.026718
0.026731
0.026745
0.026758
0.026771
0.026480
0.026706
0.026724
0.026738
0.026752
0.026766
0.026780
0.026793
0.026806
0.026823
0.026836
0.026187
0.026419
0.026437
0.026452
0.026465
0.026479
0.026492
0.026505
0.026517
0.026531
0.026543
0.048980
0.049207
0.049225
0.049239
0.049252
0.049266
0.049278
0.049291
0.049304
0.049317
0.049330
0.026350
0.026579
0.026597
0.026612
0.026626
0.026640
0.026654
0.026667
0.026680
0.026694
0.026707
0.026770
0.026995
0.027013
0.027027
0.027041
0.027055
0.027068
0.027081
0.027094
0.027108
0.027121
0.026252
0.026480
0.026498
0.026513
0.026527
0.026540
0.026553
0.026567
0.026580
0.026593
0.026606
0.026991
0.027209
0.027235
0.027249
0.027263
0.027277
0.027290
0.027303
0.027317
0.027330
0.027344
0.025993
0.026216
0.026249
0.026271
0.026300
0.026325
0.026348
0.026372
0.026396
0.026419
0.026444
0.026221
0.026453
0.026471
0.026485
0.026499
0.026513
0.026526
0.026540
0.026554
0.026567
0.026580
0.025671
0.025901
0.025919
0.025933
0.025947
0.025960
0.025974
0.025987
0.026000
0.026013
0.026027
0.026733
0.026965
0.026983
0.026997
0.027010
0.027024
0.027037
0.027050
0.027063
0.027076
0.027089
0.026815
0.027043
0.027061
0.027075
0.027089
0.027103
0.027116
0.027129
0.027142
0.027155
0.027168
0.057354
0.057617
0.057639
0.057667
0.057685
0.057704
0.057723
0.057741
0.057759
0.057777
0.057795
0.029798
0.030034
0.030055
0.030072
0.030089
0.030103
0.030117
0.030132
0.030148
0.030161
0.030176
0.025309
0.025542
0.025560
0.025573
0.025587
0.025601
0.025614
0.025627
0.025644
0.025658
0.025671
0.025295
0.025516
0.025542
0.025556
0.025570
0.025584
0.025596
0.025610
0.025623
0.025640
0.025657
0.026256
0.026481
0.026500
0.026526
0.026543
0.026560
0.026574
0.026587
0.026600
0.026613
0.026628
0.027001
0.027230
0.027248
0.027262
0.027276
0.027290
0.027303
0.027316
0.027332
0.027349
0.027365
0.026486
0.026718
0.026738
0.026755
0.026772
0.026787
0.026803
0.026819
0.026835
0.026850
0.026866
0.025917
0.026137
0.026165
0.026182
0.026198
0.026213
0.026230
0.026245
0.026261
0.026276
0.026292
0.025946
0.026177
0.026193
0.026208
0.026222
0.026236
0.026249
0.026262
0.026275
0.026288
0.026301
0.025743
0.025977
0.025996
0.026010
0.026024
0.026038
0.026051
0.026065
0.026078
0.026091
0.026104
0.048271
0.048503
0.048524
0.048538
0.048552
0.048566
0.048579
0.048592
0.048604
0.048617
0.048630
0.026223
0.026441
0.026469
0.026483
0.026497
0.026510
0.026525
0.026538
0.026551
0.026564
0.026577
0.026629
0.026859
0.026876
0.026891
0.026905
0.026919
0.026932
0.026945
0.026959
0.026972
0.026985
0.025755
0.025991
0.026009
0.026023
0.026037
0.026051
0.026064
0.026078
0.026091
0.026104
0.026118
0.027265
0.027492
0.027510
0.027524
0.027538
0.027551
0.027565
0.027578
0.027591
0.027604
0.027617
0.025471
0.025698
0.025716
0.025731
0.025745
0.025758
0.025771
0.025784
0.025798
0.025811
0.025824
0.025995
0.026225
0.026243
0.026258
0.026271
0.026285
0.026298
0.026311
0.026325
0.026338
0.026351
0.027097
0.027326
0.027343
0.027358
0.027371
0.027385
0.027398
0.027411
0.027424
0.027438
0.027451
0.025545
0.025782
0.025800
0.025814
0.025827
0.025841
0.025853
0.025867
0.025880
0.025893
0.025906
0.025638
0.025854
0.025881
0.025895
0.025908
0.025922
0.025935
0.025949
0.025962
0.025975
0.025988
0.048432
0.048657
0.048674
0.048688
0.048701
0.048717
0.048730
0.048743
0.048756
0.048769
0.048782
0.027412
0.027636
0.027654
0.027669
0.027683
0.027696
0.027710
0.027724
0.027737
0.027750
0.027763
0.026551
0.026780
0.026797
0.026811
0.026824
0.026837
0.026851
0.026863
0.026876
0.026889
0.026901
0.026081
0.026312
0.026329
0.026343
0.026357
0.026371
0.026384
0.026397
0.026410
0.026424
0.026437
0.026116
0.026343
0.026361
0.026376
0.026390
0.026403
0.026416
0.026429
0.026442
0.026455
0.026468
0.025721
0.025939
0.025965
0.025980
0.025994
0.026008
0.026021
0.026034
0.026048
0.026061
0.026074
0.026141
0.026379
0.026397
0.026412
0.026426
0.026440
0.026453
0.026466
0.026479
0.026492
0.026505
0.026109
0.026338
0.026356
0.026371
0.026384
0.026397
0.026411
0.026424
0.026437
0.026450
0.026463
0.025984
0.026213
0.026230
0.026245
0.026258
0.026272
0.026285
0.026298
0.026311
0.026325
0.026338
0.027516
0.027751
0.027769
0.027783
0.027797
0.027810
0.027823
0.027837
0.027849
0.027862
0.027875
0.050876
0.051105
0.051123
0.051137
0.051151
0.051164
0.051178
0.051191
0.051203
0.051217
0.051229
0.026725
0.026959
0.026978
0.026992
0.027005
0.027019
0.027032
0.027045
0.027057
0.027071
0.027083
0.025323
0.025540
0.025567
0.025581
0.025595
0.025608
0.025622
0.025635
0.025648
0.025661
0.025674
0.025769
0.026000
0.026017
0.026032
0.026046
0.026059
0.026073
0.026086
0.026099
0.026112
0.026125
0.025662
0.025893
0.025911
0.025925
0.025939
0.025953
0.025966
0.025979
0.025992
0.026006
0.026019
0.024589
0.024818
0.024835
0.024850
0.024866
0.024884
0.024901
0.024917
0.024933
0.024949
0.024966
0.025994
0.026229
0.026249
0.026265
0.026282
0.026298
0.026314
0.026330
0.026345
0.026360
0.026375
0.024426
0.024649
0.024678
0.024694
0.024709
0.024726
0.024741
0.024756
0.024771
0.024787
0.024802
0.024934
0.025167
0.025188
0.025206
0.025222
0.025238
0.025254
0.025269
0.025283
0.025296
0.025309
0.025465
0.025694
0.025712
0.025726
0.025743
0.025760
0.025776
0.025792
0.025807
0.025823
0.025838
0.049121
0.049342
0.049361
0.049388
0.049404
0.049419
0.049436
0.049451
0.049467
0.049482
0.049498
0.026294
0.026525
0.026546
0.026564
0.026579
0.026596
0.026613
0.026629
0.026645
0.026659
0.026675
0.026231
0.026460
0.026478
0.026492
0.026506
0.026520
0.026534
0.026547
0.026561
0.026578
0.026591
0.025209
0.025435
0.025452
0.025466
0.025480
0.025493
0.025506
0.025520
0.025533
0.025546
0.025559
0.024927
0.025146
0.025172
0.025187
0.025201
0.025214
0.025228
0.025241
0.025254
0.025267
0.025280
0.025007
0.025236
0.025253
0.025268
0.025281
0.025295
0.025309
0.025322
0.025335
0.025348
0.025362
0.024819
0.025050
0.025067
0.025082
0.025096
0.025109
0.025122
0.025136
0.025149
0.025162
0.025175
0.024998
0.025223
0.025240
0.025254
0.025268
0.025281
0.025295
0.025307
0.025321
0.025334
0.025346
0.025103
0.025331
0.025349
0.025363
0.025377
0.025390
0.025404
0.025417
0.025430
0.025443
0.025456
0.024843
0.025083
0.025113
0.025140
0.025166
0.025192
0.025216
0.025240
0.025265
0.025289
0.025312
0.047915
0.048158
0.048190
0.048218
0.048245
0.048269
0.048298
0.048321
0.048346
0.048369
0.048394
0.025598
0.025837
0.025870
0.025895
0.025921
0.025945
0.025969
0.025993
0.026017
0.026041
0.026064
0.026078
0.026309
0.026342
0.026375
0.026401
0.026425
0.026449
0.026473
0.026497
0.026521
0.026545
0.025661
0.025894
0.025920
0.025945
0.025970
0.025995
0.026018
0.026043
0.026067
0.026091
0.026115
0.024874
0.025117
0.025151
0.025177
0.025202
0.025226
0.025250
0.025275
0.025298
0.025322
0.025346
0.025517
0.025740
0.025772
0.025796
0.025820
0.025846
0.025870
0.025893
0.025918
0.025942
0.025967
0.024773
0.025001
0.025031
0.025055
0.025081
0.025106
0.025130
0.025155
0.025178
0.025203
0.025227
0.025334
0.025578
0.025609
0.025636
0.025663
0.025689
0.025714
0.025738
0.025763
0.025786
0.025811
0.025778
0.026017
0.026045
0.026070
0.026095
0.026121
0.026146
0.026170
0.026194
0.026218
0.026242
0.024806
0.025027
0.025051
0.025082
0.025106
0.025132
0.025154
0.025180
0.025204
0.025228
0.025252
0.048376
0.048607
0.048631
0.048657
0.048681
0.048706
0.048730
0.048754
0.048778
0.048802
0.048826
0.026760
0.026997
0.027022
0.027046
0.027070
0.027095
0.027120
0.027145
0.027169
0.027193
0.027216
0.026811
0.027030
0.027056
0.027070
0.027084
0.027097
0.027110
0.027123
0.027136
0.027149
0.027162
0.027084
0.027315
0.027333
0.027348
0.027362
0.027376
0.027390
0.027404
0.027416
0.027430
0.027443
0.026030
0.026261
0.026279
0.026293
0.026307
0.026320
0.026334
0.026347
0.026360
0.026373
0.026386
0.026212
0.026443
0.026461
0.026475
0.026490
0.026504
0.026518
0.026531
0.026545
0.026558
0.026571
0.027457
0.027689
0.027706
0.027720
0.027734
0.027747
0.027761
0.027774
0.027787
0.027800
0.027813
0.026535
0.026767
0.026785
0.026799
0.026813
0.026826
0.026839
0.026853
0.026865
0.026879
0.026892
0.026689
0.026905
0.026931
0.026946
0.026959
0.026973
0.026986
0.026999
0.027012
0.027025
0.027038
0.026508
0.026733
0.026762
0.026777
0.026790
0.026804
0.026817
0.026830
0.026843
0.026856
0.026870
0.049602
0.049820
0.049846
0.049860
0.049873
0.049886
0.049900
0.049913
0.049926
0.049939
0.049952
0.027391
0.027614
0.027657
0.027680
0.027706
0.027731
0.027755
0.027778
0.027802
0.027826
0.027851
0.026375
0.026610
0.026635
0.026660
0.026685
0.026711
0.026735
0.026759
0.026783
0.026807
0.026831
0.026215
0.026467
0.026498
0.026534
0.026560
0.026584
0.026609
0.026633
0.026661
0.026685
0.026708
0.026304
0.026549
0.026578
0.026605
0.026629
0.026654
0.026678
0.026703
0.026727
0.026750
0.026774
0.026190
0.026418
0.026436
0.026450
0.026464
0.026477
0.026490
0.026504
0.026517
0.026530
0.026543
0.025808
0.026040
0.026057
0.026072
0.026085
0.026098
0.026111
0.026124
0.026137
0.026151
0.026165
0.026078
0.026308
0.026325
0.026340
0.026353
0.026367
0.026380
0.026393
0.026407
0.026421
0.026435
0.027666
0.027897
0.027930
0.027948
0.027962
0.027990
0.028013
0.028029
0.028046
0.028063
0.028080
0.026611
0.026841
0.026862
0.026880
0.026896
0.026912
0.026928
0.026943
0.026959
0.026974
0.026990
0.051143
0.051384
0.051418
0.051442
0.051469
0.051494
0.051519
0.051543
0.051569
0.051593
0.051617
0.026366
0.026597
0.026637
0.026664
0.026688
0.026714
0.026737
0.026761
0.026786
0.026810
0.026834
0.026998
0.027237
0.027266
0.027294
0.027319
0.027344
0.027369
0.027394
0.027418
0.027442
0.027466
0.026925
0.027169
0.027197
0.027225
0.027251
0.027276
0.027300
0.027324
0.027348
0.027372
0.027395
0.028368
0.028613
0.028643
0.028675
0.028700
0.028726
0.028750
0.028775
0.028799
0.028823
0.028846
0.026963
0.027198
0.027224
0.027250
0.027275
0.027300
0.027324
0.027348
0.027372
0.027396
0.027420
0.027145
0.027386
0.027419
0.027444
0.027471
0.027496
0.027521
0.027545
0.027569
0.027593
0.027617
0.024906
0.025141
0.025174
0.025200
0.025227
0.025251
0.025276
0.025300
0.025325
0.025348
0.025373
0.025008
0.025246
0.025278
0.025307
0.025332
0.025358
0.025383
0.025406
0.025430
0.025454
0.025477
0.025141
0.025367
0.025406
0.025432
0.025458
0.025483
0.025507
0.025532
0.025556
0.025580
0.025604
0.049023
0.049257
0.049277
0.049294
0.049310
0.049327
0.049342
0.049358
0.049373
0.049389
0.049404
0.026336
0.026567
0.026588
0.026606
0.026623
0.026639
0.026655
0.026670
0.026686
0.026701
0.026718
0.026535
0.026773
0.026794
0.026811
0.026828
0.026844
0.026860
0.026876
0.026892
0.026908
0.026924
0.025673
0.025892
0.025922
0.025940
0.025957
0.025972
0.025989
0.026005
0.026021
0.026036
0.026052
0.025099
0.025330
0.025350
0.025366
0.025383
0.025398
0.025414
0.025429
0.025445
0.025461
0.025477
0.025817
0.026051
0.026072
0.026090
0.026107
0.026122
0.026138
0.026154
0.026170
0.026185
0.026201
0.024857
0.025090
0.025110
0.025126
0.025143
0.025160
0.025176
0.025192
0.025208
0.025223
0.025239
0.024679
0.024911
0.024931
0.024948
0.024963
0.024980
0.024995
0.025011
0.025027
0.025043
0.025059
0.025318
0.025546
0.025563
0.025576
0.025590
0.025603
0.025616
0.025630
0.025642
0.025656
0.025668
0.025441
0.025670
0.025688
0.025703
0.025717
0.025730
0.025743
0.025757
0.025770
0.025784
0.025797
0.049123
0.049339
0.049366
0.049380
0.049393
0.049407
0.049420
0.049433
0.049446
0.049459
0.049472
0.025759
0.025991
0.026010
0.026024
0.026038
0.026051
0.026064
0.026078
0.026091
0.026104
0.026117
0.026037
0.026263
0.026280
0.026294
0.026308
0.026321
0.026334
0.026347
0.026360
0.026373
0.026386
0.025369
0.025596
0.025614
0.025628
