1.832691
0.031560
0.031839
0.031858
0.031874
0.031889
0.031903
0.031917
0.031932
0.031946
0.031963
0.031996
0.026486
0.026745
0.026767
0.026784
0.026802
0.026819
0.026835
0.026852
0.026869
0.026885
0.026902
0.028553
0.028793
0.028813
0.028831
0.028850
0.028866
0.028882
0.028898
0.028914
0.028929
0.028951
0.026581
0.026812
0.026830
0.026845
0.026859
0.026872
0.026886
0.026899
0.026912
0.026925
0.026938
0.027099
0.027326
0.027344
0.027358
0.027371
0.027385
0.027398
0.027411
0.027425
0.027438
0.027452
0.025010
0.025238
0.025255
0.025270
0.025283
0.025296
0.025309
0.025322
0.025335
0.025348
0.025361
0.024057
0.024290
0.024307
0.024321
0.024335
0.024348
0.024364
0.024377
0.024390
0.024403
0.024416
0.023532
0.023752
0.023778
0.023792
0.023805
0.023818
0.023831
0.023844
0.023858
0.023870
0.023883
0.024007
0.024236
0.024253
0.024267
0.024280
0.024294
0.024308
0.024321
0.024335
0.024348
0.024361
0.050278
0.050510
0.050527
0.050541
0.050555
0.050568
0.050581
0.050597
0.050610
0.050623
0.050636
0.025579
0.025812
0.025829
0.025843
0.025857
0.025871
0.025885
0.025898
0.025911
0.025924
0.025937
0.025387
0.025616
0.025634
0.025647
0.025661
0.025676
0.025690
0.025703
0.025716
0.025729
0.025742
0.025234
0.025464
0.025481
0.025496
0.025509
0.025522
0.025536
0.025548
0.025561
0.025574
0.025587
0.025815
0.026046
0.026063
0.026077
0.026090
0.026106
0.026119
0.026132
0.026145
0.026159
0.026171
0.025150
0.025374
0.025391
0.025405
0.025419
0.025432
0.025446
0.025459
0.025472
0.025485
0.025498
0.024555
0.024783
0.024800
0.024814
0.024827
0.024841
0.024854
0.024867
0.024883
0.024896
0.024909
0.023479
0.023704
0.023721
0.023736
0.023749
0.023762
0.023775
0.023788
0.023801
0.023814
0.023826
0.024457
0.024693
0.024709
0.024723
0.024736
0.024750
0.024763
0.024776
0.024790
0.024802
0.024815
0.025563
0.025780
0.025797
0.025823
0.025836
0.025850
0.025863
0.025876
0.025889
0.025902
0.025914
0.051408
0.051632
0.051649
0.051663
0.051677
0.051691
0.051704
0.051717
0.051730
0.051744
0.051756
0.026202
0.026432
0.026448
0.026462
0.026475
0.026489
0.026502
0.026515
0.026528
0.026541
0.026553
0.025545
0.025777
0.025797
0.025811
0.025825
0.025838
0.025851
0.025864
0.025877
0.025889
0.025902
0.025278
0.025493
0.025518
0.025532
0.025546
0.025560
0.025574
0.025587
0.025600
0.025614
0.025627
0.025172
0.025404
0.025421
0.025435
0.025449
0.025462
0.025476
0.025489
0.025501
0.025514
0.025527
0.025227
0.025457
0.025473
0.025487
0.025501
0.025516
0.025529
0.025543
0.025557
0.025570
0.025584
0.024898
0.025130
0.025146
0.025162
0.025176
0.025189
0.025203
0.025216
0.025229
0.025242
0.025255
0.025766
0.026003
0.026020
0.026035
0.026048
0.026062
0.026075
0.026088
0.026101
0.026114
0.026127
0.026122
0.026337
0.026366
0.026384
0.026407
0.026433
0.026448
0.026462
0.026475
0.026488
0.026505
0.025785
0.026019
0.026036
0.026050
0.026064
0.026077
0.026090
0.026103
0.026116
0.026129
0.026142
0.051473
0.051693
0.051720
0.051734
0.051748
0.051761
0.051774
0.051787
0.051800
0.051813
0.051826
0.025356
0.025575
0.025592
0.025605
0.025629
0.025642
0.025655
0.025668
0.025681
0.025695
0.025708
0.025788
0.026014
0.026032
0.026047
0.026060
0.026073
0.026086
0.026099
0.026112
0.026125
0.026138
0.026181
0.026415
0.026436
0.026450
0.026464
0.026478
0.026491
0.026505
0.026518
0.026532
0.026546
0.024986
0.025209
0.025235
0.025250
0.025264
0.025277
0.025290
0.025303
0.025316
0.025329
0.025342
0.025704
0.025932
0.025949
0.025964
0.025978
0.025991
0.026004
0.026018
0.026032
0.026045
0.026059
0.025684
0.025911
0.025928
0.025942
0.025955
0.025968
0.025981
0.025994
0.026007
0.026020
0.026033
0.025372
0.025603
0.025620
0.025635
0.025648
0.025662
0.025676
0.025689
0.025702
0.025720
0.025733
0.025617
0.025847
0.025864
0.025878
0.025892
0.025906
0.025919
0.025932
0.025945
0.025958
0.025971
0.024883
0.025101
0.025128
0.025142
0.025156
0.025170
0.025183
0.025197
0.025210
0.025223
0.025236
0.051927
0.052159
0.052176
0.052191
0.052204
0.052218
0.052231
0.052244
0.052257
0.052270
0.052283
0.028530
0.028755
0.028773
0.028788
0.028802
0.028815
0.028828
0.028841
0.028855
0.028868
0.028881
0.027141
0.027382
0.027399
0.027413
0.027426
0.027440
0.027453
0.027466
0.027479
0.027492
0.027505
0.026493
0.026724
0.026741
0.026756
0.026770
0.026783
0.026796
0.026809
0.026822
0.026835
0.026848
0.026135
0.026364
0.026382
0.026396
0.026409
0.026423
0.026436
0.026449
0.026462
0.026474
0.026488
0.025684
0.025916
0.025934
0.025948
0.025962
0.025975
0.025989
0.026002
0.026016
0.026029
0.026042
0.027354
0.027583
0.027600
0.027614
0.027627
0.027641
0.027653
0.027666
0.027679
0.027692
0.027705
0.026045
0.026274
0.026292
0.026306
0.026320
0.026333
0.026347
0.026360
0.026373
0.026386
0.026399
0.025804
0.026031
0.026048
0.026062
0.026076
0.026089
0.026102
0.026115
0.026128
0.026144
0.026156
0.029620
0.029839
0.029866
0.029880
0.029894
0.029907
0.029921
0.029934
0.029947
0.029960
0.029977
0.052238
0.052465
0.052482
0.052496
0.052510
0.052523
0.052536
0.052550
0.052563
0.052576
0.052589
0.027279
0.027513
0.027531
0.027545
0.027559
0.027572
0.027586
0.027599
0.027612
0.027626
0.027639
0.025618
0.025844
0.025862
0.025876
0.025890
0.025903
0.025917
0.025930
0.025943
0.025956
0.025969
0.025939
0.026167
0.026185
0.026199
0.026212
0.026227
0.026240
0.026253
0.026266
0.026279
0.026292
0.026730
0.026967
0.026984
0.026998
0.027011
0.027024
0.027037
0.027050
0.027063
0.027076
0.027090
0.025618
0.025849
0.025866
0.025881
0.025898
0.025911
0.025924
0.025937
0.025950
0.025963
0.025976
0.025537
0.025754
0.025779
0.025794
0.025807
0.025820
0.025834
0.025847
0.025860
0.025873
0.025887
0.027179
0.027398
0.027414
0.027428
0.027451
0.027464
0.027478
0.027491
0.027504
0.027517
0.027530
0.026660
0.026974
0.027013
0.027055
0.027089
0.027122
0.027155
0.027188
0.027221
0.027253
0.027285
0.025789
0.026012
0.026039
0.026053
0.026067
0.026080
0.026093
0.026107
0.026120
0.026133
0.026146
0.052328
0.052557
0.052574
0.052588
0.052602
0.052615
0.052629
0.052642
0.052655
0.052668
0.052681
0.028238
0.028461
0.028488
0.028503
0.028516
0.028530
0.028543
0.028557
0.028570
0.028583
0.028596
0.026583
0.026803
0.026829
0.026842
0.026856
0.026870
0.026883
0.026896
0.026911
0.026924
0.026937
0.026694
0.026922
0.026940
0.026954
0.026968
0.026981
0.026994
0.027007
0.027020
0.027033
0.027045
0.026027
0.026258
0.026276
0.026291
0.026304
0.026318
0.026332
0.026345
0.026358
0.026371
0.026384
0.027078
0.027307
0.027324
0.027338
0.027352
0.027365
0.027379
0.027391
0.027404
0.027417
0.027430
0.026104
0.026320
0.026346
0.026361
0.026375
0.026389
0.026402
0.026415
0.026428
0.026442
0.026455
0.026074
0.026311
0.026329
0.026343
0.026357
0.026371
0.026384
0.026397
0.026411
0.026423
0.026437
0.025819
0.026048
0.026065
0.026080
0.026093
0.026106
0.026120
0.026133
0.026150
0.026164
0.026177
0.027714
0.027945
0.027963
0.027977
0.027992
0.028005
0.028018
0.028032
0.028045
0.028058
0.028071
0.052198
0.052424
0.052441
0.052455
0.052468
0.052482
0.052495
0.052508
0.052520
0.052533
0.052546
0.028857
0.029089
0.029107
0.029121
0.029135
0.029148
0.029161
0.029175
0.029188
0.029201
0.029215
0.030332
0.030559
0.030575
0.030589
0.030602
0.030615
0.030629
0.030642
0.030655
0.030667
0.030680
0.028217
0.028448
0.028466
0.028480
0.028494
0.028507
0.028521
0.028534
0.028547
0.028560
0.028574
0.025204
0.025420
0.025451
0.025466
0.025480
0.025493
0.025507
0.025520
0.025533
0.025546
0.025558
0.026830
0.027062
0.027080
0.027094
0.027108
0.027121
0.027135
0.027148
0.027161
0.027175
0.027188
0.026102
0.026326
0.026343
0.026358
0.026371
0.026385
0.026398
0.026412
0.026425
0.026438
0.026451
0.025729
0.025961
0.025980
0.025996
0.026012
0.026028
0.026045
0.026060
0.026076
0.026092
0.026108
0.026165
0.026393
0.026411
0.026425
0.026438
0.026452
0.026465
0.026478
0.026491
0.026504
0.026517
0.025079
0.025308
0.025325
0.025339
0.025353
0.025367
0.025381
0.025395
0.025408
0.025421
0.025434
0.051343
0.051572
0.051589
0.051603
0.051617
0.051632
0.051646
0.051658
0.051671
0.051684
0.051697
0.027311
0.027524
0.027550
0.027565
0.027578
0.027592
0.027606
0.027619
0.027632
0.027645
0.027658
0.025803
0.026021
0.026038
0.026062
0.026075
0.026088
0.026102
0.026115
0.026128
0.026141
0.026163
0.025350
0.025577
0.025594
0.025609
0.025623
0.025636
0.025650
0.025664
0.025677
0.025690
0.025703
0.025615
0.025835
0.025861
0.025874
0.025888
0.025901
0.025914
0.025928
0.025941
0.025954
0.025967
0.025067
0.025292
0.025309
0.025324
0.025339
0.025352
0.025366
0.025379
0.025393
0.025406
0.025419
0.025312
0.025544
0.025562
0.025576
0.025589
0.025603
0.025616
0.025629
0.025642
0.025655
0.025668
0.026511
0.026738
0.026756
0.026770
0.026783
0.026797
0.026810
0.026823
0.026836
0.026849
0.026861
0.027059
0.027276
0.027302
0.027317
0.027331
0.027344
0.027357
0.027370
0.027383
0.027395
0.027408
0.026026
0.026258
0.026275
0.026289
0.026303
0.026317
0.026330
0.026344
0.026357
0.026386
0.026415
0.051903
0.052131
0.052149
0.052163
0.052177
0.052190
0.052203
0.052216
0.052230
0.052242
0.052255
0.027860
0.028094
0.028112
0.028126
0.028140
0.028153
0.028167
0.028180
0.028194
0.028207
0.028220
0.025999
0.026215
0.026242
0.026256
0.026270
0.026283
0.026296
0.026309
0.026323
0.026336
0.026349
0.026203
0.026438
0.026455
0.026470
0.026484
0.026498
0.026511
0.026524
0.026537
0.026550
0.026563
0.025959
0.026176
0.026202
0.026216
0.026230
0.026243
0.026257
0.026270
0.026283
0.026297
0.026310
0.025649
0.025878
0.025895
0.025909
0.025923
0.025937
0.025950
0.025963
0.025976
0.025989
0.026003
0.025817
0.026044
0.026061
0.026075
0.026088
0.026101
0.026115
0.026128
0.026141
0.026155
0.026168
0.027678
0.027913
0.027931
0.027946
0.027959
0.027972
0.027985
0.027998
0.028011
0.028024
0.028037
0.026242
0.026474
0.026491
0.026505
0.026518
0.026531
0.026544
0.026557
0.026571
0.026584
0.026597
0.026679
0.026894
0.026920
0.026935
0.026948
0.026961
0.026974
0.026987
0.027000
0.027013
0.027026
0.052249
0.052474
0.052491
0.052505
0.052518
0.052531
0.052545
0.052558
0.052572
0.052585
0.052598
0.027067
0.027292
0.027319
0.027333
0.027346
0.027360
0.027373
0.027386
0.027399
0.027412
0.027424
0.025155
0.025397
0.025428
0.025456
0.025481
0.025504
0.025527
0.025542
0.025556
0.025573
0.025589
0.025881
0.026115
0.026135
0.026152
0.026168
0.026184
0.026201
0.026217
0.026233
0.026249
0.026264
0.024983
0.025219
0.025240
0.025257
0.025274
0.025290
0.025306
0.025321
0.025337
0.025353
0.025369
0.024887
0.025119
0.025139
0.025156
0.025183
0.025201
0.025215
0.025228
0.025242
0.025255
0.025268
0.024788
0.025015
0.025032
0.025047
0.025061
0.025074
0.025089
0.025102
0.025116
0.025129
0.025142
0.025970
0.026195
0.026213
0.026227
0.026240
0.026253
0.026267
0.026280
0.026294
0.026307
0.026320
0.025842
0.026069
0.026087
0.026101
0.026114
0.026128
0.026141
0.026154
0.026166
0.026179
0.026192
0.024808
0.025038
0.025055
0.025069
0.025083
0.025097
0.025110
0.025123
0.025137
0.025150
0.025163
0.051174
0.051401
0.051419
0.051433
0.051447
0.051461
0.051474
0.051487
0.051500
0.051513
0.051526
0.026128
0.026353
0.026371
0.026385
0.026400
0.026413
0.026426
0.026440
0.026453
0.026466
0.026479
0.025188
0.025416
0.025433
0.025447
0.025461
0.025475
0.025488
0.025501
0.025514
0.025527
0.025540
0.024692
0.024909
0.024936
0.024951
0.024965
0.024979
0.024992
0.025006
0.025019
0.025032
0.025046
0.024593
0.024817
0.024843
0.024857
0.024870
0.024884
0.024897
0.024910
0.024923
0.024936
0.024949
0.025230
0.025455
0.025473
0.025487
0.025501
0.025514
0.025527
0.025541
0.025554
0.025567
0.025581
0.024440
0.024665
0.024686
0.024700
0.024714
0.024726
0.024740
0.024753
0.024766
0.024779
0.024791
0.024872
0.025099
0.025116
0.025131
0.025144
0.025157
0.025171
0.025184
0.025197
0.025211
0.025224
0.027573
0.027790
0.027817
0.027831
0.027844
0.027857
0.027870
0.027883
0.027895
0.027908
0.027921
0.025527
0.025759
0.025777
0.025791
0.025804
0.025817
0.025831
0.025844
0.025858
0.025872
0.025884
0.052779
0.053004
0.053021
0.053035
0.053049
0.053062
0.053075
0.053088
0.053101
0.053114
0.053127
0.029508
0.029781
0.029809
0.029823
0.029837
0.029850
0.029865
0.029879
0.029892
0.029906
0.029919
0.026018
0.026247
0.026264
0.026278
0.026292
0.026305
0.026318
0.026331
0.026344
0.026357
0.026370
0.027435
0.027663
0.027680
0.027694
0.027707
0.027720
0.027734
0.027747
0.027761
0.027774
0.027787
0.025553
0.025784
0.025802
0.025817
0.025831
0.025844
0.025857
0.025870
0.025883
0.025896
0.025909
0.025357
0.025585
0.025602
0.025616
0.025630
0.025644
0.025658
0.025671
0.025684
0.025698
0.025711
0.026181
0.026409
0.026427
0.026441
0.026454
0.026468
0.026481
0.026494
0.026507
0.026520
0.026533
0.025599
0.025833
0.025851
0.025865
0.025879
0.025893
0.025906
0.025920
0.025933
0.025946
0.025959
0.024512
0.024744
0.024760
0.024775
0.024788
0.024801
0.024814
0.024827
0.024840
0.024853
0.024866
0.026053
0.026281
0.026298
0.026312
0.026326
0.026340
0.026353
0.026366
0.026379
0.026392
0.026405
0.052122
0.052356
0.052373
0.052387
0.052401
0.052414
0.052427
0.052441
0.052454
0.052466
0.052479
0.028338
0.028557
0.028586
0.028600
0.028615
0.028628
0.028642
0.028655
0.028668
0.028681
0.028694
0.026452
0.026680
0.026697
0.026711
0.026726
0.026739
0.026752
0.026765
0.026778
0.026792
0.026805
0.026290
0.026514
0.026531
0.026545
0.026559
0.026573
0.026586
0.026599
0.026612
0.026625
0.026637
0.024664
0.024891
0.024908
0.024922
0.024936
0.024949
0.024962
0.024975
0.024988
0.025001
0.025013
0.024977
0.025205
0.025222
0.025237
0.025250
0.025264
0.025277
0.025290
0.025304
0.025316
0.025330
0.026221
0.026448
0.026465
0.026479
0.026493
0.026506
0.026519
0.026532
0.026545
0.026558
0.026571
0.026336
0.026555
0.026581
0.026595
0.026609
0.026623
0.026636
0.026649
0.026662
0.026675
0.026688
0.026447
0.026678
0.026695
0.026709
0.026722
0.026735
0.026748
0.026762
0.026775
0.026788
0.026801
0.026927
0.027153
0.027171
0.027185
0.027199
0.027212
0.027226
0.027239
0.027253
0.027267
0.027280
0.052185
0.052413
0.052430
0.052444
0.052458
0.052471
0.052484
0.052497
0.052510
0.052523
0.052536
0.027800
0.028021
0.028047
0.028062
0.028075
0.028088
0.028101
0.028114
0.028127
0.028140
0.028153
0.025998
0.026217
0.026243
0.026257
0.026271
0.026284
0.026298
0.026310
0.026324
0.026337
0.026351
0.026060
0.026294
0.026312
0.026327
0.026340
0.026354
0.026367
0.026380
0.026393
0.026406
0.026419
0.026170
0.026402
0.026419
0.026433
0.026447
0.026460
0.026473
0.026486
0.026499
0.026513
0.026526
0.026044
0.026277
0.026294
0.026309
0.026322
0.026336
0.026349
0.026363
0.026376
0.026390
0.026402
0.026212
0.026450
0.026468
0.026482
0.026496
0.026509
0.026522
0.026536
0.026550
0.026563
0.026576
0.026898
0.027129
0.027146
0.027161
0.027174
0.027188
0.027201
0.027214
0.027227
0.027240
0.027253
0.026453
0.026690
0.026709
0.026726
0.026743
0.026759
0.026776
0.026792
0.026807
0.026823
0.026838
0.026238
0.026474
0.026494
0.026510
0.026527
0.026543
0.026559
0.026575
0.026591
0.026606
0.026622
0.052234
0.052465
0.052486
0.052503
0.052518
0.052535
0.052551
0.052567
0.052582
0.052598
0.052613
0.027364
0.027588
0.027619
0.027636
0.027653
0.027667
0.027680
0.027696
0.027709
0.027724
0.027738
0.026807
0.027034
0.027050
0.027065
0.027078
0.027095
0.027113
0.027129
0.027145
0.027160
0.027176
0.026720
0.026952
0.026972
0.026988
0.027005
0.027021
0.027036
0.027052
0.027068
0.027083
0.027099
0.026048
0.026280
0.026296
0.026311
0.026325
0.026338
0.026352
0.026365
0.026378
0.026392
0.026405
0.026655
0.026891
0.026909
0.026924
0.026938
0.026951
0.026965
0.026978
0.026991
0.027004
0.027017
0.026141
0.026372
0.026390
0.026404
0.026418
0.026431
0.026444
0.026458
0.026471
0.026484
0.026497
0.028429
0.028646
0.028662
0.028675
0.028699
0.028712
0.028725
0.028739
0.028752
0.028765
0.028778
0.026226
0.026458
0.026475
0.026489
0.026503
0.026516
0.026529
0.026542
0.026555
0.026568
0.026581
0.025794
0.026013
0.026040
0.026053
0.026067
0.026080
0.026094
0.026107
0.026120
0.026133
0.026145
0.050531
0.050756
0.050773
0.050787
0.050800
0.050814
0.050827
0.050841
0.050854
0.050867
0.050880
0.026453
0.026668
0.026695
0.026710
0.026723
0.026737
0.026750
0.026763
0.026777
0.026790
0.026804
0.025367
0.025601
0.025619
0.025633
0.025646
0.025660
0.025673
0.025686
0.025698
0.025711
0.025724
0.024737
0.024956
0.024984
0.024999
0.025012
0.025026
0.025039
0.025052
0.025066
0.025079
0.025093
0.024801
0.025030
0.025047
0.025061
0.025074
0.025088
0.025101
0.025114
0.025127
0.025140
0.025153
0.025296
0.025527
0.025544
0.025559
0.025572
0.025585
0.025599
0.025611
0.025625
0.025639
0.025652
0.025324
0.025555
0.025572
0.025587
0.025600
0.025613
0.025626
0.025640
0.025653
0.025666
0.025678
0.025049
0.025278
0.025294
0.025308
0.025322
0.025335
0.025348
0.025361
0.025375
0.025388
0.025401
0.025192
0.025423
0.025440
0.025454
0.025468
0.025481
0.025495
0.025508
0.025521
0.025534
0.025547
0.025344
0.025560
0.025587
0.025601
0.025615
0.025628
0.025642
0.025656
0.025669
0.025682
0.025696
0.053077
0.053294
0.053320
0.053334
0.053348
0.053361
0.053374
0.053386
0.053399
0.053412
0.053425
0.026378
0.026608
0.026624
0.026639
0.026652
0.026668
0.026686
0.026702
0.026718
0.026734
0.026750
0.025638
0.025871
0.025891
0.025908
0.025924
0.025940
0.025955
0.025971
0.025987
0.026002
0.026018
0.025962
0.026196
0.026217
0.026233
0.026250
0.026266
0.026282
0.026298
0.026313
0.026329
0.026344
0.025548
0.025780
0.025800
0.025816
0.025832
0.025847
0.025863
0.025878
0.025895
0.025910
0.025925
0.025715
0.025977
0.026013
0.026029
0.026043
0.026057
0.026071
0.026084
0.026098
0.026111
0.026124
0.025151
0.025379
0.025397
0.025411
0.025425
0.025438
0.025452
0.025465
0.025478
0.025491
0.025503
0.025166
0.025429
0.025462
0.025488
0.025506
0.025520
0.025534
0.025547
0.025561
0.025574
0.025587
0.025177
0.025403
0.025421
0.025435
0.025449
0.025461
0.025475
0.025487
0.025500
0.025513
0.025526
0.030417
0.030646
0.030663
0.030677
0.030691
0.030704
0.030718
0.030731
0.030744
0.030757
0.030771
0.052423
0.052659
0.052680
0.052697
0.052713
0.052729
0.052745
0.052761
0.052776
0.052792
0.052808
0.026189
0.026421
0.026443
0.026460
0.026477
0.026494
0.026508
0.026522
0.026535
0.026550
0.026563
0.025858
0.026073
0.026099
0.026113
0.026129
0.026147
0.026163
0.026179
0.026195
0.026211
0.026227
0.025567
0.025799
0.025818
0.025835
0.025852
0.025868
0.025884
0.025901
0.025917
0.025933
0.025949
0.025532
0.025763
0.025782
0.025799
0.025816
0.025832
0.025849
0.025865
0.025881
0.025897
0.025913
0.025284
0.025502
0.025529
0.025543
0.025556
0.025570
0.025583
0.025596
0.025610
0.025623
0.025636
0.025126
0.025359
0.025377
0.025391
0.025405
0.025418
0.025432
0.025445
0.025458
0.025472
0.025485
0.026446
0.026674
0.026691
0.026706
0.026719
0.026732
0.026746
0.026759
0.026772
0.026785
0.026798
0.026440
0.026667
0.026685
0.026698
0.026712
0.026727
0.026740
0.026754
0.026767
0.026781
0.026794
0.025777
0.026008
0.026025
0.026040
0.026053
0.026067
0.026080
0.026093
0.026107
0.026120
0.026133
0.051483
0.051702
0.051728
0.051743
0.051756
0.051769
0.051783
0.051797
0.051810
0.051823
0.051836
0.026202
0.026427
0.026444
0.026459
0.026472
0.026485
0.026508
0.026522
0.026536
0.026560
0.026590
0.025493
0.025720
0.025737
0.025751
0.025764
0.025778
0.025792
0.025805
0.025818
0.025831
0.025845
0.024978
0.025195
0.025221
0.025235
0.025249
0.025262
0.025276
0.025289
0.025302
0.025315
0.025328
0.025236
0.025468
0.025485
0.025499
0.025512
0.025526
0.025540
0.025553
0.025566
0.025579
0.025592
0.025781
0.026001
0.026031
0.026046
0.026060
0.026073
0.026086
0.026100
0.026113
0.026126
0.026139
0.025069
0.025295
0.025313
0.025327
0.025341
0.025355
0.025369
0.025382
0.025395
0.025408
0.025421
0.026790
0.027009
0.027025
0.027039
0.027063
0.027076
0.027089
0.027102
0.027115
0.027128
0.027141
0.026308
0.026539
0.026556
0.026570
0.026584
0.026597
0.026610
0.026623
0.026636
0.026649
0.026662
0.025638
0.025854
0.025871
0.025885
0.025908
0.025926
0.025940
0.025953
0.025966
0.025979
