529	55	49	134
527	65	49	134
532	65	49	135
537	66	49	136
542	66	50	137
547	67	50	139
552	68	51	140
558	68	51	141
563	69	52	143
568	70	52	144
573	70	53	145
579	71	53	147
498	120	49	134
495	124	49	134
492	129	49	134
490	134	49	134
487	139	49	134
484	144	49	134
482	149	49	134
479	154	49	134
477	159	49	134
474	164	49	134
471	169	49	134
495	128	49	136
492	132	49	136
491	134	49	136
490	136	49	136
489	138	49	136
488	141	49	136
487	143	49	136
486	145	49	136
485	147	49	136
484	149	49	136
482	152	49	137
520	125	50	139
518	127	50	139
519	127	50	139
521	128	50	139
522	128	50	139
523	129	50	139
524	129	50	140
525	130	50	140
526	131	50	140
527	131	50	140
528	132	50	141
539	101	51	142
540	101	51	142
541	100	51	142
543	99	51	142
544	97	51	142
546	96	51	143
547	95	51	143
549	94	51	143
551	93	51	144
552	91	51	144
554	90	51	144
540	110	50	139
541	108	50	139
542	108	50	139
542	108	50	139
543	108	50	139
544	108	49	139
545	108	49	138
545	108	49	138
546	108	49	138
547	108	49	138
547	108	49	138
547	125	50	139
547	124	49	138
548	125	49	138
548	126	49	138
549	127	49	138
550	128	49	138
550	129	49	138
551	130	49	138
551	131	49	138
552	131	49	138
553	132	49	138
541	159	49	136
541	159	48	135
541	162	48	135
541	164	48	135
541	166	48	135
541	168	48	135
541	171	48	135
541	173	48	134
540	175	48	134
540	178	48	134
540	180	48	134
542	174	48	131
541	176	47	130
541	178	47	130
541	179	47	130
541	181	47	129
541	183	47	129
541	185	47	129
541	187	47	128
541	188	47	128
541	190	47	127
541	192	47	127
532	188	46	126
531	189	45	125
531	191	45	125
530	192	45	124
530	194	45	124
529	195	45	123
529	197	45	123
528	198	45	123
528	199	44	122
527	201	44	122
526	202	44	121
542	203	45	123
541	204	44	122
541	205	44	122
542	207	44	121
542	208	44	121
542	209	44	121
542	211	44	120
543	212	44	120
543	214	44	120
543	215	43	119
544	216	43	119
546	213	46	126
546	214	45	125
546	215	45	125
547	216	45	125
547	217	45	125
547	218	45	125
548	219	45	125
548	220	45	125
549	221	45	125
549	223	45	125
549	224	45	126
551	223	44	121
551	224	44	121
551	225	43	120
552	226	43	120
552	226	43	120
553	227	43	120
553	228	43	119
553	229	43	119
554	230	43	119
554	231	43	119
555	232	43	118
549	230	43	118
549	230	42	117
549	231	42	117
549	232	42	117
549	233	42	116
549	233	42	116
549	234	42	116
549	235	42	116
549	236	42	115
549	237	42	115
549	237	41	115
549	234	41	114
549	234	40	113
549	235	40	113
549	235	40	113
549	236	40	112
549	236	40	112
549	237	40	112
549	237	39	111
549	238	39	111
549	238	39	111
549	239	39	110
553	237	40	109
553	237	39	108
553	237	39	108
553	238	39	107
553	238	39	107
553	238	39	107
554	239	39	106
554	239	39	106
554	239	39	105
554	240	38	105
554	240	38	104
556	229	41	114
556	229	40	113
556	229	40	113
556	228	40	113
557	228	40	113
557	228	40	114
557	227	40	114
557	227	40	114
558	227	40	114
558	226	40	114
558	226	40	114
555	204	42	116
555	203	42	116
555	202	42	116
555	200	42	116
555	199	42	116
555	197	42	116
555	195	42	117
555	194	42	117
555	192	42	117
555	191	42	117
555	189	42	117
558	185	42	116
558	183	42	116
558	181	42	116
558	180	42	116
558	178	42	116
558	176	42	116
558	174	42	116
559	173	42	116
559	171	42	116
559	169	42	116
559	167	42	116
561	173	43	118
561	171	43	118
561	169	43	118
561	168	43	118
561	167	43	118
562	165	43	118
562	164	43	118
562	163	43	118
562	161	43	119
563	160	43	119
563	159	43	119
553	178	41	114
553	176	41	114
552	176	40	113
552	176	40	113
552	175	40	113
551	175	40	113
551	175	40	113
551	175	40	113
550	175	40	112
550	174	40	112
550	174	40	112
547	178	40	109
546	177	39	108
546	177	39	108
545	177	39	108
545	177	39	107
544	177	39	107
544	177	39	107
543	177	39	106
543	177	39	106
542	177	39	105
542	177	39	105
548	179	41	112
547	178	40	111
547	179	40	111
547	179	40	111
547	179	40	111
546	179	40	111
546	179	40	111
546	179	41	111
546	179	41	111
546	179	41	111
546	179	41	111
548	173	41	114
547	173	41	114
547	172	41	114
547	172	41	114
547	172	41	114
547	171	41	114
547	171	41	114
547	171	41	114
547	170	41	114
547	170	41	115
547	170	41	115
548	169	42	116
547	168	42	116
547	168	42	116
547	167	42	116
547	167	42	116
547	167	42	116
547	166	42	116
547	166	42	117
547	166	42	117
547	165	42	117
547	165	42	117
554	167	41	114
553	166	41	114
554	166	41	114
554	166	41	114
554	165	40	114
555	165	40	114
555	165	40	113
555	165	40	113
556	164	40	113
556	164	40	113
556	164	40	113
560	167	42	116
560	166	41	115
560	166	42	116
561	166	42	116
561	166	42	116
562	166	42	116
562	166	42	116
563	166	42	116
563	166	42	116
564	165	42	116
564	165	42	116
559	164	41	114
559	163	41	114
559	163	41	114
559	163	40	113
559	163	40	113
560	163	40	113
560	162	40	113
560	162	40	113
560	162	40	113
560	162	40	113
560	162	40	113
551	165	41	112
551	164	40	111
550	164	40	111
550	164	40	111
549	164	40	111
549	164	40	111
549	164	40	111
548	164	40	111
548	164	40	110
547	164	40	110
547	164	40	110
545	172	42	116
544	171	41	115
544	172	42	116
543	172	42	116
543	173	42	116
542	173	42	116
541	173	42	116
541	174	42	116
540	174	42	116
540	175	42	117
539	175	42	117
550	178	42	116
549	178	42	116
549	178	42	116
549	179	42	116
549	179	42	116
549	180	42	116
549	180	42	116
549	181	42	116
549	181	42	116
550	182	42	116
550	182	42	116
546	190	44	121
546	190	44	121
545	191	44	121
545	192	44	121
545	193	44	121
545	193	44	122
545	194	44	122
545	195	44	122
544	196	44	123
544	197	44	123
544	198	45	123
548	199	45	123
547	199	45	123
547	200	45	123
547	201	45	123
547	202	45	124
547	203	45	124
548	204	45	124
548	205	45	124
548	205	45	124
548	206	45	125
548	207	46	125
558	208	46	126
558	208	46	126
558	209	46	126
559	210	46	126
559	211	46	127
560	212	46	127
560	213	46	127
561	213	46	127
562	214	46	128
562	215	46	128
563	216	46	128
565	214	44	121
565	214	44	121
566	215	44	121
566	216	43	120
567	216	43	120
568	217	43	120
568	218	43	120
569	218	43	120
570	219	43	120
570	220	43	119
571	220	43	119
570	219	43	118
570	219	42	117
571	220	42	117
571	220	42	117
572	221	42	117
572	221	42	116
573	222	42	116
573	222	42	116
574	223	42	116
574	223	42	115
575	224	42	115
579	231	41	114
579	231	40	113
580	232	40	113
580	233	40	113
581	234	40	112
582	234	40	112
583	235	40	112
583	236	40	111
584	237	39	111
585	238	39	111
585	239	39	110
585	237	42	116
585	237	41	115
586	238	41	115
586	239	41	115
587	239	41	115
588	240	41	115
588	241	41	115
589	241	41	115
590	242	41	115
590	243	41	115
591	244	41	115
594	177	44	121
594	177	43	120
595	174	44	121
596	171	44	121
596	168	44	121
597	165	44	122
598	162	44	122
599	159	44	122
599	156	44	122
600	153	44	123
601	150	45	123
604	142	46	126
604	138	46	126
605	135	46	126
606	132	46	127
607	128	46	127
608	125	46	127
608	122	46	128
609	118	47	128
610	115	47	129
611	112	47	129
612	108	47	129
615	143	47	128
615	139	47	128
616	138	47	128
617	137	47	128
618	135	47	129
619	134	47	129
620	133	47	129
621	132	47	130
622	130	48	130
623	129	48	130
624	128	48	130
617	202	48	131
617	200	48	131
618	203	48	131
618	206	48	131
619	209	48	132
619	212	48	132
620	215	48	132
620	218	48	132
621	220	48	133
621	223	48	133
622	226	49	133
617	209	49	136
617	211	49	136
617	213	49	136
617	215	49	137
617	217	49	137
618	218	49	137
618	220	49	138
618	222	49	138
618	224	49	138
618	225	49	139
618	227	49	139
622	217	51	142
622	218	51	142
622	219	51	142
622	220	51	143
623	221	51	143
623	223	51	144
623	224	51	144
624	225	51	145
624	226	52	145
624	227	52	146
625	228	52	146
634	228	51	142
634	229	51	142
635	230	51	142
635	231	51	142
636	232	51	143
637	233	51	143
638	233	51	143
639	234	51	143
639	235	51	143
640	236	51	144
641	237	51	144
645	232	50	139
645	232	50	139
646	233	50	139
647	234	49	138
648	234	49	138
649	235	49	138
650	235	49	138
651	236	49	138
652	237	49	138
653	237	49	138
654	238	49	138
662	226	51	142
662	226	50	141
664	226	50	141
665	226	51	142
666	226	51	142
668	226	51	142
669	226	51	142
670	225	51	142
672	225	51	142
673	225	51	142
674	225	51	142
664	224	50	139
665	223	50	139
665	223	49	138
666	223	49	138
667	223	49	138
667	223	49	138
668	222	49	138
669	222	49	138
669	222	49	138
670	222	49	138
671	222	49	138
678	221	51	142
678	220	50	141
679	220	50	141
680	220	51	142
681	220	51	142
682	219	51	142
683	219	51	142
684	219	51	142
685	219	51	142
686	218	51	142
687	218	51	142
683	212	50	139
683	211	50	139
684	211	50	139
685	210	49	138
686	209	49	138
686	209	49	138
687	208	49	138
688	208	49	138
688	207	49	138
689	206	49	138
690	206	49	138
698	194	48	133
698	193	47	132
699	192	47	132
700	190	47	132
701	189	47	131
703	188	47	131
704	187	47	130
705	185	47	130
706	184	47	130
707	183	46	129
708	182	46	129
688	154	49	136
689	152	48	135
688	150	48	135
688	147	48	135
688	144	48	135
688	141	48	135
688	139	48	135
688	136	48	135
688	133	48	135
688	130	48	135
688	128	48	135
684	204	49	136
683	201	48	135
683	202	49	136
683	204	49	136
682	206	49	136
682	207	49	136
682	209	49	136
681	210	49	136
681	212	49	136
681	214	49	136
680	215	49	136
681	265	51	142
680	266	51	142
680	270	51	142
680	275	51	142
679	279	51	143
679	283	51	143
679	287	51	143
678	292	51	144
678	296	51	144
678	300	51	144
677	304	52	145
674	275	50	139
673	279	50	139
673	281	50	139
672	284	50	139
672	286	50	139
671	288	50	139
671	291	50	139
670	293	50	139
670	295	50	139
669	298	50	139
669	300	50	139
668	260	51	142
667	262	50	141
666	262	51	142
666	262	51	142
665	262	51	142
665	262	51	142
664	262	51	142
664	262	51	142
663	262	51	142
663	262	51	143
662	262	51	143
671	232	51	142
670	231	51	142
670	230	51	142
670	228	51	142
670	226	51	142
670	225	51	142
670	223	51	142
670	221	51	142
670	220	51	142
670	218	51	142
670	216	51	142
674	207	51	142
673	205	51	142
674	203	51	142
674	201	51	142
674	198	51	142
674	196	51	142
674	194	51	142
675	192	51	142
675	190	51	142
675	188	51	142
675	186	51	142
672	202	49	136
672	199	49	136
672	198	48	135
672	197	48	135
672	196	48	135
672	195	48	134
672	194	48	134
671	193	48	134
671	191	48	133
671	190	48	133
671	189	48	133
662	186	50	139
661	184	49	138
661	183	49	138
660	182	49	138
660	181	49	138
659	179	49	138
659	178	49	138
658	177	49	138
657	175	49	138
657	174	49	138
656	173	49	138
687	176	53	145
686	174	53	145
687	173	53	145
688	172	53	145
689	171	53	146
690	170	53	146
692	169	53	146
693	168	54	147
694	167	54	147
695	166	54	147
696	165	54	148
708	154	55	150
709	152	55	150
710	151	55	150
712	149	55	151
714	148	55	151
715	146	55	152
717	144	56	152
719	143	56	152
721	141	56	153
722	139	56	153
724	138	56	154
695	95	57	157
696	93	57	157
696	89	57	157
696	85	57	158
696	81	57	159
696	77	57	159
696	73	58	160
696	69	58	160
696	65	58	161
696	61	58	161
696	57	58	162
675	69	59	163
674	65	59	163
673	61	59	164
672	58	59	164
671	55	59	165
670	52	59	165
668	49	60	166
667	46	60	166
666	43	60	167
665	40	60	168
664	37	60	168
656	92	62	169
654	88	62	169
653	88	62	170
651	89	62	170
650	89	62	171
648	89	63	171
646	89	63	172
645	89	63	172
643	89	63	173
642	89	64	173
640	89	64	174
647	92	64	176
645	92	64	176
644	92	64	177
643	92	64	177
641	92	64	178
640	93	65	178
639	93	65	179
638	93	65	180
637	93	65	180
636	93	65	181
635	94	66	181
617	87	67	183
615	87	67	183
613	87	67	184
611	86	67	184
609	86	67	185
607	86	68	186
605	86	68	186
603	86	68	187
601	85	68	187
599	85	69	188
597	85	69	189
617	77	68	187
614	76	68	187
614	76	68	188
613	75	68	188
612	74	68	189
611	74	68	189
610	73	69	189
609	72	69	190
608	72	69	190
607	71	69	191
607	70	69	191
617	63	71	195
616	62	71	195
615	61	71	196
615	60	71	196
615	59	71	197
615	58	72	197
614	57	72	198
614	56	72	199
614	54	72	199
613	53	72	200
613	52	73	201
614	41	72	199
613	39	72	199
613	38	72	200
613	36	72	200
613	34	72	201
612	33	72	201
612	31	72	201
612	30	73	202
612	28	73	202
611	26	73	203
611	25	73	203
611	27	75	207
610	25	75	207
610	23	75	208
610	22	75	208
609	20	75	209
609	19	76	209
609	18	76	210
609	16	76	211
608	15	76	211
608	13	76	212
608	12	77	213
626	33	78	215
625	31	78	215
626	31	78	216
627	31	78	217
627	30	78	217
628	30	79	218
629	30	79	219
630	30	79	219
630	29	80	220
631	29	80	221
632	29	80	221
644	30	78	215
644	29	78	215
646	29	78	215
647	29	78	216
648	29	78	216
650	29	78	216
651	28	78	217
652	28	78	217
654	28	78	217
655	28	79	217
656	28	79	218
663	28	81	224
664	27	81	224
665	27	81	224
667	27	81	225
669	27	81	226
670	27	81	226
672	26	82	227
673	26	82	227
675	26	82	228
677	26	82	228
678	26	82	229
668	16	81	224
669	15	81	224
670	15	81	224
671	14	81	225
672	13	81	225
673	12	81	225
674	12	81	225
675	11	81	226
676	10	81	226
676	9	81	226
677	9	81	226
674	1	80	219
674	0	80	219
675	0	80	219
676	-2	80	218
676	-3	79	218
677	-4	79	218
678	-5	79	218
678	-6	79	218
679	-7	79	217
680	-8	79	217
680	-10	79	217
668	-17	81	224
668	-18	80	223
668	-19	81	223
668	-21	81	224
668	-22	81	224
668	-24	81	224
668	-25	81	224
668	-26	81	224
668	-28	81	225
667	-29	81	225
667	-31	81	225
643	-17	85	233
642	-18	85	233
641	-19	85	233
639	-19	85	234
638	-20	85	234
637	-20	85	235
635	-21	86	236
634	-22	86	236
632	-22	86	237
631	-23	86	237
629	-23	87	238
642	-16	88	242
640	-16	88	242
639	-16	88	243
639	-16	88	244
638	-16	89	244
637	-17	89	245
637	-17	89	246
636	-17	89	247
635	-17	90	247
634	-17	90	248
634	-17	90	249
643	15	90	247
642	14	90	247
642	16	90	248
641	18	90	248
641	19	90	249
641	21	91	250
641	23	91	250
641	25	91	251
641	26	91	251
640	28	92	252
640	30	92	252
640	33	87	237
639	34	87	237
639	36	87	237
639	38	87	236
639	39	86	236
639	41	86	236
638	43	86	235
638	45	86	235
638	47	86	235
638	48	86	234
637	50	86	234
629	43	85	233
628	44	84	232
628	46	84	232
627	47	84	231
626	48	84	231
626	49	84	231
625	50	84	230
624	52	83	230
623	53	83	229
623	54	83	229
622	55	83	229
620	33	87	237
619	34	86	236
618	34	86	236
617	34	86	236
616	33	86	236
616	33	87	236
615	33	87	236
614	33	87	236
613	33	87	237
612	33	87	237
612	33	87	237
615	30	85	233
614	29	85	233
613	29	84	232
613	29	84	232
612	29	84	232
611	28	84	232
611	28	84	232
610	28	84	232
610	27	84	231
609	27	84	231
608	27	84	231
608	23	88	242
607	22	87	241
606	22	88	242
606	21	88	242
605	21	88	243
604	20	88	243
604	20	88	243
603	19	88	244
603	19	88	244
602	18	88	245
601	18	89	245
607	17	87	237
606	16	87	237
606	15	87	237
605	15	87	237
605	14	87	237
605	14	87	237
604	13	87	237
604	13	87	236
604	12	87	236
604	12	87	236
603	11	87	236
610	10	90	247
609	9	90	246
609	8	90	247
609	8	90	247
609	7	90	248
609	7	90	248
610	6	90	249
610	5	90	249
610	5	91	250
610	4	91	250
610	4	91	251
631	4	92	252
631	3	92	252
632	2	92	252
633	2	92	253
634	1	92	254
635	1	92	254
637	0	93	255
638	0	93	255
639	0	93	256
640	-1	93	256
641	-1	93	257
638	4	94	257
639	3	94	257
640	3	94	257
641	2	94	258
641	2	94	258
642	2	94	259
643	2	95	259
644	2	95	260
645	1	95	260
646	1	95	261
647	1	95	261
636	7	92	252
636	6	92	252
637	6	92	252
637	6	92	252
637	7	92	252
637	7	92	252
638	7	91	252
638	7	91	251
638	7	91	251
638	7	91	251
639	7	91	251
632	13	94	257
632	13	93	256
632	13	94	257
631	13	94	257
631	14	94	257
631	14	94	257
631	15	94	257
631	15	94	258
631	15	94	258
630	16	94	258
630	16	94	258
627	16	97	267
626	16	97	267
626	16	97	267
626	17	97	268
625	17	97	269
625	17	97	269
625	18	98	270
624	18	98	271
624	18	98	271
623	19	98	272
623	19	98	273
620	31	99	273
619	31	99	273
619	32	99	274
618	33	99	274
618	34	99	275
617	35	99	276
616	36	100	276
616	37	100	277
615	38	100	277
615	39	100	278
614	39	100	279
615	35	103	284
614	35	103	284
613	36	103	285
613	37	103	286
612	37	104	287
612	38	104	287
611	39	104	288
611	39	104	289
610	40	105	290
610	41	105	291
609	41	105	292
616	41	101	278
615	41	101	278
615	42	101	278
615	42	101	278
615	43	101	278
614	43	101	278
614	44	101	278
614	44	101	278
614	45	101	278
614	46	101	278
614	46	101	278
604	22	101	278
603	22	101	278
603	21	100	277
602	20	100	277
601	20	100	277
601	19	100	277
600	18	100	277
599	17	100	277
598	16	100	277
598	15	100	277
597	15	100	277
594	19	97	267
593	18	96	266
592	17	96	266
591	17	96	265
590	16	96	265
589	15	96	264
589	15	95	263
588	14	95	263
587	14	95	262
586	13	95	261
585	13	94	261
586	13	96	262
585	12	95	261
584	11	95	260
583	11	95	260
582	10	95	259
581	10	95	259
581	9	94	258
580	9	94	258
579	8	94	257
578	8	94	256
578	7	94	256
589	10	96	262
588	9	95	261
588	9	95	261
587	8	95	261
587	8	95	260
587	7	95	260
587	7	95	260
587	7	95	260
587	6	95	259
587	6	95	259
586	6	95	259
587	18	94	257
586	17	93	256
586	17	93	256
586	18	93	256
586	18	93	255
586	18	93	255
586	19	93	255
586	19	93	254
585	19	93	254
585	20	92	254
585	20	92	253
589	31	90	247
588	31	89	246
588	32	89	245
588	33	89	245
589	33	89	244
589	34	88	243
589	35	88	243
589	36	88	242
589	37	87	241
589	38	87	241
589	39	87	240
605	50	90	247
605	50	89	246
605	52	89	246
606	53	89	245
607	55	89	245
608	56	89	245
609	58	89	244
610	59	89	244
611	60	88	244
612	62	88	243
613	63	88	243
609	28	94	257
609	29	93	256
610	28	94	257
611	28	94	257
611	27	94	258
612	26	94	258
613	26	94	259
613	25	94	259
614	25	95	259
614	24	95	260
615	23	95	260
607	-2	97	267
607	-2	97	267
607	-4	97	268
607	-6	97	269
607	-8	97	269
608	-10	98	270
608	-12	98	271
608	-14	98	272
608	-16	98	272
608	-18	99	273
608	-20	99	274
592	22	94	257
592	19	94	257
591	20	94	257
590	20	94	257
589	21	94	257
588	21	94	256
588	22	93	256
587	22	93	256
586	23	93	256
585	23	93	255
584	24	93	255
596	76	90	247
595	76	89	246
595	79	89	246
594	83	89	245
594	86	89	244
594	89	88	243
594	93	88	243
594	96	88	242
594	99	88	241
593	102	87	241
593	106	87	240
601	71	94	257
600	74	93	256
601	75	93	256
601	76	93	256
601	77	94	257
601	79	94	257
602	80	94	257
602	81	94	257
602	82	94	258
602	83	94	258
603	84	94	258
624	85	92	252
624	86	92	252
625	87	92	252
627	88	92	252
628	89	91	251
629	90	91	251
631	91	91	251
632	92	91	251
634	93	91	251
635	95	91	251
636	96	91	251
643	99	94	257
644	100	93	256
646	101	94	257
647	102	94	257
649	103	94	257
651	104	94	257
652	106	94	257
654	107	94	258
656	108	94	258
657	109	94	258
659	110	94	258
659	82	97	267
660	83	97	267
662	82	97	267
663	82	97	268
665	81	97	269
666	81	97	269
668	80	98	270
669	80	98	271
671	79	98	271
673	79	98	272
674	79	98	273
677	73	96	262
678	72	96	262
680	71	96	262
681	70	96	262
683	70	96	262
684	69	96	262
686	68	96	262
688	67	96	262
689	67	96	262
691	66	96	262
692	65	96	262
674	74	96	262
675	73	96	262
676	72	96	261
676	72	96	261
676	72	96	261
677	72	96	261
677	71	96	261
678	71	96	261
678	71	96	261
679	71	96	261
679	70	96	261
697	88	96	262
697	87	96	261
698	88	96	261
700	89	96	261
701	89	96	261
703	90	96	261
704	91	95	261
705	91	95	261
707	92	95	261
708	93	95	261
709	94	95	261
702	97	97	267
703	97	96	266
704	98	97	267
705	99	97	267
706	100	97	267
706	101	97	268
707	101	97	268
708	102	97	268
709	103	97	268
710	104	97	269
711	105	97	269
686	120	96	262
686	120	96	262
686	122	96	262
685	124	95	261
685	125	95	261
684	127	95	261
683	128	95	261
683	130	95	261
682	132	95	261
682	133	95	261
681	135	95	260
656	103	94	257
655	104	93	256
653	104	93	256
651	104	93	256
649	103	93	255
647	103	93	255
645	103	93	255
643	102	93	254
641	102	93	254
639	102	92	253
637	102	92	253
643	88	92	252
641	87	91	251
639	86	91	251
637	85	91	250
636	84	91	250
634	83	91	249
633	82	91	249
631	81	90	249
630	80	90	248
628	79	90	248
626	78	90	247
639	55	94	257
637	53	93	256
636	51	93	256
635	49	93	256
634	47	93	256
634	44	94	256
633	42	94	257
632	40	94	257
631	37	94	257
630	35	94	257
630	33	94	257
645	52	94	257
644	49	94	257
644	48	94	257
644	47	94	257
644	46	94	257
644	45	94	257
644	44	94	257
644	42	94	257
644	41	94	257
644	40	94	257
644	39	94	257
658	-4	97	267
658	-5	97	267
658	-8	97	267
659	-12	97	268
660	-15	97	268
661	-19	97	269
662	-22	97	269
662	-25	98	270
663	-29	98	271
664	-32	98	271
665	-36	98	272
677	16	94	257
677	12	94	257
679	12	94	257
680	11	94	256
682	11	93	256
683	10	93	256
684	10	93	256
686	10	93	255
687	9	93	255
689	9	93	255
690	9	93	254
652	83	94	257
653	82	93	256
652	86	93	256
651	90	93	256
651	93	93	256
650	97	93	256
649	101	93	255
648	105	93	255
647	108	93	255
646	112	93	255
646	116	93	255
634	115	96	262
633	118	95	261
631	122	96	262
630	125	96	262
628	129	96	262
627	132	96	262
626	136	96	262
624	139	96	263
623	143	96	263
621	146	96	263
620	149	96	263
644	118	99	273
642	121	99	273
642	122	99	273
642	124	99	274
642	125	99	275
642	127	99	276
642	128	100	276
642	130	100	277
642	131	100	278
642	133	100	278
642	134	100	279
651	94	103	284
650	95	103	284
651	94	103	285
651	93	103	286
652	92	104	287
652	92	104	288
653	91	104	289
653	90	105	290
654	89	105	291
654	88	105	292
655	87	106	292
665	79	99	273
665	78	99	273
666	76	99	273
667	75	99	273
668	74	99	273
669	72	98	272
670	71	98	272
671	70	98	272
672	69	98	272
673	67	98	271
674	66	98	271
670	75	96	262
670	73	95	261
671	72	95	260
672	72	95	260
673	71	95	259
673	70	95	258
674	69	94	257
675	69	94	257
675	68	94	256
676	67	94	255
677	66	93	254
683	82	92	252
683	81	91	251
684	81	91	250
685	81	91	249
686	81	90	248
687	81	90	247
688	81	90	246
689	81	89	245
690	82	89	245
691	82	89	244
692	82	88	243
672	75	96	262
672	75	95	261
672	74	95	261
672	74	95	261
672	74	95	261
672	73	96	261
671	73	96	262
671	73	96	262
671	73	96	262
671	72	96	262
671	72	96	262
659	83	94	257
658	82	94	257
657	83	94	257
657	83	93	256
656	83	93	256
655	83	93	256
654	84	93	256
653	84	93	256
652	84	93	256
651	85	93	256
650	85	93	255
649	83	96	262
648	83	95	261
647	83	96	262
646	83	96	262
645	83	96	262
644	83	96	262
643	84	96	262
642	84	96	263
641	84	96	263
640	84	96	263
639	84	96	263
643	97	92	252
642	97	92	252
641	97	91	251
640	98	91	251
639	99	91	250
639	100	91	250
638	101	91	249
637	102	90	249
637	102	90	249
636	103	90	248
635	104	90	248
642	75	94	257
641	75	93	256
640	74	93	256
640	74	93	256
640	73	93	256
640	72	93	256
639	71	93	256
639	70	93	256
639	69	93	256
638	68	94	257
638	68	94	257
637	72	97	267
636	71	97	267
636	70	97	267
635	69	97	268
635	69	97	268
635	68	97	269
634	68	97	270
634	67	98	270
634	66	98	271
633	66	98	271
633	65	98	272
650	85	101	278
649	84	101	278
650	84	101	279
650	85	101	280
651	85	102	281
651	86	102	282
652	86	102	282
653	87	103	283
653	87	103	284
654	88	103	285
654	88	103	286
661	79	103	284
661	79	103	284
662	79	103	285
663	79	103	286
664	79	104	286
665	79	104	287
665	79	104	288
666	79	104	289
667	78	104	289
668	78	105	290
669	78	105	291
669	90	99	273
669	89	99	273
670	90	99	273
671	91	98	272
672	91	98	272
673	92	98	272
673	92	98	271
674	93	98	271
675	93	98	271
676	94	98	270
677	94	98	270
671	88	101	278
671	88	100	277
672	88	100	277
672	88	100	277
673	88	100	277
673	89	101	277
673	89	101	278
674	89	101	278
674	89	101	278
675	89	101	278
675	89	101	278
680	75	101	278
680	75	101	278
681	74	101	278
681	73	101	278
682	73	101	278
682	72	101	278
683	71	101	278
684	70	101	278
684	70	101	278
685	69	101	278
686	68	101	278
677	66	101	278
677	65	101	278
677	64	101	278
677	63	101	278
677	62	101	278
678	62	101	278
678	61	101	278
678	60	101	278
678	59	101	278
678	58	101	278
678	57	101	278
653	67	106	290
653	66	106	290
651	65	106	290
650	65	106	291
649	65	106	292
647	65	107	292
646	64	107	293
645	64	107	294
643	64	107	294
642	64	108	295
641	63	108	296
639	61	103	284
637	60	103	284
636	60	103	284
634	59	103	284
633	59	103	284
632	59	103	284
630	58	103	284
629	58	103	284
628	57	102	284
626	57	102	284
625	57	102	284
648	61	103	284
646	60	102	283
646	60	102	283
646	60	102	283
646	60	102	283
646	59	102	283
646	59	102	283
646	59	102	283
646	59	102	283
646	59	102	283
646	59	102	283
652	58	108	295
651	57	107	294
652	57	108	295
652	57	108	296
652	57	108	296
653	56	109	297
653	56	109	297
653	56	109	298
653	56	109	299
654	56	110	299
654	55	110	300
645	71	108	295
645	70	108	295
645	71	108	295
644	72	108	296
644	72	108	296
644	73	108	296
643	73	108	296
643	74	108	297
643	75	109	297
643	75	109	297
642	76	109	297
646	45	108	295
645	45	108	295
645	44	108	295
645	43	108	295
645	42	108	295
645	41	108	295
645	39	108	295
645	38	108	295
645	37	108	295
645	36	108	295
645	35	108	296
649	16	108	295
648	14	108	295
649	12	108	295
649	10	108	295
649	8	108	295
649	6	108	295
649	4	108	295
649	1	108	295
649	0	108	295
650	-2	108	295
650	-4	108	295
662	10	108	295
662	7	108	295
662	6	108	295
663	5	108	295
664	4	108	295
665	2	108	295
666	1	108	295
666	0	108	295
667	0	108	295
668	-2	108	295
669	-3	108	295
680	38	112	307
680	36	112	306
682	37	112	307
683	39	112	308
684	40	112	309
686	41	112	309
687	42	113	310
688	43	113	311
690	44	113	311
691	45	113	312
692	46	114	313
700	78	112	307
701	79	112	307
703	81	112	307
704	84	112	308
706	87	112	308
707	90	112	308
709	93	112	309
711	95	112	309
712	98	112	309
714	101	113	310
716	104	113	310
722	79	117	320
723	81	117	320
725	83	117	321
727	84	117	321
729	85	118	322
731	86	118	323
733	87	118	324
734	89	118	325
736	90	119	326
738	91	119	326
740	92	119	327
737	85	112	307
738	86	112	307
740	86	112	307
742	87	112	307
743	88	111	306
745	89	111	306
746	89	111	305
748	90	111	305
749	91	111	305
751	92	111	304
753	92	111	304
731	89	117	320
732	89	116	319
732	90	117	320
733	90	117	320
733	91	117	321
733	91	117	321
733	92	117	322
734	92	118	322
734	93	118	323
734	93	118	323
734	94	118	324
749	96	117	320
749	96	117	320
750	97	117	320
751	97	117	321
752	98	117	321
753	98	117	321
754	99	117	321
755	99	117	321
756	100	117	322
757	100	117	322
758	101	118	322
760	109	114	313
761	109	114	313
762	110	113	312
763	111	113	312
764	112	113	312
765	113	113	312
766	114	113	311
767	115	113	311
768	116	113	311
769	117	113	310
770	118	112	310
775	135	110	301
776	135	109	300
777	137	109	299
778	139	109	299
779	141	109	298
781	143	108	297
782	145	108	296
783	146	108	295
784	148	107	294
786	150	107	294
787	152	107	293
786	132	114	313
787	133	113	312
788	134	113	312
789	135	113	312
790	135	114	313
791	136	114	313
792	136	114	313
793	137	114	314
794	138	114	314
796	138	114	314
797	139	114	315
801	148	112	307
802	148	112	307
803	149	112	307
804	150	112	307
805	151	111	306
807	152	111	306
808	153	111	306
809	154	111	306
810	155	111	306
812	157	111	306
813	158	111	306
805	135	110	301
806	136	109	300
806	135	109	300
807	135	109	300
808	135	109	299
809	134	109	299
809	134	109	298
810	134	109	298
811	134	108	297
812	133	108	297
812	133	108	297
799	132	108	295
799	131	107	294
799	131	107	294
799	131	107	293
799	130	107	293
799	130	107	292
799	129	107	292
799	129	106	291
799	129	106	291
799	128	106	290
798	128	106	289
801	116	112	307
800	115	111	306
800	114	111	306
800	113	112	307
801	112	112	307
801	111	112	308
801	110	112	308
801	109	112	309
801	108	112	309
801	107	113	310
801	106	113	310
805	92	117	320
805	90	117	320
805	89	117	321
805	87	117	322
805	85	118	323
805	83	118	324
806	82	118	325
806	80	119	326
806	78	119	327
806	76	119	328
807	75	120	329
819	100	117	320
819	98	117	320
820	97	117	321
821	97	117	321
821	97	117	322
822	97	117	322
823	96	118	322
824	96	118	323
825	96	118	323
826	95	118	324
827	95	118	324
809	107	117	320
809	106	117	320
809	107	117	320
809	107	117	320
809	107	117	320
809	108	117	320
809	108	117	321
808	108	117	321
808	109	117	321
808	109	117	321
808	109	117	321
823	100	117	320
822	100	117	320
823	100	117	320
824	99	117	320
824	99	117	320
825	99	117	320
826	99	117	320
826	99	117	320
827	98	117	320
828	98	117	320
828	98	117	320
822	86	119	326
822	85	119	326
822	84	119	326
823	84	119	326
823	83	119	327
823	82	119	327
823	81	119	327
824	80	119	328
824	79	119	328
824	78	119	328
824	77	120	329
812	89	119	326
812	88	119	326
811	87	119	326
811	87	119	326
810	87	119	326
810	87	119	326
809	87	119	327
809	86	119	327
808	86	119	327
808	86	119	327
807	86	119	327
794	120	124	339
793	119	124	339
792	121	124	339
791	123	124	340
789	124	124	341
788	126	125	342
787	128	125	342
786	129	125	343
784	131	126	344
783	133	126	345
782	134	126	346
795	113	129	353
793	114	129	353
793	115	129	354
792	115	130	355
792	115	130	357
791	116	130	358
791	116	131	359
790	116	131	360
790	117	132	361
790	117	132	362
789	118	132	363
793	122	134	367
792	122	134	368
792	122	134	369
792	123	135	370
791	124	135	371
791	124	136	373
791	125	136	374
791	125	137	375
790	126	137	376
790	126	137	377
790	127	138	379
793	126	134	367
792	126	134	368
792	127	134	368
792	127	134	369
792	127	134	369
792	128	135	370
792	128	135	370
792	129	135	371
792	129	135	371
792	130	135	372
791	130	136	372
795	122	129	353
794	122	129	353
795	122	128	352
795	122	128	352
795	122	128	351
795	122	128	350
795	122	128	350
795	122	127	349
795	122	127	349
795	122	127	348
795	122	127	347
795	117	129	353
795	116	128	352
795	116	128	352
795	116	128	351
795	115	128	351
795	115	128	351
795	115	128	350
795	114	128	350
795	114	128	350
795	114	127	349
795	114	127	349
793	124	126	346
793	123	125	345
792	123	125	345
792	124	125	344
792	124	125	344
792	124	125	343
792	124	124	343
792	125	124	342
792	125	124	342
792	125	124	341
792	125	124	341
784	133	129	353
783	133	128	352
783	133	128	352
782	134	128	352
782	135	129	353
781	135	129	353
781	136	129	353
780	137	129	353
780	137	129	353
779	138	129	354
779	138	129	354
797	147	124	339
796	147	124	339
796	148	123	338
797	149	123	337
797	150	123	337
798	151	123	336
798	152	122	335
799	153	122	335
799	154	122	334
800	155	122	333
800	157	122	333
853	179	119	326
853	180	118	325
856	182	118	324
860	184	118	323
863	186	117	322
866	188	117	321
870	191	116	320
873	193	116	319
876	195	116	318
880	197	115	317
883	199	115	316
892	178	117	320
895	180	116	318
898	181	116	318
902	181	116	317
906	182	115	316
909	183	115	315
913	184	115	315
917	185	114	314
920	186	114	313
924	187	114	312
928	188	114	312
927	182	112	307
930	182	111	306
934	183	111	305
937	183	110	304
940	184	110	303
944	184	110	302
947	185	109	301
950	185	109	300
954	186	109	299
957	186	108	298
960	187	108	297
929	188	110	301
932	188	109	299
933	188	109	299
935	189	109	298
936	189	108	297
938	190	108	297
939	190	108	296
940	191	108	295
942	191	107	294
943	192	107	294
945	192	107	293
906	179	114	313
907	179	113	312
906	179	113	312
905	178	113	313
904	178	114	313
904	178	114	313
903	177	114	314
902	177	114	314
901	177	114	315
900	177	114	315
899	176	114	315
885	182	114	313
884	181	114	313
882	181	114	313
880	181	114	313
879	181	114	314
877	181	114	314
876	181	114	314
874	181	114	314
872	181	114	314
871	181	114	315
869	181	114	315
901	182	117	320
899	182	117	320
899	182	117	320
899	182	117	321
900	182	117	321
900	182	117	322
900	182	118	322
900	182	118	322
900	182	118	323
901	182	118	323
901	182	118	324
898	185	114	313
898	185	114	313
898	185	114	313
898	185	114	313
898	185	113	312
898	185	113	312
898	185	113	312
898	186	113	312
898	186	113	312
898	186	113	311
898	186	113	311
915	168	117	320
915	168	116	319
915	167	117	320
916	166	117	320
917	165	117	320
918	164	117	320
919	163	117	321
920	162	117	321
921	162	117	321
922	161	117	322
923	160	117	322
917	118	119	326
917	117	119	326
918	113	119	326
919	110	119	327
919	107	119	327
920	104	119	328
920	101	119	328
921	98	120	329
921	94	120	329
922	91	120	330
922	88	120	330
885	115	119	326
885	111	119	326
883	110	119	326
882	108	119	326
880	107	119	327
879	105	119	327
877	104	119	327
875	102	119	327
874	101	119	327
872	99	119	328
871	98	119	328
879	112	124	339
877	110	124	339
876	109	124	339
875	109	124	340
874	108	124	341
873	107	125	342
872	107	125	343
870	106	125	343
869	105	126	344
868	105	126	345
867	104	126	346
898	130	121	333
896	129	121	333
897	130	121	333
898	130	121	333
898	131	121	333
899	132	121	333
900	133	121	333
900	134	121	333
901	134	121	333
902	135	121	333
902	136	120	333
904	151	117	320
904	151	116	320
905	153	116	319
906	154	116	318
906	156	116	317
907	157	115	316
908	159	115	316
908	161	115	315
909	162	115	314
910	164	114	313
910	165	114	313
888	148	119	326
888	149	118	325
888	150	118	325
887	150	118	325
886	151	118	325
886	151	118	325
885	151	118	325
884	152	118	325
884	152	118	325
883	153	118	325
883	153	118	325
892	144	119	326
891	144	118	325
891	144	119	326
891	144	119	326
891	144	119	326
891	144	119	326
890	144	119	326
890	143	119	326
890	143	119	326
890	143	119	326
890	143	119	326
871	147	119	326
870	146	119	326
869	147	119	326
868	147	119	326
867	147	119	326
866	147	119	326
865	147	119	326
863	147	119	326
862	147	119	326
861	147	119	326
860	147	119	326
836	137	119	326
834	137	119	326
832	136	119	326
829	136	119	326
827	135	119	326
825	135	119	326
822	134	119	326
820	134	119	326
817	133	119	326
815	133	119	326
812	132	119	326
792	123	124	339
789	122	123	338
786	121	124	339
782	120	124	340
779	119	124	341
775	118	125	341
772	117	125	342
768	116	125	343
765	115	125	344
761	114	126	344
758	113	126	345
796	116	124	339
792	114	124	339
791	114	124	340
790	113	124	340
788	112	124	340
787	111	124	341
786	110	124	341
785	110	125	341
784	109	125	341
783	108	125	342
781	107	125	342
837	116	119	326
835	115	119	326
837	114	118	325
839	114	118	325
841	114	118	324
843	113	118	323
845	113	117	323
847	113	117	322
849	113	117	321
851	112	117	321
853	112	116	320
864	122	114	313
865	121	113	312
868	121	113	311
870	122	112	310
873	122	112	309
875	122	112	308
878	122	111	307
880	123	111	306
882	123	111	305
885	123	110	304
887	123	110	303
866	141	110	301
868	141	109	299
869	142	109	298
870	143	108	297
871	144	108	296
872	145	108	295
873	147	107	294
874	148	107	293
876	149	106	292
877	150	106	291
878	151	106	290
870	149	114	313
871	150	113	311
871	151	113	312
872	152	113	312
872	153	113	312
873	154	113	312
873	154	113	313
874	155	114	313
875	156	114	313
875	157	114	313
876	158	114	314
879	118	119	326
879	118	119	326
880	117	119	327
880	116	119	328
881	114	120	328
882	113	120	329
883	112	120	330
883	110	121	331
884	109	121	332
885	108	121	333
885	106	122	334
882	118	121	333
882	116	121	333
883	115	121	334
883	115	121	335
884	114	122	336
884	113	122	336
884	113	122	337
885	112	122	338
885	112	123	339
886	111	123	340
886	110	123	340
868	133	121	333
868	132	121	333
867	132	121	334
867	133	121	334
866	134	121	334
865	134	121	334
865	135	121	335
864	136	121	335
864	136	121	335
863	137	122	336
862	137	122	336
870	137	124	339
869	137	124	339
869	138	124	339
868	138	124	340
868	139	124	340
868	139	124	340
868	140	125	341
868	140	125	341
868	141	125	342
867	141	125	342
867	142	125	343
861	119	126	346
860	119	126	346
860	118	126	346
859	117	126	347
859	117	126	348
858	116	126	348
858	115	127	349
857	114	127	349
856	113	127	350
856	113	127	350
855	112	127	351
840	126	124	339
839	125	124	339
838	125	124	339
836	125	124	339
835	125	124	339
833	125	124	338
832	125	124	338
831	125	123	338
829	125	123	338
828	125	123	338
826	125	123	338
814	115	119	326
812	115	118	325
810	114	118	325
808	113	118	324
806	113	118	323
804	112	117	322
802	112	117	321
800	111	117	320
798	111	116	320
796	110	116	319
794	109	116	318
817	101	121	333
814	100	120	332
814	99	120	332
813	98	120	332
812	97	120	332
812	96	120	332
811	95	120	332
810	94	120	332
810	93	120	332
809	92	120	332
808	91	120	332
840	86	117	320
839	84	116	320
840	83	116	319
841	82	116	318
842	81	116	318
843	79	116	317
844	78	115	316
845	77	115	316
846	76	115	315
848	74	115	314
849	73	115	314
843	89	112	307
844	87	111	306
844	87	111	305
845	87	111	304
846	86	110	303
846	86	110	302
847	86	109	301
848	85	109	300
848	85	109	299
849	85	108	298
850	84	108	297
849	96	112	307
849	95	111	305
850	95	111	305
850	96	111	305
851	96	111	304
852	96	111	304
852	97	110	303
853	97	110	303
853	97	110	303
854	98	110	302
854	98	110	302
868	118	117	320
868	118	116	319
869	119	117	320
871	121	117	320
872	122	117	321
873	123	117	321
874	125	117	322
876	126	118	323
877	127	118	323
878	129	118	324
880	130	118	324
873	140	121	333
874	141	121	333
875	143	121	334
875	145	121	335
876	146	122	336
877	148	122	337
878	150	122	338
879	152	123	339
879	154	123	340
880	155	123	341
881	157	124	342
867	156	126	346
867	157	126	347
867	159	126	348
867	161	127	349
867	162	127	350
867	164	127	351
867	165	128	352
867	167	128	353
867	169	129	354
867	170	129	356
867	172	130	357
865	142	129	353
864	143	129	354
864	143	129	354
864	143	130	355
864	143	130	356
864	143	130	357
864	142	131	358
863	142	131	359
863	142	131	360
863	142	132	360
863	142	132	361
883	154	134	367
882	153	134	367
883	154	134	368
884	154	135	370
885	155	135	371
886	155	135	372
887	156	136	373
888	156	136	374
889	157	137	375
890	157	137	376
891	158	137	377
1013	180	139	382
1013	180	139	383
1021	182	139	384
1029	183	140	385
1036	185	140	386
1044	187	141	388
1052	188	141	389
1059	190	142	390
1067	192	142	391
1074	193	142	393
1082	195	143	394
1104	200	137	375
1111	201	137	376
1120	203	137	376
1128	205	137	376
1136	207	137	376
1145	208	137	376
1153	210	137	376
1162	212	137	376
1170	214	137	377
1178	216	137	377
1187	218	137	377
1036	196	139	382
1044	197	139	382
1044	198	139	382
1043	198	139	382
1043	199	139	383
1042	199	139	383
1042	200	139	383
1041	200	139	384
1041	201	139	384
1040	201	139	385
1040	202	140	385
1007	175	145	398
1006	175	145	398
1004	174	145	399
1001	173	145	400
999	172	146	401
997	171	146	402
995	170	147	403
992	169	147	404
990	168	147	405
988	167	148	406
985	166	148	407
979	166	148	406
976	164	148	407
974	163	148	407
971	162	149	408
969	161	149	409
966	160	149	410
963	159	150	411
961	158	150	412
958	158	150	413
956	157	151	414
953	156	151	415
928	167	151	414
925	166	151	414
921	165	151	415
917	165	151	416
913	165	152	417
910	164	152	418
906	164	152	418
902	164	153	419
898	163	153	420
894	163	153	421
890	163	153	421
866	155	154	422
862	154	154	422
857	153	154	423
852	153	154	424
847	152	155	425
842	151	155	425
837	150	155	426
832	150	155	427
827	149	156	427
822	148	156	428
817	147	156	429
903	159	154	422
897	158	154	422
897	158	154	423
898	158	154	423
898	157	154	423
898	157	154	423
898	157	154	424
898	157	154	424
898	157	155	424
898	157	155	425
898	157	155	425
871	118	160	439
871	117	160	439
869	115	160	440
868	113	160	441
866	111	161	442
865	108	161	443
863	106	161	444
862	104	162	445
860	101	162	446
859	99	163	447
857	97	163	448
731	127	157	431
729	124	157	432
721	124	157	432
712	123	157	432
704	123	157	432
695	122	157	432
687	122	157	432
678	121	157	432
670	121	157	432
662	120	157	432
653	120	157	432
626	124	163	448
617	123	162	447
608	123	163	448
598	122	163	449
589	122	163	450
579	122	164	451
570	122	164	452
560	121	164	453
551	121	165	454
541	121	165	455
532	121	165	455
574	124	167	457
564	123	167	457
557	123	167	458
551	123	168	459
544	123	168	460
537	123	168	461
531	123	169	462
524	123	169	463
517	123	169	464
511	123	170	465
504	122	170	465
572	140	170	466
565	139	170	466
562	140	170	467
560	141	170	468
557	142	171	469
555	143	171	470
552	144	171	471
550	145	172	471
547	145	172	472
544	146	172	473
542	147	173	474
580	145	174	475
577	145	174	475
577	146	174	476
576	147	174	477
576	147	175	478
576	148	175	479
575	149	176	479
575	149	176	480
575	150	176	481
574	151	177	482
574	151	177	483
606	145	174	475
605	145	174	475
607	145	174	476
608	146	174	476
610	146	174	476
611	146	174	477
612	146	175	477
614	147	175	477
615	147	175	478
617	147	175	478
618	147	175	478
608	145	170	466
609	145	170	466
610	145	169	465
610	145	169	465
611	145	169	465
612	145	169	464
613	145	169	464
614	145	169	463
614	145	168	463
615	145	168	463
616	145	168	462
567	139	163	448
567	139	162	447
565	138	162	446
563	138	161	445
561	138	161	444
559	137	160	442
557	137	160	441
555	137	159	440
553	136	159	439
551	136	159	438
549	136	158	436
593	124	160	439
590	123	159	437
591	122	159	436
591	121	158	435
592	120	158	434
592	119	158	433
593	118	157	432
593	117	157	431
594	116	156	430
594	115	156	429
595	114	156	428
674	43	160	439
674	42	159	437
679	37	159	437
684	32	159	437
688	27	159	436
693	22	159	436
698	17	158	436
703	12	158	435
708	7	158	435
713	2	158	434
717	-2	158	434
585	61	154	422
589	56	153	421
587	54	153	420
584	53	153	419
581	52	152	418
578	51	152	417
575	50	151	416
573	49	151	415
570	48	151	414
567	46	150	413
564	45	150	412
649	107	154	422
646	105	153	420
648	108	153	420
650	110	153	420
652	112	153	419
654	115	152	419
656	117	152	418
658	119	152	418
660	122	152	417
662	124	152	417
664	126	152	416
722	121	157	431
723	123	156	430
729	125	156	430
734	127	157	431
739	128	157	431
744	130	157	431
749	132	157	432
754	134	157	432
759	136	157	433
764	138	157	433
770	140	157	433
641	113	163	448
646	114	163	448
643	115	163	449
641	115	163	450
639	115	164	451
636	115	164	452
634	116	165	453
632	116	165	455
629	116	165	456
627	116	166	457
625	117	166	458
600	146	160	439
597	146	160	440
594	148	160	440
590	149	160	440
586	151	160	440
583	153	160	440
579	155	160	440
576	157	160	440
572	159	160	440
568	160	160	440
565	162	160	439
523	113	160	439
519	114	160	438
513	113	159	438
507	112	159	438
502	111	159	438
496	110	159	438
490	109	159	438
484	108	159	438
479	107	159	438
473	106	159	438
467	105	159	438
509	99	167	457
503	97	166	456
500	96	167	457
496	95	167	458
493	93	168	459
490	92	168	460
487	91	168	461
484	89	169	462
481	88	169	463
478	87	170	464
475	85	170	465
465	142	174	475
461	140	174	475
458	142	174	477
454	144	175	478
451	146	176	480
447	148	176	481
444	149	177	483
440	151	177	484
437	153	178	486
433	155	178	487
430	157	179	488
497	147	170	466
493	148	170	467
493	150	170	467
494	151	170	467
494	152	170	467
494	153	170	467
495	154	170	467
495	155	170	467
496	157	170	468
496	158	170	468
496	159	170	468
529	112	163	448
529	113	163	448
531	111	162	447
533	110	162	446
535	108	161	444
537	107	161	443
540	105	160	442
542	104	160	441
544	102	160	440
546	101	159	439
548	99	159	438
565	120	157	431
567	118	156	429
570	118	156	428
573	117	155	427
575	117	155	425
578	117	154	424
581	116	153	422
584	116	153	421
587	116	152	420
590	116	152	418
593	115	151	417
582	160	151	414
584	159	150	412
587	161	149	411
589	164	149	409
591	166	148	408
593	168	148	406
595	170	147	405
597	172	147	403
599	174	146	401
601	177	146	400
604	179	145	398
593	156	148	406
595	158	147	404
596	158	147	403
597	159	146	402
599	160	146	401
600	161	145	400
602	161	145	399
603	162	145	398
604	163	144	397
606	164	144	396
607	165	144	395
539	194	154	422
540	194	153	420
537	197	153	421
535	199	154	421
532	201	154	422
530	204	154	422
527	206	154	423
525	208	154	424
522	211	154	424
520	213	155	425
517	215	155	425
563	139	151	414
560	141	151	414
560	139	151	414
560	137	151	414
560	135	151	414
561	133	150	413
561	131	150	413
561	129	150	413
561	126	150	413
561	124	150	413
561	122	150	413
539	144	154	422
539	141	153	421
538	141	154	422
536	140	154	422
535	139	154	422
534	138	154	423
533	138	154	423
532	137	154	423
531	136	154	424
530	135	154	424
528	135	155	424
536	112	151	414
534	111	151	414
534	109	151	414
533	107	150	413
532	105	150	413
532	103	150	413
531	101	150	412
530	99	150	412
530	97	150	412
529	95	150	412
528	93	150	411
512	103	145	398
511	100	144	397
509	99	144	396
508	98	144	395
506	96	143	394
505	95	143	393
503	94	142	392
501	92	142	391
500	91	142	390
498	90	141	389
497	88	141	388
495	90	145	398
493	88	144	396
491	87	144	396
490	86	144	396
488	85	144	395
487	83	143	395
485	82	143	394
483	81	143	394
482	80	143	393
480	78	143	393
478	77	143	392
488	77	142	390
486	75	141	389
485	74	141	388
484	73	141	388
483	72	141	387
482	71	140	387
481	69	140	386
480	68	140	386
479	67	140	385
478	66	140	384
477	65	139	384
491	80	137	375
489	78	136	374
489	78	136	373
489	78	136	372
489	77	135	371
489	77	135	370
488	77	134	369
488	77	134	368
488	76	134	366
488	76	133	365
488	76	133	364
493	76	134	367
492	75	133	365
492	75	133	365
492	75	132	364
493	74	132	363
493	74	132	362
493	74	132	361
493	73	131	360
493	73	131	359
493	73	131	358
493	73	130	357
499	68	129	353
499	67	128	352
499	67	128	351
499	66	127	349
500	66	127	348
500	65	127	347
500	64	126	346
501	64	126	345
501	63	125	344
502	63	125	343
502	62	125	342
494	65	131	360
494	64	130	358
494	64	130	358
494	63	130	358
494	63	130	358
493	62	130	358
493	62	130	358
493	62	130	358
493	61	130	358
493	61	130	358
493	60	130	358
499	72	129	353
498	71	128	352
499	71	128	352
499	72	128	352
499	72	128	351
499	72	128	351
499	72	128	351
500	73	128	350
500	73	128	350
500	73	128	350
500	73	127	349
498	90	124	339
498	90	123	338
498	91	123	337
498	92	123	336
498	93	122	335
498	94	122	334
498	95	122	334
498	97	121	333
498	98	121	332
498	99	121	331
498	100	120	330
500	82	119	326
500	83	118	325
500	83	118	323
500	83	117	322
500	83	117	321
500	83	117	320
500	83	116	319
500	83	116	318
500	83	115	317
500	83	115	316
501	83	114	315
519	107	117	320
519	107	116	318
520	108	116	318
521	109	116	317
522	111	115	316
523	112	115	315
524	113	115	314
525	115	114	314
526	116	114	313
527	117	114	312
529	119	114	311
507	118	119	326
508	119	118	325
507	120	118	325
507	121	118	325
507	122	118	325
507	124	118	325
507	125	118	325
507	126	118	325
506	127	118	325
506	129	118	325
506	130	118	325
500	107	124	339
499	108	124	339
499	108	124	339
498	107	124	340
498	107	124	341
497	107	125	342
497	107	125	342
496	107	125	343
496	107	126	344
495	107	126	345
495	106	126	346
486	81	129	353
485	80	129	353
484	79	129	354
483	77	130	356
482	76	130	357
481	74	130	358
480	72	131	359
479	71	131	360
478	69	132	361
477	68	132	362
476	66	132	363
467	58	134	367
466	56	134	368
464	54	134	369
463	52	135	370
461	50	135	371
460	48	136	373
458	46	136	374
457	44	137	375
455	42	137	376
454	40	137	377
452	38	138	379
472	38	139	382
470	36	139	383
470	34	139	384
469	32	140	385
469	30	140	387
469	28	141	388
468	26	141	389
468	24	142	391
468	22	142	392
467	20	143	393
467	18	143	395
476	22	139	382
475	20	139	383
475	18	139	383
475	16	139	384
476	15	139	384
476	13	140	385
476	11	140	385
476	10	140	386
476	8	140	386
476	7	140	387
477	5	141	387
479	31	142	390
479	29	142	390
479	29	142	391
479	29	142	391
479	29	142	392
480	28	143	392
480	28	143	393
480	28	143	394
480	28	143	394
481	28	143	395
481	28	144	395
486	57	145	398
486	56	145	398
486	58	145	399
487	59	145	399
487	61	145	400
488	62	146	401
488	64	146	402
489	65	146	402
489	67	147	403
490	68	147	404
490	70	147	404
497	80	151	414
497	81	151	414
498	83	151	415
499	85	152	416
499	87	152	418
500	89	152	419
501	91	153	420
502	93	153	421
503	95	154	422
504	97	154	423
504	98	155	425
505	91	154	422
505	92	154	423
506	94	154	424
507	95	155	425
508	97	155	425
508	98	155	426
509	99	156	427
510	101	156	428
511	102	156	429
512	104	157	430
512	105	157	431
502	106	160	439
502	107	160	439
502	108	160	441
503	110	161	442
503	111	161	443
503	112	162	445
503	114	162	446
503	115	163	447
503	116	163	448
503	118	164	450
504	119	164	451
534	97	163	448
534	98	163	449
535	98	163	450
537	98	164	451
539	98	164	452
541	98	164	453
543	98	165	454
544	98	165	455
546	98	165	456
548	98	166	457
550	98	166	458
536	88	170	466
537	88	170	467
538	87	170	468
539	86	171	469
540	86	171	471
541	85	172	472
542	85	172	473
543	84	173	475
544	84	173	476
545	83	174	478
545	82	175	479
550	99	174	475
550	98	174	476
551	98	174	477
553	99	175	478
554	99	175	479
555	99	176	480
556	100	176	481
557	100	177	482
558	100	177	483
559	101	177	484
560	101	178	485
567	149	170	466
568	149	170	467
569	152	170	466
570	155	170	466
572	158	170	466
573	161	170	466
574	164	170	466
576	167	170	466
577	170	170	466
579	173	169	466
580	176	169	466
536	185	170	466
537	187	169	465
536	191	169	465
535	194	169	465
533	197	169	465
532	201	169	465
531	204	169	465
530	207	169	465
529	211	169	465
528	214	169	465
526	217	169	464
542	165	170	466
540	168	169	465
540	168	169	465
540	168	169	465
540	168	169	465
539	169	169	465
539	169	169	465
539	169	169	465
538	169	169	465
538	169	169	465
538	170	169	465
530	151	174	475
529	151	173	474
529	150	174	475
528	149	174	475
527	148	174	476
526	147	174	476
526	146	175	477
525	145	175	477
524	145	175	478
523	144	175	478
523	143	175	479
499	155	167	457
498	154	167	457
496	153	166	456
494	153	166	455
492	153	166	455
490	153	166	454
488	153	165	453
486	153	165	452
484	152	165	452
482	152	164	451
480	152	164	450
215	175	167	457
213	174	166	456
196	175	166	455
179	176	166	455
