449	224	261	149
457	226	250	143
461	228	252	144
465	230	254	145
470	232	257	147
475	234	259	148
479	237	262	150
484	239	264	151
488	241	267	152
493	243	269	154
497	246	272	155
502	248	274	157
457	226	250	143
457	226	250	143
457	226	250	143
457	226	250	143
457	226	250	143
457	226	250	143
457	226	250	143
457	226	250	143
457	226	250	143
457	226	250	143
457	226	250	143
459	221	245	140
459	220	244	139
459	220	244	139
459	220	244	139
459	220	244	139
459	219	243	139
459	219	243	139
459	219	243	138
459	218	242	138
460	218	242	138
460	218	242	138
466	217	245	140
466	216	244	139
466	216	244	139
467	216	244	139
467	215	244	139
467	215	244	139
468	214	244	139
468	214	243	139
469	214	243	139
469	213	243	139
470	213	243	139
454	218	255	146
454	217	254	145
453	217	255	146
453	217	255	146
453	217	256	146
452	217	256	147
452	217	257	147
451	217	257	147
451	217	258	148
450	216	258	148
450	216	259	148
443	223	250	143
442	222	250	143
441	223	250	143
440	223	250	143
439	223	250	143
439	223	250	143
438	224	250	143
437	224	250	143
436	224	250	143
435	224	250	143
434	225	250	143
438	224	245	140
437	224	244	139
436	224	244	139
435	224	244	139
435	224	243	139
434	224	243	139
434	225	243	139
433	225	243	138
432	225	242	138
432	225	242	138
431	225	242	138
437	221	255	146
436	221	254	145
436	221	255	146
435	220	255	146
435	220	255	146
435	220	256	146
434	220	256	147
434	220	257	147
434	220	257	147
434	220	257	147
433	220	258	148
442	226	250	143
441	225	250	143
441	226	250	143
442	226	250	143
442	226	250	143
442	226	250	143
442	227	250	143
442	227	249	142
442	227	249	142
443	227	249	142
443	227	249	142
437	223	260	148
437	223	259	147
437	223	260	148
436	223	260	148
436	223	261	148
436	222	261	148
436	222	262	149
436	222	262	149
435	222	263	149
435	222	263	149
435	222	264	150
454	226	260	148
453	225	260	148
454	226	260	148
455	226	260	148
456	226	261	148
457	226	261	148
458	226	261	148
458	226	261	148
459	226	262	149
460	226	262	149
461	227	262	149
467	231	255	146
467	231	255	146
468	231	255	146
470	231	254	145
471	232	254	145
472	232	254	145
473	232	254	145
474	233	254	145
475	233	253	145
476	233	253	145
477	234	253	145
466	239	250	143
467	239	249	142
467	239	249	142
467	240	249	142
468	241	248	142
468	241	248	142
469	242	247	141
469	242	247	141
469	243	247	141
470	244	246	141
470	244	246	141
474	245	255	146
474	245	254	145
474	246	254	145
475	246	254	145
476	247	254	146
476	247	255	146
477	248	255	146
477	249	255	146
478	249	255	146
478	250	255	146
479	250	255	146
489	236	260	148
489	236	260	148
490	236	260	148
491	236	260	148
492	235	261	148
493	235	261	148
494	235	261	148
495	234	262	149
496	234	262	149
498	234	262	149
499	234	263	149
521	233	271	155
522	232	271	155
524	232	272	155
526	232	272	156
528	231	273	156
530	231	274	156
533	231	275	157
535	230	275	157
537	230	276	158
539	230	277	158
541	229	278	159
577	227	282	161
579	226	282	161
583	226	283	161
587	225	284	162
591	225	285	163
595	224	286	163
599	224	287	164
603	223	288	164
607	223	289	165
611	222	290	165
615	222	291	166
601	226	271	155
605	225	271	155
608	225	271	155
611	225	271	155
614	224	271	155
617	224	270	155
620	224	270	154
623	224	270	154
626	223	270	154
629	223	270	154
632	223	269	154
624	216	276	158
627	215	275	157
629	215	275	157
631	214	275	158
634	213	276	158
636	213	276	158
638	212	276	158
641	211	276	158
643	211	276	158
646	210	276	158
648	210	276	158
658	230	266	151
660	229	266	151
663	229	265	150
665	230	265	150
668	230	264	150
671	231	264	149
674	231	263	149
677	232	263	149
679	232	262	148
682	233	262	148
685	233	261	147
680	237	266	151
682	237	265	150
685	238	265	150
687	238	265	150
689	239	264	150
692	240	264	150
694	240	264	149
696	241	264	149
699	242	263	149
701	242	263	149
703	243	263	149
478	206	271	155
480	206	270	154
470	205	270	155
459	203	271	155
449	202	271	155
439	200	271	155
428	199	271	155
418	197	272	155
408	196	272	156
397	194	272	156
387	193	272	156
493	213	271	155
482	211	271	155
478	211	271	155
474	210	271	155
470	210	271	155
467	210	271	155
463	210	271	155
459	209	271	155
455	209	271	155
451	209	272	155
447	208	272	155
502	218	276	158
498	217	276	158
497	217	276	158
496	218	276	158
496	218	277	158
495	218	277	158
494	218	277	159
494	219	277	159
493	219	278	159
492	219	278	159
492	219	278	159
494	215	276	158
493	215	276	158
492	215	276	158
492	215	276	158
491	215	276	158
491	215	276	158
490	214	276	158
490	214	277	158
489	214	277	158
489	214	277	158
488	214	277	158
474	211	266	151
473	210	266	151
472	210	265	150
470	210	265	150
469	210	264	149
468	209	264	149
466	209	263	149
465	209	263	148
464	209	262	148
463	208	262	148
461	208	261	147
438	207	266	151
436	206	265	150
434	206	265	150
431	206	265	150
429	205	264	150
426	205	264	149
423	205	264	149
421	204	264	149
418	204	263	149
416	204	263	149
413	203	263	149
423	203	266	151
420	202	265	150
418	202	265	150
416	201	265	150
414	201	265	150
412	201	265	150
410	200	265	150
409	200	265	150
407	200	265	150
405	199	265	150
403	199	265	150
415	204	276	158
413	203	275	157
411	203	276	158
410	203	276	158
409	203	277	159
408	203	278	159
407	203	278	159
406	203	279	160
405	203	279	160
403	202	280	160
402	202	280	161
419	206	282	161
417	205	282	161
417	206	283	161
417	206	283	162
417	206	284	162
417	206	284	162
416	206	285	163
416	206	285	163
416	206	286	163
416	206	287	164
416	206	287	164
430	208	276	158
429	208	276	158
430	208	276	158
430	208	276	158
431	208	276	158
432	208	276	158
432	208	276	158
433	209	275	158
433	209	275	158
434	209	275	158
435	209	275	157
419	204	276	158
419	204	275	157
419	204	275	157
418	203	275	157
418	203	275	157
418	203	275	157
417	203	275	157
417	203	275	157
417	203	275	157
416	202	275	157
416	202	275	157
418	200	266	151
417	199	265	150
417	199	265	150
417	199	264	150
416	198	264	149
416	198	263	149
416	198	263	148
416	198	262	148
415	197	261	148
415	197	261	147
415	197	260	147
403	205	260	148
402	204	259	147
401	204	258	147
400	204	258	146
400	205	257	146
399	205	257	146
398	205	256	145
397	205	255	145
396	205	255	145
395	205	254	144
394	206	254	144
386	210	271	155
385	210	270	154
383	210	270	154
382	210	271	155
381	211	271	155
379	211	271	155
378	211	272	155
377	212	272	156
375	212	273	156
374	213	273	156
373	213	273	156
377	210	282	161
375	210	282	161
374	210	283	161
373	210	284	162
372	210	284	162
371	210	285	163
370	211	286	163
369	211	287	164
368	211	288	164
367	211	288	164
366	211	289	165
366	205	288	164
364	205	288	164
363	204	289	164
362	204	290	165
361	204	290	165
360	204	291	165
359	204	292	166
358	203	292	166
357	203	293	166
356	203	294	167
355	203	294	167
362	201	288	164
360	200	288	164
360	200	288	164
359	200	289	164
359	199	289	164
358	199	289	164
357	199	289	165
357	198	290	165
356	198	290	165
356	198	290	165
355	197	290	165
366	193	288	164
365	192	288	164
365	192	288	164
365	191	288	164
365	190	288	164
365	190	288	164
365	189	288	164
365	189	288	164
365	188	288	164
365	188	288	164
365	187	288	164
379	196	276	158
378	195	276	158
379	195	275	157
380	195	274	157
381	195	274	157
382	195	273	156
382	195	272	156
383	194	272	156
384	194	271	155
385	194	270	155
385	194	270	155
399	195	266	151
399	194	265	150
401	194	264	150
402	194	263	149
404	194	262	149
405	194	261	148
406	194	261	148
408	194	260	147
409	194	259	146
411	194	258	146
412	194	257	145
405	197	260	148
406	196	259	147
407	197	258	147
408	197	257	146
409	197	257	146
410	197	256	145
411	197	255	145
412	197	255	145
413	197	254	144
413	197	253	144
414	197	253	143
400	197	271	155
400	197	270	154
401	197	270	154
401	197	271	155
401	197	271	155
401	197	271	155
401	197	272	155
401	197	272	156
401	197	272	156
401	197	273	156
401	197	273	156
390	196	276	158
390	196	276	158
389	196	276	158
388	195	277	158
388	195	277	159
387	195	278	159
387	195	278	159
386	195	279	160
385	195	279	160
385	195	280	160
384	195	280	160
366	197	271	155
365	196	271	155
363	196	271	155
362	197	271	155
360	197	271	155
359	197	271	155
357	197	271	155
355	197	270	155
354	197	270	154
352	197	270	154
351	197	270	154
325	203	266	151
323	203	265	150
320	203	265	150
317	203	265	150
314	204	264	150
311	204	264	149
308	204	264	149
305	205	263	149
302	205	263	149
299	205	263	148
296	206	262	148
323	190	271	155
320	190	270	154
318	189	270	154
317	189	270	154
316	188	271	155
314	188	271	155
313	187	271	155
312	186	271	155
310	186	271	155
309	185	271	155
307	185	271	155
437	118	282	161
435	117	282	161
441	113	282	161
447	108	283	161
453	104	284	162
459	100	284	162
465	96	285	163
470	91	286	163
476	87	286	163
482	83	287	164
488	79	288	164
427	62	271	155
432	57	271	155
435	52	271	155
437	47	271	155
439	42	270	154
441	37	270	154
443	32	270	154
445	27	269	154
447	22	269	154
450	17	269	154
452	12	268	153
441	133	266	151
443	127	265	150
444	129	265	150
445	131	264	150
447	133	264	149
448	135	263	149
450	137	263	149
451	139	262	148
452	141	262	148
454	143	262	148
455	145	261	147
464	91	271	155
465	92	270	154
467	91	270	154
468	90	270	154
470	89	270	154
472	88	270	155
474	87	271	155
476	85	271	155
477	84	271	155
479	83	271	155
481	82	271	155
472	124	271	155
473	122	271	155
474	123	271	155
476	125	271	155
477	126	271	155
478	127	271	155
479	128	271	155
480	129	271	155
481	131	271	155
483	132	271	155
484	133	271	155
488	125	266	151
489	126	266	151
490	126	265	150
491	127	265	150
493	128	265	150
494	128	265	150
495	129	264	150
496	130	264	149
498	130	264	149
499	131	264	149
500	132	263	149
497	111	255	146
498	111	254	145
499	111	254	145
500	110	253	145
501	110	252	144
502	109	251	144
503	108	251	143
504	108	250	143
505	107	249	143
506	107	248	142
507	106	248	142
516	141	266	151
517	140	265	150
518	141	265	150
519	143	265	150
521	144	266	150
522	145	266	151
524	147	266	151
525	148	267	151
527	150	267	151
528	151	267	151
529	152	267	151
498	137	266	151
499	138	266	151
499	138	266	151
498	139	266	151
498	139	266	151
497	140	267	151
497	140	267	151
496	140	267	151
496	141	267	151
496	141	267	151
495	142	267	151
426	248	255	146
425	248	255	146
421	254	254	145
417	260	254	145
412	267	253	145
408	273	252	145
404	279	252	144
400	286	251	144
395	292	251	144
391	298	250	144
387	304	250	143
432	249	250	143
427	255	249	142
426	258	248	142
424	260	248	142
423	263	247	141
421	266	247	141
420	269	246	141
418	272	246	141
416	275	245	140
415	277	245	140
413	280	244	140
437	275	260	148
435	277	259	147
435	280	259	147
435	282	260	148
434	284	260	148
434	287	260	148
434	289	261	148
434	291	261	148
434	294	261	148
434	296	262	149
433	298	262	149
417	268	271	155
416	270	271	155
415	270	272	155
414	271	272	156
413	271	273	156
412	272	274	157
411	272	275	157
410	273	276	158
409	273	276	158
408	274	277	158
406	274	278	159
419	253	282	161
417	253	282	161
417	252	283	162
417	252	284	162
416	251	285	163
416	250	286	163
416	249	287	164
415	249	288	164
415	248	289	165
414	247	290	165
414	246	291	166
404	252	282	161
403	251	282	161
402	250	283	161
401	250	283	161
400	250	284	162
399	249	284	162
398	249	284	162
398	248	285	162
397	248	285	163
396	247	285	163
395	247	286	163
385	265	276	158
384	264	276	158
382	265	276	158
381	265	275	158
379	266	275	157
378	266	275	157
376	267	275	157
375	268	275	157
373	268	274	157
372	269	274	157
371	269	274	157
584	239	276	158
582	239	275	157
592	238	275	157
603	237	275	157
613	236	275	157
624	234	275	157
634	233	275	157
645	232	275	157
655	231	274	157
666	230	274	157
676	229	274	157
669	236	288	164
679	234	287	163
688	234	288	164
698	233	289	164
707	232	289	164
717	231	290	165
726	231	291	165
736	230	291	165
745	229	292	166
755	229	292	166
764	228	293	166
651	237	299	171
660	236	299	171
663	236	300	171
665	235	301	172
668	235	302	172
671	235	303	173
673	235	304	173
676	235	304	174
678	234	305	175
681	234	306	175
684	234	307	176
633	236	288	164
635	235	288	164
635	235	288	164
634	235	288	164
634	235	288	164
634	235	287	163
633	235	287	163
633	235	287	163
633	235	287	163
632	234	286	163
632	234	286	163
613	230	282	161
612	229	281	160
611	229	281	160
609	229	280	160
608	228	280	160
606	228	279	159
605	228	279	159
604	227	278	159
602	227	278	158
601	226	277	158
599	226	277	158
600	231	276	158
598	230	275	157
597	230	274	157
595	230	274	157
594	230	273	156
593	230	273	156
591	230	272	156
590	230	272	156
589	229	271	155
587	229	271	155
586	229	270	155
548	244	271	155
546	243	270	154
543	244	269	154
539	245	269	154
536	245	268	153
533	246	268	153
529	247	268	153
526	248	267	153
522	248	267	152
519	249	266	152
516	250	266	152
507	254	260	148
503	254	259	147
499	255	258	147
496	256	257	146
492	257	257	146
488	258	256	145
485	259	255	145
481	259	254	144
477	260	253	144
473	261	253	143
470	262	252	143
519	250	250	143
515	250	249	142
514	251	248	142
513	251	247	141
512	251	246	141
512	251	245	140
511	251	244	140
510	251	243	139
509	251	243	139
508	251	242	138
508	252	241	138
540	256	250	143
539	256	249	142
540	256	248	142
541	256	248	142
542	257	248	141
543	257	247	141
544	257	247	141
545	258	247	141
546	258	246	141
547	258	246	141
548	259	245	140
545	261	245	140
546	261	244	139
546	261	244	139
547	262	243	139
548	262	243	139
549	263	243	138
549	263	242	138
550	263	242	138
551	264	241	138
552	264	241	138
553	265	241	137
530	251	255	146
530	251	254	145
530	251	255	146
529	250	255	146
529	250	255	146
528	249	256	146
528	249	256	146
527	249	257	147
526	248	257	147
526	248	257	147
525	247	258	147
551	244	255	146
550	243	255	146
551	243	255	146
552	242	255	146
553	241	256	146
553	241	256	146
554	240	256	146
555	240	256	146
556	239	256	147
557	238	257	147
558	238	257	147
584	243	260	148
584	242	260	148
587	242	260	148
589	241	260	148
591	241	261	148
593	241	261	148
596	240	261	148
598	240	262	149
600	240	262	149
602	240	262	149
605	239	263	149
606	245	266	151
608	244	266	151
610	244	266	151
612	244	267	151
614	244	267	151
616	244	268	152
619	244	268	152
621	244	269	152
623	244	269	152
625	244	270	152
627	244	270	153
631	249	266	151
633	249	266	151
635	249	266	151
637	249	266	151
639	249	267	151
642	249	267	151
644	250	267	151
646	250	267	151
648	250	267	151
651	250	268	151
653	251	268	152
643	240	271	155
645	240	271	155
646	239	271	155
648	239	271	155
649	239	272	155
651	238	272	156
652	238	272	156
654	237	273	156
656	237	273	156
657	237	273	157
659	236	274	157
643	233	271	155
644	232	271	155
645	232	271	155
645	231	271	155
646	230	271	155
646	230	271	155
647	229	272	155
647	229	272	155
648	228	272	155
649	227	272	156
649	227	272	156
649	229	260	148
649	228	260	148
650	227	259	147
650	227	259	147
651	227	258	147
651	226	257	146
652	226	257	146
652	225	256	145
653	225	256	145
653	224	255	145
654	224	255	144
642	221	266	151
642	220	265	150
642	219	265	150
642	219	265	150
641	218	265	150
641	218	265	150
641	217	265	150
641	216	265	150
641	216	265	150
640	215	266	150
640	215	266	150
633	224	255	146
632	223	255	146
632	223	254	145
631	223	253	145
630	223	253	145
630	223	252	144
629	222	252	144
629	222	251	144
628	222	251	144
627	222	250	143
627	222	250	143
624	214	266	151
623	213	265	150
622	213	265	150
621	212	266	151
621	212	266	151
620	211	266	151
619	211	267	151
618	210	267	151
618	210	267	151
617	209	268	152
616	208	268	152
599	203	266	151
598	202	266	151
596	201	266	151
594	200	266	151
593	199	266	151
591	199	267	151
589	198	267	151
588	197	267	151
586	196	267	151
584	195	267	151
583	194	268	151
573	208	260	148
571	207	260	148
569	207	259	147
567	206	259	147
564	206	259	147
562	206	259	147
560	206	258	147
558	206	258	147
556	206	258	147
554	206	258	146
551	206	257	146
572	205	271	155
569	204	270	154
568	204	271	155
567	204	271	155
567	204	272	155
566	204	272	156
565	204	273	156
564	204	273	156
563	203	274	157
562	203	274	157
561	203	275	157
569	220	271	155
568	219	271	155
567	220	271	155
567	221	271	155
566	222	272	155
566	222	272	155
565	223	272	156
565	224	272	156
564	225	273	156
564	225	273	156
563	226	273	156
581	220	260	148
580	220	260	148
581	221	259	147
581	221	259	147
582	221	258	147
582	222	258	146
583	222	257	146
583	222	257	146
584	223	256	145
584	223	255	145
585	223	255	145
584	216	260	148
584	216	259	147
584	216	259	147
585	216	258	147
585	216	258	147
586	215	258	147
586	215	258	146
587	215	257	146
587	215	257	146
587	215	257	146
588	215	257	146
472	257	271	155
472	256	270	154
466	259	271	155
460	261	271	155
454	263	272	155
448	265	272	156
442	267	273	156
436	270	273	156
430	272	274	157
424	274	274	157
417	276	275	157
528	257	282	161
521	259	282	161
522	260	283	161
522	261	284	162
523	262	285	162
523	263	285	163
523	264	286	163
524	265	287	164
524	266	288	164
524	267	289	165
525	268	290	165
547	257	282	161
547	257	282	161
548	258	283	161
550	258	283	161
552	258	283	162
553	259	284	162
555	259	284	162
556	259	284	162
558	260	285	162
559	260	285	163
561	260	286	163
533	250	293	167
534	250	293	167
534	250	294	167
534	249	294	167
534	249	295	168
534	249	296	168
534	248	296	169
533	248	297	169
533	248	298	169
533	247	299	170
533	247	299	170
540	236	288	164
539	235	288	164
540	234	288	164
540	233	288	164
540	232	288	164
540	231	288	164
541	231	288	164
541	230	288	164
541	229	288	164
541	228	288	164
542	227	288	164
505	212	288	164
505	211	288	163
503	209	287	163
501	207	287	163
499	205	287	163
497	204	287	163
496	202	287	163
494	200	287	163
492	198	287	163
490	197	287	163
488	195	287	163
469	202	282	161
467	200	281	160
464	198	281	160
461	197	281	160
458	196	280	160
455	195	280	160
453	193	280	160
450	192	279	159
447	191	279	159
444	190	279	159
441	188	278	159
442	199	276	158
439	197	275	157
436	197	275	157
433	196	274	157
431	195	274	157
428	195	273	156
425	194	273	156
423	193	272	156
420	193	272	156
417	192	271	155
415	191	271	155
406	196	288	164
403	195	287	163
400	194	287	163
397	194	288	164
394	194	288	164
391	193	289	164
388	193	289	164
385	193	290	165
382	192	290	165
379	192	291	165
376	191	291	165
391	206	293	167
387	205	293	167
385	206	293	167
383	206	294	167
381	206	295	168
379	207	295	168
377	207	296	168
375	208	296	168
373	208	297	169
371	208	297	169
369	209	298	169
392	204	299	171
389	204	299	171
389	204	300	171
388	204	300	171
387	204	301	172
387	204	301	172
386	204	302	172
385	205	302	173
385	205	303	173
384	205	303	173
383	205	304	174
372	203	305	174
371	203	305	174
370	203	306	174
368	203	306	174
367	202	307	175
366	202	307	175
364	202	308	175
363	202	308	176
362	202	309	176
360	202	309	176
359	202	310	177
335	205	311	178
333	204	311	178
331	205	312	178
328	205	312	178
325	205	313	179
323	205	313	179
320	205	314	179
318	205	314	180
315	205	315	180
312	205	315	180
310	205	316	181
280	201	311	178
277	201	311	178
273	200	311	178
269	200	311	178
265	200	312	178
260	200	312	178
256	200	312	179
252	200	312	179
248	199	313	179
244	199	313	179
240	199	313	179
266	196	299	171
261	195	299	171
259	195	298	170
256	195	298	170
254	194	297	170
251	194	296	169
249	194	296	169
247	193	295	169
244	193	295	168
242	192	294	168
239	192	293	168
213	206	293	167
210	205	292	166
206	206	291	166
202	206	291	165
199	206	290	165
195	207	289	165
191	207	289	164
187	208	288	164
183	208	288	163
180	208	287	163
176	209	286	163
216	153	288	164
212	153	287	163
210	150	286	163
209	147	286	162
207	145	285	162
206	142	285	162
205	139	284	162
203	136	284	161
202	134	283	161
201	131	283	161
199	128	282	160
230	166	282	161
228	163	281	160
228	162	280	160
229	162	280	160
229	161	279	159
230	161	279	159
230	160	278	159
230	160	278	158
231	159	277	158
231	159	277	158
231	158	276	158
236	181	271	155
236	180	270	154
236	181	269	154
237	181	268	153
238	182	268	153
238	183	267	152
239	184	266	152
239	184	265	152
240	185	264	151
240	186	263	151
241	187	263	150
252	180	260	148
252	180	259	147
253	181	258	146
254	181	257	146
255	181	256	145
257	181	255	145
258	182	254	144
259	182	253	144
260	182	252	143
261	183	251	143
262	183	250	142
250	182	266	151
251	182	265	150
251	182	265	150
251	182	264	150
252	182	264	150
252	183	264	150
252	183	264	150
253	183	264	150
253	183	264	149
253	183	264	149
254	184	264	149
262	188	255	146
262	188	254	145
263	188	254	145
263	189	253	145
264	189	253	145
265	189	252	144
266	190	252	144
266	190	251	144
267	191	250	144
268	191	250	143
269	191	249	143
288	187	260	148
288	187	259	147
290	187	259	147
292	187	259	147
294	187	259	147
295	187	259	147
297	187	259	147
299	188	259	147
301	188	259	147
302	188	259	147
304	188	259	147
310	185	266	151
311	185	266	150
313	185	266	151
315	184	266	151
317	184	267	151
319	184	267	151
321	184	267	151
323	184	268	152
325	184	268	152
327	184	269	152
329	184	269	152
292	187	271	155
293	186	271	155
293	186	271	155
293	187	272	155
293	187	272	156
293	187	273	156
292	187	273	156
292	187	274	156
292	187	274	157
292	187	274	157
291	187	275	157
275	196	282	161
274	196	282	161
273	196	283	161
272	197	284	162
271	197	284	162
270	198	285	163
269	198	286	163
267	199	287	164
266	199	287	164
265	200	288	164
264	200	289	165
279	196	282	161
277	196	282	161
277	196	283	161
277	197	283	161
277	197	283	162
276	197	284	162
276	197	284	162
276	197	284	162
275	198	285	162
275	198	285	162
275	198	285	163
292	195	288	164
291	195	288	164
292	195	288	164
293	195	289	164
293	195	289	164
294	195	290	165
295	195	290	165
295	195	290	165
296	195	291	165
297	195	291	165
297	195	292	166
331	194	276	158
331	194	276	158
334	193	275	157
336	193	275	157
339	193	274	157
341	193	274	157
344	193	273	157
346	193	273	156
348	193	273	156
351	193	272	156
353	193	272	156
360	192	271	155
362	191	270	154
365	191	269	154
367	191	269	154
370	191	268	153
373	191	268	153
375	191	267	153
378	191	267	153
381	190	266	152
383	190	266	152
386	190	265	152
390	191	260	148
392	190	259	147
395	190	258	147
398	190	257	146
400	190	257	146
403	190	256	145
406	190	255	145
408	190	254	144
411	190	253	144
414	189	252	143
417	189	252	143
455	191	271	155
457	190	270	154
462	190	270	154
467	190	270	154
471	190	271	155
476	190	271	155
481	190	271	155
485	190	271	155
490	190	272	155
495	190	272	155
499	190	272	156
584	194	276	158
588	193	276	158
597	194	276	158
606	194	277	158
615	194	277	159
624	194	278	159
634	194	278	159
643	194	278	159
652	195	279	160
661	195	279	160
670	195	280	160
568	193	266	151
577	193	266	151
580	193	266	151
582	193	265	150
585	193	265	150
588	193	264	150
591	193	264	149
594	193	264	149
597	193	263	149
600	193	263	149
603	193	263	148
554	203	271	155
556	203	270	154
556	203	270	154
556	204	270	154
556	204	270	154
556	205	270	155
556	205	271	155
556	206	271	155
556	206	271	155
556	207	271	155
556	207	271	155
510	205	276	158
510	205	276	158
507	205	276	158
504	206	276	158
502	206	277	158
499	206	277	158
497	207	277	159
494	207	278	159
491	208	278	159
489	208	278	159
486	208	279	160
512	186	266	151
509	186	266	151
508	185	265	150
507	184	265	150
506	183	265	150
505	182	264	150
504	181	264	149
503	180	263	149
502	179	263	149
500	178	263	148
499	178	262	148
483	197	266	151
481	196	265	150
480	196	265	150
478	196	265	150
476	196	264	150
474	196	264	150
472	196	264	149
470	197	264	149
468	197	264	149
466	197	263	149
464	197	263	149
485	193	255	146
483	193	254	145
482	193	254	145
481	192	253	145
480	192	252	144
480	192	252	144
479	192	251	144
478	192	250	143
478	192	250	143
477	192	249	143
476	192	248	142
464	179	255	146
463	178	254	145
461	178	254	145
460	177	253	145
459	176	253	145
457	175	253	145
456	174	252	144
455	173	252	144
453	173	252	144
452	172	251	144
451	171	251	144
419	180	266	151
417	179	265	150
414	178	266	151
411	178	266	151
408	178	267	151
405	177	267	151
402	177	268	152
399	177	268	152
396	177	269	152
393	176	269	152
390	176	270	152
387	182	271	155
383	181	271	155
380	181	272	155
377	181	272	155
374	181	273	156
371	181	273	156
368	181	274	156
365	181	274	157
362	181	275	157
359	181	275	157
356	181	276	158
379	179	271	155
375	179	271	155
374	178	271	155
372	178	271	155
371	178	272	155
369	178	272	155
367	178	272	156
366	178	272	156
364	178	272	156
362	177	273	156
361	177	273	156
394	182	271	155
392	181	271	155
392	181	271	155
392	182	271	155
393	182	271	155
393	182	271	155
393	182	271	155
393	182	271	155
394	182	271	155
394	182	271	155
394	182	271	155
381	172	282	161
381	172	282	161
380	171	282	161
380	171	283	161
379	170	283	162
379	170	284	162
378	169	285	162
378	169	285	163
377	168	286	163
377	168	287	163
376	167	287	164
355	176	293	167
354	175	293	167
352	175	294	167
351	175	295	168
349	175	296	168
347	175	297	169
346	175	298	169
344	175	298	170
342	175	299	170
341	175	300	171
339	175	301	171
346	190	288	164
344	189	288	164
343	190	288	164
341	191	289	164
340	192	289	164
339	193	289	164
338	193	289	164
336	194	289	164
335	195	289	164
334	196	289	164
333	197	289	164
370	197	276	158
368	197	276	158
369	198	275	157
370	199	274	157
371	200	274	156
372	200	273	156
373	201	272	156
374	202	272	155
374	203	271	155
375	203	270	155
376	204	269	154
384	195	271	155
384	195	270	154
386	195	269	154
387	196	269	154
388	196	268	153
389	196	267	153
391	196	267	153
392	196	266	152
393	196	266	152
394	197	265	152
396	197	265	151
394	192	266	151
395	192	265	150
396	192	264	150
397	191	264	149
398	191	263	149
399	191	263	149
400	191	262	148
401	191	262	148
402	191	261	148
403	191	261	147
404	191	260	147
538	198	255	146
538	197	254	145
547	198	253	145
555	198	252	144
564	198	252	144
572	198	251	143
580	199	250	143
589	199	249	143
597	199	248	142
606	199	248	142
614	200	247	141
663	220	266	151
671	220	265	150
681	221	265	150
692	222	265	150
703	224	266	150
713	225	266	151
724	226	266	151
735	228	266	151
745	229	267	151
756	231	267	151
766	232	267	151
671	222	271	155
681	223	271	155
686	224	271	155
691	224	272	155
695	225	272	155
700	226	273	156
705	226	273	156
709	227	273	156
714	228	274	157
719	228	274	157
724	229	275	157
653	226	271	155
657	226	271	155
658	227	271	155
658	227	271	155
659	228	272	155
659	228	272	155
660	228	272	155
660	229	272	156
661	229	272	156
661	230	272	156
662	230	273	156
620	232	266	151
620	232	266	151
618	232	265	150
616	233	265	150
614	233	265	150
613	234	265	150
611	234	265	150
609	235	264	150
607	235	264	149
605	236	264	149
603	236	264	149
562	234	271	155
560	234	270	154
556	234	270	154
551	235	271	155
547	235	271	155
543	235	271	155
539	236	271	155
535	236	271	155
531	236	271	155
527	236	272	155
523	237	272	156
530	224	282	161
525	224	282	161
522	223	282	161
518	223	283	161
515	222	284	162
511	222	284	162
508	222	285	163
504	221	286	163
501	221	287	163
498	220	287	164
494	220	288	164
456	192	293	167
452	191	293	167
447	189	294	167
441	187	295	168
436	185	296	168
430	183	297	169
425	181	298	169
419	179	299	170
414	177	300	170
409	175	300	171
403	173	301	171
489	195	282	161
483	192	282	161
483	192	282	161
482	191	282	161
482	190	282	161
481	190	281	160
481	189	281	160
481	188	281	160
480	188	281	160
480	187	280	160
479	186	280	160
507	208	293	167
506	207	292	166
507	207	293	167
508	208	293	167
509	208	294	167
511	209	294	167
512	209	295	168
513	210	295	168
514	210	295	168
515	211	296	168
516	212	296	169
557	206	299	171
558	206	299	171
561	206	299	171
564	206	300	171
568	207	301	172
571	207	301	172
574	207	302	172
577	207	302	173
581	207	303	173
584	207	303	173
587	207	304	174
620	212	293	167
623	212	293	167
628	212	293	167
633	212	293	167
637	213	293	167
642	213	293	167
647	214	292	166
652	214	292	166
657	214	292	166
662	215	292	166
667	215	292	166
672	215	282	161
676	215	281	160
681	215	281	160
686	216	280	160
691	216	279	159
696	216	279	159
701	216	278	158
706	217	277	158
711	217	277	158
715	217	276	157
720	218	275	157
681	206	288	164
685	206	287	163
688	205	287	163
690	205	287	163
693	205	287	163
695	204	287	163
697	204	287	163
700	204	287	163
702	203	287	163
705	203	287	163
707	202	287	163
698	216	276	158
700	215	276	158
702	215	275	157
703	216	274	157
705	216	274	157
707	217	273	156
709	217	272	156
710	217	272	156
712	218	271	155
714	218	271	155
716	218	270	155
697	204	271	155
698	204	270	154
699	203	269	154
699	203	269	154
700	202	268	153
701	202	268	153
701	201	267	153
702	201	267	152
702	201	266	152
703	200	265	152
704	200	265	151
700	196	271	155
700	195	270	154
700	194	270	154
701	194	270	154
701	193	269	154
701	192	269	154
702	192	269	154
702	191	269	153
702	190	268	153
703	190	268	153
703	189	268	153
698	189	260	148
698	188	259	147
698	187	259	147
698	186	258	147
698	186	257	146
698	185	257	146
698	185	256	145
698	184	255	145
698	183	255	144
698	183	254	144
698	182	253	144
710	191	250	143
709	190	249	142
710	190	248	142
711	190	247	141
711	189	246	141
712	189	245	140
713	189	245	140
713	189	244	139
714	189	243	139
715	189	242	138
715	189	241	138
724	188	250	143
724	187	249	142
725	187	248	142
726	187	248	142
727	187	248	141
728	187	247	141
729	186	247	141
731	186	247	141
732	186	246	141
733	186	246	141
734	186	246	140
795	211	241	137
796	210	240	136
800	211	240	136
804	213	239	136
809	214	238	135
813	215	238	135
817	216	237	134
822	217	237	134
826	219	236	134
831	220	235	133
835	221	235	133
833	230	245	140
837	231	244	139
841	232	244	139
845	234	244	139
849	235	244	139
853	237	244	139
857	239	244	139
861	240	244	139
865	242	244	139
869	243	244	139
873	245	244	139
825	230	255	146
829	231	254	146
830	232	255	146
831	232	256	146
832	233	256	147
833	234	257	147
834	234	257	147
835	235	258	148
836	236	259	148
837	236	259	148
838	237	260	149
809	220	266	151
810	220	266	151
809	220	267	151
808	219	268	152
808	219	269	152
807	219	270	153
806	218	270	153
806	218	271	153
805	218	272	154
805	217	273	154
804	217	274	155
773	218	271	155
772	217	271	155
770	217	272	155
767	217	273	156
765	216	273	156
763	216	274	157
760	216	275	157
758	215	275	157
756	215	276	158
753	215	276	158
751	214	277	159
751	216	266	151
748	215	266	151
746	215	266	151
744	215	266	151
741	215	266	151
739	214	266	151
737	214	266	151
735	214	266	150
733	214	266	150
730	213	266	150
728	213	266	150
733	212	266	151
730	211	265	150
728	211	265	150
727	211	265	150
725	210	265	150
723	210	265	150
721	210	265	150
719	209	265	150
717	209	265	150
715	209	265	150
714	209	265	150
711	212	266	151
709	211	265	150
707	211	265	150
705	211	265	150
703	211	265	150
701	211	265	150
699	211	265	150
697	210	265	150
695	210	265	150
693	210	265	150
691	210	265	150
690	205	276	158
688	204	275	157
686	204	276	158
684	204	277	158
682	203	277	159
680	203	278	159
678	202	278	159
676	202	279	160
674	201	279	160
672	201	280	161
670	201	280	161
657	207	282	161
655	206	282	161
652	206	283	161
649	206	283	162
647	206	284	162
644	206	284	162
642	206	285	163
639	206	286	163
637	206	286	163
634	205	287	164
631	205	287	164
640	218	271	155
637	217	271	155
635	218	271	155
633	219	270	154
631	219	270	154
629	220	270	154
627	220	269	154
625	221	269	154
623	222	268	153
621	222	268	153
619	223	268	153
635	217	260	148
633	217	259	147
631	217	258	147
630	218	257	146
629	218	257	146
628	218	256	145
627	218	255	145
626	218	254	144
625	219	253	144
624	219	253	143
623	219	252	143
610	226	266	151
608	226	265	150
607	226	265	150
605	227	265	150
603	227	265	150
602	228	265	150
600	229	265	150
598	229	265	150
596	230	265	150
595	230	265	150
593	231	265	150
571	230	276	158
569	230	275	157
566	231	276	158
563	231	277	158
560	231	277	159
557	232	278	159
554	232	278	159
552	233	279	160
549	233	280	160
546	234	280	161
543	234	281	161
494	216	288	164
491	216	288	164
485	215	289	164
480	215	290	165
474	214	291	165
469	214	292	166
463	213	293	166
458	212	294	167
452	212	295	167
447	211	296	168
442	211	296	169
423	221	299	171
417	220	299	171
411	220	300	172
405	220	301	172
398	220	302	173
392	220	303	173
386	220	304	174
380	220	305	175
374	220	306	175
367	220	307	176
361	220	308	176
427	216	299	171
420	215	299	171
418	215	300	171
416	215	300	172
414	215	301	172
411	214	301	172
409	214	301	172
407	214	302	173
405	214	302	173
402	213	303	173
400	213	303	173
298	214	293	167
295	213	293	167
288	213	293	167
280	213	292	166
272	213	292	166
264	212	292	166
256	212	292	166
248	212	292	166
241	212	291	166
233	211	291	166
225	211	291	165
250	208	299	171
242	207	298	170
236	207	298	170
230	206	299	171
224	206	299	171
218	206	299	171
212	205	299	171
206	205	300	171
200	204	300	171
194	204	300	171
188	204	300	172
205	208	288	164
198	207	288	164
194	207	287	163
189	207	287	163
184	207	286	163
180	206	286	162
175	206	285	162
170	206	285	162
165	206	284	161
161	206	284	161
156	206	283	161
222	202	293	167
217	201	292	166
216	201	292	166
215	201	292	166
214	200	292	166
213	200	292	166
213	199	292	166
212	199	292	166
211	199	292	166
210	198	292	166
209	198	292	166
205	204	288	164
204	203	288	164
203	203	287	163
202	203	287	163
201	203	287	163
199	203	287	163
198	203	286	163
197	203	286	163
196	203	286	163
195	203	286	162
194	203	285	162
204	213	282	161
202	212	281	160
202	213	281	160
201	213	280	160
201	214	280	160
201	214	280	159
200	215	279	159
200	215	279	159
199	216	278	159
199	216	278	159
198	217	277	158
198	206	293	167
197	206	292	166
197	206	292	167
196	206	293	167
196	206	293	167
195	205	294	167
195	205	294	167
194	205	295	168
194	205	295	168
193	205	295	168
193	205	296	168
200	213	282	161
199	212	282	161
199	213	282	161
199	213	281	160
199	213	281	160
199	213	280	160
199	214	280	160
199	214	280	159
198	214	279	159
198	215	279	159
198	215	278	159
187	224	271	155
186	224	270	154
186	225	269	154
185	225	268	153
184	226	268	153
184	227	267	153
183	228	266	152
182	228	265	152
181	229	264	151
181	230	264	151
180	231	263	150
153	209	260	148
152	209	259	147
150	209	258	146
147	208	257	146
145	208	256	145
143	207	255	145
141	207	254	144
139	206	253	144
136	206	252	143
134	205	251	142
132	205	250	142
177	161	255	146
174	160	254	145
175	157	253	145
175	154	252	144
175	151	252	144
176	148	251	144
176	145	250	143
177	142	250	143
177	139	249	143
177	137	248	142
178	134	248	142
226	164	245	140
226	161	244	139
229	159	243	139
232	158	242	138
235	157	241	138
238	156	241	137
241	155	240	137
244	154	239	136
247	153	238	136
250	152	237	136
253	151	237	135
244	199	255	146
247	197	254	145
249	199	254	145
251	201	254	145
253	202	254	145
256	204	255	146
258	205	255	146
260	207	255	146
263	209	255	146
265	210	256	146
267	212	256	146
257	239	266	151
259	240	266	151
260	243	266	151
262	246	267	151
264	249	268	152
265	252	269	152
267	255	270	152
268	258	270	153
270	261	271	153
272	264	272	154
273	267	273	154
244	236	276	158
245	239	276	158
245	240	277	158
245	241	278	159
245	242	279	160
245	243	280	160
244	244	281	161
244	245	282	161
244	246	282	162
244	247	283	162
244	248	284	163
225	242	282	161
224	243	282	161
223	243	283	161
222	244	284	162
221	245	284	162
220	245	285	163
218	246	286	163
217	246	286	163
216	247	287	164
215	248	288	164
213	248	289	165
228	242	271	155
226	242	271	155
226	242	271	155
226	243	270	155
225	243	270	154
225	243	270	154
224	243	269	154
224	244	269	154
224	244	269	154
223	244	268	153
223	244	268	153
240	234	260	148
239	234	259	147
240	233	258	147
240	233	258	146
241	233	257	146
241	232	256	145
242	232	255	145
243	231	254	144
243	231	253	144
244	231	253	143
244	230	252	143
234	227	271	155
234	226	270	154
234	226	270	154
234	225	270	154
234	224	270	155
234	224	271	155
234	223	271	155
234	223	271	155
234	222	272	155
234	222	272	155
234	221	272	156
221	193	282	161
220	192	282	161
220	190	283	161
219	188	283	162
218	186	284	162
217	183	285	162
217	181	286	163
216	179	286	163
215	177	287	164
214	175	288	164
213	173	289	165
226	195	288	164
225	192	288	164
225	192	289	164
225	191	290	165
225	190	290	165
224	189	291	165
224	188	292	166
224	188	292	166
224	187	293	166
224	186	294	167
224	185	294	167
202	195	288	164
201	194	288	164
200	193	288	164
199	193	289	164
197	193	289	164
196	193	289	164
195	193	289	165
194	192	290	165
192	192	290	165
191	192	290	165
190	192	290	165
192	200	299	171
190	199	299	171
189	199	299	171
188	200	300	171
187	200	301	172
186	200	301	172
184	200	302	173
183	201	303	173
182	201	304	174
181	201	304	174
180	201	305	174
169	226	311	178
167	226	311	178
166	227	312	178
164	229	313	179
162	230	314	180
161	232	315	180
159	233	316	181
157	235	317	181
155	237	318	182
154	238	319	182
152	240	320	183
183	225	299	171
181	226	299	171
181	227	299	171
181	227	299	171
181	228	299	171
181	229	298	170
181	229	298	170
181	230	298	170
181	230	298	170
181	231	297	170
181	232	297	170
185	225	288	164
185	225	287	163
185	225	286	163
185	226	286	162
185	226	285	162
186	226	284	161
186	226	283	161
186	226	282	160
186	226	282	160
187	227	281	159
187	227	280	159
159	226	299	171
159	226	298	170
157	226	298	170
156	226	298	170
155	226	299	171
153	226	299	171
152	226	299	171
151	226	299	171
149	226	300	171
148	227	300	171
147	227	300	172
145	229	288	164
143	229	288	164
142	229	287	163
140	229	287	163
139	229	286	163
138	229	286	163
136	230	286	162
135	230	285	162
133	230	285	162
132	230	284	161
131	230	284	161
135	234	299	171
133	234	298	170
132	234	298	170
131	234	299	171
130	235	299	171
129	235	300	171
128	236	300	171
127	236	300	172
125	236	301	172
124	237	301	172
123	237	302	172
171	230	311	178
169	230	311	178
171	230	312	178
173	230	313	179
174	230	313	179
176	230	314	180
177	230	315	180
179	229	316	181
180	229	317	181
182	229	318	182
184	229	319	182
174	218	324	185
175	217	324	185
176	217	325	186
177	216	327	186
178	215	328	187
179	215	329	187
180	214	330	188
181	213	331	189
182	212	332	189
183	212	333	190
184	211	334	190
173	211	318	181
173	210	319	181
174	209	319	181
174	208	319	181
174	208	319	181
175	207	319	181
175	206	319	181
175	206	319	181
175	205	319	181
176	204	319	181
176	203	320	181
180	212	311	178
180	211	311	178
180	211	310	177
181	210	310	177
181	210	309	177
182	210	309	177
182	210	309	177
183	209	308	176
183	209	308	176
183	209	307	176
184	209	307	176
187	213	324	185
187	212	323	184
188	212	324	185
188	212	324	185
189	212	325	185
189	212	325	186
190	212	326	186
190	212	326	186
191	212	327	186
192	212	327	187
192	212	328	187
212	240	318	181
212	239	318	181
214	241	318	181
215	243	318	181
217	244	318	181
219	246	318	180
220	247	318	180
222	249	318	180
223	250	318	180
225	252	317	180
227	253	317	180
244	221	324	185
245	222	323	184
248	222	324	185
250	221	324	185
253	221	324	185
255	220	325	185
257	220	325	185
260	220	325	185
262	219	325	186
265	219	326	186
267	219	326	186
253	194	324	185
255	193	324	185
256	191	324	185
258	190	324	185
259	188	324	185
261	186	324	185
263	184	324	185
264	183	325	185
266	181	325	185
267	179	325	185
269	177	325	185
242	223	311	178
243	221	311	178
243	222	310	177
243	222	309	177
243	223	309	176
243	224	308	176
243	225	307	176
243	226	307	175
242	227	306	175
242	228	305	175
242	228	305	174
220	243	299	171
219	243	298	170
218	245	297	170
217	247	296	169
215	248	295	168
214	250	294	168
213	251	293	167
211	253	292	167
210	254	291	166
209	256	290	166
207	258	289	165
208	232	305	174
206	233	304	173
205	233	303	173
204	233	303	173
202	233	303	173
201	233	303	173
200	233	303	173
199	233	303	173
197	233	303	173
196	233	303	172
195	234	303	172
202	238	318	181
200	238	317	180
199	238	318	181
199	238	319	181
198	238	320	182
197	239	320	182
196	239	321	182
195	239	322	183
195	239	323	183
194	240	323	184
193	240	324	184
205	253	311	178
204	253	311	178
204	254	311	178
203	255	311	178
203	256	311	178
203	257	311	178
203	258	311	178
203	258	311	178
203	259	311	178
203	260	311	178
203	261	311	178
202	251	318	181
201	251	317	181
201	252	318	181
201	252	318	181
201	252	318	181
201	253	319	181
200	253	319	181
200	253	319	181
200	254	320	182
200	254	320	182
200	254	320	182
205	253	311	178
204	253	311	178
204	253	311	178
205	253	310	177
205	253	310	177
205	254	310	177
205	254	310	177
205	254	309	177
205	254	309	177
205	254	309	177
205	255	309	177
205	253	311	178
205	253	310	177
205	253	310	177
205	253	310	177
205	253	310	177
205	253	310	177
205	253	310	177
205	253	310	177
205	253	309	177
205	253	309	177
205	253	309	177
219	248	299	171
219	248	298	170
219	247	298	170
220	247	297	170
221	247	296	169
222	247	296	169
223	246	295	168
223	246	294	168
224	246	293	168
225	246	293	167
226	245	292	167
216	243	305	174
216	242	304	173
216	242	304	173
217	241	304	173
217	241	304	173
217	241	304	173
217	240	304	173
217	240	304	173
218	239	304	173
218	239	304	173
218	239	304	173
227	236	299	171
227	235	299	170
227	235	298	170
228	234	298	170
229	233	298	170
229	233	297	170
230	232	297	170
231	232	297	170
231	231	297	169
232	231	296	169
233	230	296	169
237	240	288	164
237	239	287	163
238	239	286	163
239	239	286	162
240	239	285	162
240	239	284	162
241	239	284	161
242	239	283	161
243	239	282	160
244	239	281	160
245	239	281	159
241	240	288	164
241	239	287	163
242	240	286	163
242	240	286	163
243	240	286	162
244	240	286	162
244	240	285	162
245	240	285	162
245	240	285	162
246	240	284	161
246	240	284	161
254	243	276	158
254	243	275	157
255	243	274	157
256	243	274	157
257	243	273	156
258	243	272	156
259	243	271	155
260	244	271	155
261	244	270	155
261	244	269	154
262	244	268	154
285	235	266	151
285	235	265	150
288	234	264	150
290	234	263	149
292	234	262	148
294	233	261	148
296	233	260	147
298	232	259	147
300	232	259	146
302	232	258	146
304	231	257	145
323	237	271	155
325	236	270	154
328	236	270	154
331	236	269	154
334	236	269	154
337	236	269	154
340	236	269	154
343	236	269	154
346	236	269	154
349	236	269	154
352	236	269	154
350	237	260	148
352	236	259	148
355	236	259	147
358	236	258	147
361	236	258	146
363	236	257	146
366	236	256	146
369	236	256	145
371	236	255	145
374	236	255	145
377	236	254	144
372	239	266	151
374	238	265	150
376	239	265	150
379	239	265	150
381	239	265	150
383	239	265	150
386	239	265	150
388	239	265	150
390	239	265	150
392	239	265	150
395	239	266	150
399	237	271	155
401	237	271	155
403	237	271	155
405	236	271	155
408	236	272	155
410	236	272	155
413	236	272	156
415	236	273	156
417	236	273	156
420	236	273	156
422	236	274	157
451	234	271	155
453	233	271	155
457	233	271	155
460	233	271	155
464	233	271	155
468	233	271	155
472	232	272	155
476	232	272	155
479	232	272	156
483	232	272	156
487	232	272	156
460	228	276	158
463	227	276	158
465	227	276	158
467	226	276	158
470	226	277	158
472	226	277	158
474	225	277	159
476	225	278	159
478	224	278	159
480	224	278	159
482	224	279	159
469	227	266	151
471	226	266	151
472	226	265	150
473	226	265	150
474	225	265	150
475	225	264	149
477	225	264	149
478	225	263	149
479	224	263	149
480	224	262	148
481	224	262	148
631	239	260	148
632	238	259	147
641	239	259	147
650	239	258	147
660	240	257	146
669	241	257	146
679	241	256	146
688	242	256	145
698	242	255	145
707	243	255	145
716	244	254	144
660	246	250	143
669	246	249	142
675	247	248	142
680	247	247	141
686	248	247	141
692	249	246	141
698	249	245	140
703	250	244	140
709	251	244	139
715	251	243	139
721	252	242	139
667	245	250	143
672	245	249	142
675	245	248	142
677	246	248	142
680	246	248	142
682	246	247	141
684	246	247	141
687	246	247	141
689	247	247	141
692	247	246	141
694	247	246	141
735	240	255	146
737	240	254	145
741	239	254	145
746	239	255	146
750	239	255	146
755	239	255	146
760	239	255	146
764	238	255	146
769	238	255	146
773	238	256	146
778	238	256	146
763	241	255	146
767	240	255	146
770	240	255	146
774	240	255	146
777	240	255	146
781	240	255	146
784	240	255	146
788	240	255	146
791	240	255	146
795	240	255	146
798	240	256	146
780	244	255	146
783	243	255	146
785	244	255	146
787	244	255	146
790	244	255	146
792	244	255	146
794	244	255	146
796	244	255	146
798	245	255	146
801	245	255	146
803	245	255	146
785	235	260	148
787	235	260	148
788	234	260	148
789	234	260	148
790	233	260	148
791	233	261	148
792	233	261	148
793	232	261	148
794	232	262	148
795	231	262	148
796	231	262	149
794	236	271	155
795	235	271	155
795	235	272	155
796	235	272	155
797	235	273	156
798	234	274	156
799	234	274	157
800	234	275	157
801	234	276	158
801	234	277	158
802	234	277	159
807	232	260	148
807	231	260	148
808	231	260	148
809	231	260	148
810	231	259	147
812	230	259	147
813	230	259	147
814	230	258	147
815	230	258	147
816	229	258	146
817	229	258	146
801	229	271	155
802	228	270	154
802	228	271	155
802	228	271	155
802	227	272	155
802	227	272	155
802	227	272	156
802	227	273	156
802	226	273	156
802	226	274	156
802	226	274	157
799	229	260	148
799	228	260	148
798	228	260	148
798	228	259	147
798	228	259	147
798	228	258	147
798	228	258	147
798	228	258	146
798	227	257	146
798	227	257	146
797	227	256	145
802	230	255	146
801	229	254	145
801	229	254	145
802	229	253	145
802	229	253	145
802	229	252	144
802	230	252	144
802	230	251	144
802	230	251	144
802	230	250	143
802	230	250	143
771	221	260	148
771	221	259	147
769	220	259	147
767	220	259	147
766	219	259	147
764	219	259	147
762	218	259	147
761	218	260	147
759	217	260	147
757	217	260	147
756	216	260	147
788	230	271	155
786	229	271	155
786	229	271	155
786	230	272	155
786	230	273	156
787	230	273	156
787	230	274	157
787	231	275	157
787	231	275	157
787	231	276	158
788	232	277	158
810	215	282	161
810	215	282	161
811	214	283	161
812	213	284	162
814	213	285	162
815	212	286	163
817	211	287	163
818	211	288	164
819	210	289	165
821	209	289	165
822	209	290	166
797	190	276	158
798	189	276	158
798	187	276	158
798	185	276	158
798	184	277	158
797	182	277	158
797	180	277	158
797	179	277	158
797	177	277	158
797	175	277	158
797	173	277	158
778	180	271	155
777	178	271	155
776	177	270	154
775	175	270	154
774	174	270	154
773	173	269	154
771	171	269	154
770	170	269	153
769	169	268	153
768	168	268	153
767	166	268	153
749	214	271	155
747	212	270	154
745	214	270	154
743	215	270	154
741	216	270	154
739	218	270	154
737	219	269	154
735	221	269	154
732	222	269	154
730	224	269	154
728	225	269	154
693	256	282	161
690	257	281	160
686	260	282	161
682	263	282	161
678	266	283	161
674	269	284	162
670	272	284	162
666	275	285	162
662	278	285	163
658	281	286	163
654	284	286	163
635	273	293	167
631	276	293	167
626	278	294	167
621	280	295	168
616	282	296	168
611	284	297	169
606	287	297	169
601	289	298	170
596	291	299	170
591	293	300	171
587	295	301	171
587	265	293	167
582	267	293	167
577	267	294	167
572	267	294	167
568	268	294	168
563	268	295	168
559	269	295	168
554	269	296	168
549	269	296	168
545	270	296	169
540	270	297	169
523	268	299	171
518	268	299	171
513	268	299	171
507	268	300	171
502	269	300	172
497	269	301	172
491	269	301	172
486	269	302	172
481	269	302	173
475	270	302	173
470	270	303	173
453	239	311	178
447	239	311	178
441	237	312	178
435	236	313	179
429	234	313	179
423	233	314	180
417	231	315	180
411	229	316	181
405	228	317	181
399	226	318	182
393	225	319	182
372	231	324	185
366	229	324	185
359	228	325	186
352	227	326	186
345	226	328	187
338	224	329	187
331	223	330	188
324	222	331	189
317	221	332	189
311	220	333	190
304	219	334	190
359	225	331	188
352	223	332	188
348	223	332	189
345	222	333	189
341	221	334	189
