1.698440
0.033944
0.034233
0.034261
0.034287
0.034312
0.034337
0.034364
0.034385
0.034410
0.034435
0.034461
0.028857
0.029100
0.029115
0.029137
0.029176
0.029206
0.029233
0.029261
0.029287
0.029312
0.029337
0.026832
0.027067
0.027109
0.027135
0.027159
0.027182
0.027205
0.027227
0.027250
0.027272
0.027296
0.024502
0.024754
0.024784
0.024816
0.024841
0.024866
0.024890
0.024914
0.024938
0.024962
0.024986
0.025264
0.025506
0.025541
0.025566
0.025591
0.025617
0.025641
0.025665
0.025690
0.025714
0.025738
0.024822
0.025079
0.025112
0.025138
0.025162
0.025187
0.025211
0.025236
0.025259
0.025283
0.025306
0.023993
0.024239
0.024270
0.024298
0.024322
0.024348
0.024375
0.024399
0.024424
0.024449
0.024472
0.025851
0.026101
0.026131
0.026149
0.026166
0.026184
0.026201
0.026218
0.026235
0.026252
0.026269
0.023718
0.023946
0.023963
0.023978
0.023991
0.024004
0.024018
0.024031
0.024044
0.024057
0.024071
0.041654
0.041885
0.041902
0.041916
0.041930
0.041943
0.041956
0.041972
0.041985
0.041998
0.042011
0.024149
0.024383
0.024401
0.024415
0.024429
0.024443
0.024456
0.024469
0.024482
0.024495
0.024508
0.025274
0.025503
0.025519
0.025533
0.025547
0.025562
0.025574
0.025587
0.025600
0.025613
0.025626
0.025364
0.025602
0.025620
0.025634
0.025647
0.025661
0.025674
0.025688
0.025701
0.025714
0.025727
0.024995
0.025222
0.025239
0.025254
0.025267
0.025283
0.025296
0.025309
0.025322
0.025336
0.025349
0.025603
0.025832
0.025849
0.025863
0.025876
0.025892
0.025910
0.025927
0.025942
0.025957
0.025972
0.025655
0.025891
0.025910
0.025926
0.025942
0.025957
0.025974
0.025989
0.026007
0.026022
0.026038
0.025613
0.025847
0.025867
0.025883
0.025900
0.025917
0.025932
0.025948
0.025963
0.025979
0.025994
0.025136
0.025374
0.025394
0.025417
0.025433
0.025449
0.025465
0.025480
0.025495
0.025511
0.025525
0.025260
0.025490
0.025507
0.025525
0.025538
0.025551
0.025564
0.025577
0.025590
0.025603
0.025616
0.047054
0.047285
0.047302
0.047318
0.047332
0.047344
0.047358
0.047371
0.047384
0.047397
0.047410
0.025519
0.025738
0.025764
0.025778
0.025792
0.025805
0.025821
0.025839
0.025856
0.025872
0.025887
0.028039
0.028274
0.028296
0.028314
0.028331
0.028347
0.028363
0.028378
0.028394
0.028409
0.028424
0.025985
0.026222
0.026243
0.026260
0.026276
0.026292
0.026307
0.026323
0.026339
0.026354
0.026369
0.026953
0.027184
0.027201
0.027215
0.027228
0.027242
0.027255
0.027268
0.027281
0.027294
0.027307
0.026581
0.026813
0.026829
0.026844
0.026857
0.026873
0.026887
0.026900
0.026914
0.026927
0.026940
0.027297
0.027529
0.027546
0.027560
0.027573
0.027587
0.027600
0.027612
0.027626
0.027638
0.027651
0.026853
0.027085
0.027103
0.027117
0.027131
0.027145
0.027158
0.027171
0.027184
0.027198
0.027211
0.028974
0.029207
0.029225
0.029239
0.029253
0.029266
0.029279
0.029292
0.029305
0.029318
0.029331
0.028111
0.028350
0.028367
0.028381
0.028395
0.028408
0.028422
0.028435
0.028448
0.028461
0.028474
0.047706
0.047935
0.047952
0.047967
0.047980
0.047993
0.048007
0.048020
0.048032
0.048045
0.048058
0.029714
0.029946
0.029963
0.029977
0.029991
0.030004
0.030017
0.030030
0.030043
0.030056
0.030069
0.029265
0.029494
0.029511
0.029525
0.029538
0.029552
0.029565
0.029577
0.029590
0.029603
0.029616
0.028875
0.029110
0.029131
0.029145
0.029159
0.029172
0.029186
0.029199
0.029212
0.029226
0.029239
0.027264
0.027482
0.027508
0.027522
0.027536
0.027549
0.027562
0.027575
0.027588
0.027601
0.027614
0.030275
0.030493
0.030520
0.030534
0.030547
0.030561
0.030574
0.030587
0.030600
0.030613
0.030627
0.027951
0.028178
0.028196
0.028210
0.028223
0.028236
0.028250
0.028263
0.028275
0.028288
0.028301
0.027950
0.028180
0.028198
0.028213
0.028227
0.028240
0.028254
0.028268
0.028281
0.028298
0.028311
0.028496
0.028730
0.028749
0.028763
0.028777
0.028790
0.028804
0.028817
0.028830
0.028843
0.028856
0.028546
0.028781
0.028798
0.028812
0.028826
0.028840
0.028853
0.028867
0.028880
0.028894
0.028908
0.048127
0.048356
0.048374
0.048388
0.048401
0.048414
0.048427
0.048440
0.048453
0.048466
0.048479
0.026744
0.026997
0.027015
0.027030
0.027044
0.027057
0.027071
0.027084
0.027097
0.027110
0.027123
0.028787
0.029015
0.029032
0.029046
0.029060
0.029073
0.029086
0.029099
0.029112
0.029125
0.029138
0.027995
0.028222
0.028248
0.028281
0.028309
0.028335
0.028362
0.028391
0.028418
0.028445
0.028471
0.029748
0.029982
0.030001
0.030015
0.030029
0.030042
0.030055
0.030068
0.030081
0.030094
0.030107
0.027888
0.028122
0.028141
0.028156
0.028169
0.028183
0.028196
0.028209
0.028222
0.028235
0.028249
0.027960
0.028195
0.028213
0.028227
0.028240
0.028254
0.028267
0.028280
0.028293
0.028309
0.028327
0.028824
0.029059
0.029079
0.029097
0.029113
0.029129
0.029147
0.029163
0.029179
0.029195
0.029211
0.027407
0.027642
0.027662
0.027679
0.027697
0.027714
0.027730
0.027745
0.027761
0.027781
0.027797
0.028181
0.028419
0.028439
0.028456
0.028473
0.028489
0.028505
0.028522
0.028538
0.028553
0.028569
0.052884
0.053132
0.053161
0.053179
0.053197
0.053214
0.053231
0.053248
0.053266
0.053282
0.053300
0.029118
0.029348
0.029365
0.029379
0.029393
0.029406
0.029419
0.029432
0.029445
0.029458
0.029471
0.028601
0.028836
0.028853
0.028868
0.028881
0.028894
0.028908
0.028921
0.028934
0.028947
0.028960
0.028239
0.028500
0.028521
0.028539
0.028557
0.028575
0.028592
0.028610
0.028626
0.028644
0.028661
0.028815
0.029039
0.029065
0.029080
0.029094
0.029108
0.029121
0.029134
0.029148
0.029161
0.029175
0.027361
0.027596
0.027614
0.027628
0.027646
0.027659
0.027672
0.027685
0.027699
0.027712
0.027725
0.027758
0.027992
0.028009
0.028024
0.028037
0.028053
0.028067
0.028080
0.028095
0.028109
0.028122
0.027884
0.028104
0.028131
0.028145
0.028158
0.028171
0.028187
0.028204
0.028219
0.028234
0.028250
0.035040
0.035308
0.035338
0.035357
0.035376
0.035393
0.035412
0.035430
0.035448
0.035465
0.035483
0.029077
0.029311
0.029328
0.029342
0.029356
0.029369
0.029383
0.029396
0.029408
0.029421
0.029434
0.047278
0.047511
0.047529
0.047544
0.047557
0.047570
0.047584
0.047597
0.047610
0.047622
0.047635
0.028765
0.028996
0.029013
0.029027
0.029041
0.029054
0.029067
0.029080
0.029093
0.029106
0.029119
0.028200
0.028437
0.028465
0.028484
0.028502
0.028519
0.028537
0.028554
0.028575
0.028592
0.028609
0.027245
0.027479
0.027496
0.027511
0.027524
0.027537
0.027551
0.027564
0.027577
0.027590
0.027603
0.027473
0.027699
0.027717
0.027731
0.027745
0.027758
0.027771
0.027785
0.027797
0.027810
0.027823
0.029051
0.029315
0.029335
0.029354
0.029372
0.029389
0.029405
0.029423
0.029440
0.029457
0.029474
0.027818
0.028032
0.028058
0.028072
0.028086
0.028099
0.028112
0.028126
0.028138
0.028152
0.028165
0.027499
0.027728
0.027745
0.027759
0.027773
0.027786
0.027799
0.027812
0.027825
0.027838
0.027851
0.026698
0.026930
0.026947
0.026962
0.026975
0.026989
0.027002
0.027015
0.027028
0.027041
0.027054
0.027267
0.027496
0.027514
0.027528
0.027542
0.027556
0.027569
0.027583
0.027596
0.027609
0.027622
0.046970
0.047218
0.047247
0.047273
0.047297
0.047322
0.047347
0.047372
0.047396
0.047420
0.047444
0.033056
0.033316
0.033337
0.033355
0.033373
0.033391
0.033408
0.033426
0.033448
0.033466
0.033484
0.029192
0.029422
0.029439
0.029453
0.029467
0.029480
0.029493
0.029506
0.029519
0.029531
0.029544
0.027215
0.027444
0.027461
0.027475
0.027489
0.027503
0.027516
0.027529
0.027542
0.027555
0.027568
0.026997
0.027227
0.027244
0.027258
0.027271
0.027284
0.027297
0.027310
0.027324
0.027337
0.027349
0.027435
0.027662
0.027679
0.027693
0.027707
0.027720
0.027733
0.027746
0.027760
0.027773
0.027786
0.029137
0.029366
0.029383
0.029397
0.029411
0.029424
0.029437
0.029450
0.029463
0.029476
0.029489
0.031997
0.032226
0.032243
0.032257
0.032271
0.032284
0.032297
0.032315
0.032332
0.032347
0.032362
0.032293
0.032524
0.032548
0.032565
0.032581
0.032596
0.032611
0.032626
0.032641
0.032656
0.032671
0.029500
0.029731
0.029748
0.029762
0.029775
0.029788
0.029802
0.029815
0.029828
0.029841
0.029855
0.046306
0.046538
0.046556
0.046570
0.046584
0.046601
0.046614
0.046627
0.046640
0.046653
0.046666
0.025059
0.025289
0.025306
0.025321
0.025334
0.025348
0.025362
0.025375
0.025388
0.025401
0.025414
0.025680
0.025906
0.025923
0.025937
0.025950
0.025963
0.025976
0.025989
0.026002
0.026015
0.026027
0.025398
0.025627
0.025644
0.025659
0.025673
0.025686
0.025699
0.025712
0.025726
0.025739
0.025752
0.024741
0.024960
0.024986
0.025000
0.025013
0.025026
0.025040
0.025053
0.025065
0.025079
0.025092
0.028725
0.028955
0.028972
0.028988
0.029001
0.029015
0.029027
0.029041
0.029054
0.029067
0.029080
0.024431
0.024660
0.024678
0.024692
0.024705
0.024719
0.024732
0.024746
0.024759
0.024771
0.024785
0.028534
0.028794
0.028815
0.028834
0.028852
0.028869
0.028887
0.028904
0.028922
0.028939
0.028956
0.023424
0.023654
0.023671
0.023685
0.023699
0.023712
0.023725
0.023738
0.023751
0.023764
0.023777
0.023657
0.023885
0.023903
0.023917
0.023931
0.023944
0.023957
0.023971
0.023984
0.023996
0.024009
0.044180
0.044415
0.044433
0.044447
0.044461
0.044473
0.044486
0.044499
0.044512
0.044524
0.044537
0.026969
0.027199
0.027217
0.027232
0.027246
0.027260
0.027273
0.027286
0.027300
0.027313
0.027326
0.035023
0.035285
0.035316
0.035334
0.035353
0.035371
0.035389
0.035407
0.035424
0.035442
0.035460
0.032492
0.032755
0.032776
0.032795
0.032813
0.032830
0.032848
0.032865
0.032882
0.032900
0.032917
0.029282
0.029509
0.029526
0.029540
0.029554
0.029567
0.029581
0.029594
0.029607
0.029620
0.029633
0.026458
0.026688
0.026706
0.026720
0.026734
0.026747
0.026760
0.026773
0.026786
0.026799
0.026812
0.028521
0.028749
0.028767
0.028781
0.028795
0.028808
0.028821
0.028835
0.028848
0.028862
0.028874
0.027717
0.027948
0.027965
0.027979
0.027992
0.028006
0.028019
0.028032
0.028045
0.028058
0.028071
0.028195
0.028413
0.028440
0.028454
0.028467
0.028481
0.028494
0.028508
0.028521
0.028534
0.028547
0.028817
0.029063
0.029096
0.029122
0.029152
0.029178
0.029203
0.029227
0.029251
0.029275
0.029299
0.047312
0.047554
0.047587
0.047613
0.047640
0.047663
0.047688
0.047712
0.047737
0.047761
0.047785
0.029133
0.029377
0.029412
0.029438
0.029463
0.029488
0.029512
0.029537
0.029561
0.029585
0.029610
0.028115
0.028358
0.028388
0.028415
0.028441
0.028469
0.028493
0.028517
0.028541
0.028567
0.028591
0.028133
0.028378
0.028407
0.028435
0.028462
0.028487
0.028512
0.028536
0.028561
0.028584
0.028608
0.027607
0.027848
0.027878
0.027903
0.027930
0.027955
0.027979
0.028003
0.028027
0.028051
0.028075
0.027420
0.027654
0.027679
0.027701
0.027726
0.027751
0.027776
0.027800
0.027824
0.027847
0.027871
0.027470
0.027708
0.027729
0.027746
0.027763
0.027779
0.027796
0.027812
0.027828
0.027843
0.027859
0.029039
0.029273
0.029294
0.029312
0.029329
0.029345
0.029361
0.029377
0.029392
0.029408
0.029424
0.032041
0.032290
0.032310
0.032337
0.032355
0.032372
0.032389
0.032406
0.032423
0.032440
0.032457
0.027179
0.027431
0.027460
0.027479
0.027497
0.027514
0.027532
0.027549
0.027566
0.027583
0.027600
0.048264
0.048500
0.048532
0.048559
0.048583
0.048609
0.048633
0.048657
0.048681
0.048704
0.048728
0.029268
0.029504
0.029521
0.029535
0.029549
0.029562
0.029576
0.029589
0.029602
0.029615
0.029628
0.027264
0.027493
0.027510
0.027524
0.027538
0.027551
0.027565
0.027578
0.027590
0.027603
0.027617
0.027499
0.027732
0.027750
0.027765
0.027779
0.027792
0.027806
0.027819
0.027833
0.027846
0.027859
0.027522
0.027742
0.027759
0.027773
0.027796
0.027810
0.027823
0.027836
0.027849
0.027863
0.027876
0.034416
0.034678
0.034708
0.034727
0.034745
0.034763
0.034781
0.034799
0.034817
0.034835
0.034853
0.026394
0.026625
0.026645
0.026659
0.026673
0.026687
0.026700
0.026713
0.026726
0.026740
0.026753
0.026350
0.026576
0.026593
0.026608
0.026621
0.026634
0.026647
0.026660
0.026674
0.026687
0.026700
0.028161
0.028406
0.028435
0.028454
0.028471
0.028488
0.028505
0.028522
0.028539
0.028557
0.028574
0.023027
0.023244
0.023270
0.023285
0.023299
0.023313
0.023326
0.023339
0.023353
0.023366
0.023379
0.043067
0.043293
0.043311
0.043325
0.043338
0.043352
0.043365
0.043378
0.043391
0.043404
0.043416
0.025411
0.025646
0.025664
0.025679
0.025692
0.025706
0.025719
0.025733
0.025746
0.025759
0.025772
0.027004
0.027236
0.027254
0.027268
0.027282
0.027295
0.027308
0.027321
0.027334
0.027347
0.027360
0.027276
0.027525
0.027554
0.027572
0.027590
0.027608
0.027625
0.027642
0.027659
0.027677
0.027693
0.023204
0.023419
0.023445
0.023459
0.023473
0.023486
0.023499
0.023513
0.023526
0.023540
0.023552
0.023814
0.024046
0.024076
0.024094
0.024112
0.024130
0.024147
0.024164
0.024182
0.024199
0.024216
0.023726
0.023946
0.023972
0.023986
0.024000
0.024014
0.024031
0.024045
0.024058
0.024071
0.024084
0.023755
0.023983
0.024001
0.024016
0.024030
0.024043
0.024056
0.024070
0.024084
0.024096
0.024110
0.024364
0.024596
0.024613
0.024627
0.024641
0.024654
0.024667
0.024680
0.024693
0.024705
0.024718
0.023650
0.023884
0.023901
0.023916
0.023930
0.023943
0.023956
0.023969
0.023983
0.023996
0.024009
0.044134
0.044357
0.044384
0.044398
0.044412
