1.791694
0.032498
0.032785
0.032806
0.032824
0.032841
0.032857
0.032874
0.032890
0.032908
0.032925
0.032941
0.034126
0.034402
0.034434
0.034453
0.034472
0.034491
0.034510
0.034529
0.034547
0.034566
0.034584
0.032097
0.032362
0.032383
0.032412
0.032430
0.032453
0.032471
0.032489
0.032507
0.032525
0.032543
0.024648
0.024880
0.024920
0.024946
0.024971
0.024996
0.025021
0.025045
0.025069
0.025093
0.025117
0.025129
0.025347
0.025373
0.025408
0.025432
0.025455
0.025480
0.025504
0.025527
0.025552
0.025574
0.024996
0.025229
0.025247
0.025263
0.025276
0.025289
0.025303
0.025316
0.025329
0.025343
0.025356
0.024382
0.024610
0.024637
0.024651
0.024664
0.024678
0.024693
0.024706
0.024719
0.024733
0.024746
0.024481
0.024712
0.024730
0.024744
0.024758
0.024771
0.024785
0.024801
0.024819
0.024836
0.024852
0.024693
0.024914
0.024943
0.024959
0.024974
0.024989
0.025004
0.025019
0.025034
0.025049
0.025064
0.048625
0.048849
0.048866
0.048880
0.048894
0.048908
0.048922
0.048937
0.048950
0.048964
0.048977
0.024654
0.024890
0.024907
0.024921
0.024934
0.024947
0.024961
0.024974
0.024987
0.024999
0.025012
0.024398
0.024633
0.024652
0.024669
0.024684
0.024703
0.024718
0.024734
0.024749
0.024764
0.024779
0.024564
0.024787
0.024815
0.024832
0.024848
0.024863
0.024879
0.024894
0.024909
0.024924
0.024939
0.024463
0.024694
0.024716
0.024732
0.024748
0.024766
0.024781
0.024796
0.024811
0.024827
0.024841
0.024377
0.024608
0.024625
0.024639
0.024653
0.024666
0.024679
0.024693
0.024706
0.024720
0.024733
0.023762
0.023991
0.024008
0.024022
0.024035
0.024048
0.024061
0.024074
0.024088
0.024101
0.024114
0.023971
0.024188
0.024214
0.024228
0.024241
0.024255
0.024268
0.024282
0.024295
0.024308
0.024322
0.023652
0.023880
0.023896
0.023910
0.023924
0.023937
0.023950
0.023964
0.023977
0.023990
0.024003
0.023797
0.024024
0.024041
0.024058
0.024072
0.024085
0.024099
0.024112
0.024125
0.024137
0.024150
0.049006
0.049222
0.049247
0.049261
0.049274
0.049288
0.049301
0.049315
0.049328
0.049340
0.049353
0.024067
0.024294
0.024312
0.024326
0.024340
0.024353
0.024366
0.024379
0.024392
0.024405
0.024418
0.024203
0.024437
0.024457
0.024471
0.024484
0.024498
0.024510
0.024523
0.024537
0.024550
0.024563
0.024433
0.024663
0.024681
0.024695
0.024708
0.024722
0.024735
0.024748
0.024762
0.024775
0.024788
0.024449
0.024682
0.024698
0.024713
0.024727
0.024741
0.024755
0.024769
0.024782
0.024796
0.024809
0.024152
0.024380
0.024397
0.024411
0.024425
0.024442
0.024455
0.024468
0.024481
0.024494
0.024508
0.023980
0.024204
0.024221
0.024235
0.024249
0.024262
0.024276
0.024289
0.024302
0.024316
0.024329
0.023993
0.024213
0.024239
0.024253
0.024267
0.024280
0.024293
0.024307
0.024320
0.024333
0.024346
0.023705
0.023933
0.023951
0.023965
0.023979
0.023993
0.024006
0.024019
0.024032
0.024046
0.024059
0.023607
0.023840
0.023858
0.023872
0.023885
0.023899
0.023912
0.023926
0.023939
0.023952
0.023966
0.049545
0.049774
0.049793
0.049808
0.049821
0.049835
0.049848
0.049861
0.049874
0.049886
0.049899
0.024755
0.024987
0.025005
0.025020
0.025033
0.025047
0.025060
0.025074
0.025087
0.025101
0.025114
0.024802
0.025022
0.025049
0.025064
0.025077
0.025091
0.025104
0.025117
0.025130
0.025143
0.025156
0.024318
0.024546
0.024566
0.024581
0.024595
0.024608
0.024622
0.024635
0.024649
0.024663
0.024676
0.023477
0.023707
0.023724
0.023738
0.023752
0.023765
0.023779
0.023792
0.023805
0.023818
0.023832
0.023588
0.023818
0.023836
0.023850
0.023864
0.023878
0.023891
0.023905
0.023919
0.023932
0.023945
0.024647
0.024873
0.024889
0.024904
0.024917
0.024931
0.024944
0.024957
0.024971
0.024984
0.024998
0.024633
0.024869
0.024887
0.024901
0.024915
0.024929
0.024942
0.024956
0.024969
0.024985
0.024998
0.024486
0.024716
0.024733
0.024747
0.024761
0.024774
0.024787
0.024801
0.024813
0.024827
0.024840
0.024664
0.024891
0.024908
0.024922
0.024936
0.024950
0.024964
0.024977
0.024991
0.025004
0.025018
0.049494
0.049711
0.049726
0.049740
0.049763
0.049776
0.049790
0.049803
0.049815
0.049828
0.049841
0.024799
0.025030
0.025048
0.025062
0.025076
0.025090
0.025103
0.025117
0.025130
0.025143
0.025156
0.024225
0.024448
0.024474
0.024488
0.024501
0.024515
0.024528
0.024542
0.024555
0.024568
0.024581
0.023419
0.023652
0.023670
0.023685
0.023699
0.023712
0.023730
0.023756
0.023771
0.023785
0.023798
0.024507
0.024735
0.024752
0.024766
0.024780
0.024793
0.024807
0.024820
0.024833
0.024846
0.024859
0.024584
0.024822
0.024841
0.024856
0.024869
0.024882
0.024896
0.024909
0.024923
0.024936
0.024949
0.024241
0.024474
0.024494
0.024512
0.024529
0.024546
0.024562
0.024578
0.024593
0.024609
0.024624
0.024175
0.024408
0.024428
0.024444
0.024461
0.024478
0.024494
0.024509
0.024524
0.024540
0.024555
0.023951
0.024183
0.024203
0.024220
0.024237
0.024252
0.024269
0.024284
0.024300
0.024318
0.024334
0.024337
0.024571
0.024591
0.024607
0.024625
0.024641
0.024657
0.024672
0.024688
0.024704
0.024720
0.050989
0.051216
0.051233
0.051247
0.051261
0.051275
0.051288
0.051301
0.051315
0.051328
0.051341
0.026538
0.026766
0.026784
0.026799
0.026813
0.026826
0.026839
0.026853
0.026866
0.026879
0.026892
0.026300
0.026546
0.026565
0.026579
0.026593
0.026606
0.026620
0.026633
0.026646
0.026659
0.026673
0.025656
0.025876
0.025903
0.025917
0.025930
0.025944
0.025957
0.025970
0.025983
0.025996
0.026009
0.025139
0.025386
0.025417
0.025445
0.025471
0.025496
0.025520
0.025544
0.025568
0.025593
0.025618
0.024962
0.025192
0.025230
0.025258
0.025286
0.025311
0.025335
0.025359
0.025383
0.025408
0.025432
0.024838
0.025081
0.025111
0.025139
0.025164
0.025188
0.025214
0.025239
0.025264
0.025287
0.025311
0.024823
0.025064
0.025093
0.025121
0.025145
0.025170
0.025195
0.025218
0.025242
0.025266
0.025289
0.024043
0.024285
0.024313
0.024341
0.024366
0.024391
0.024415
0.024440
0.024464
0.024488
0.024512
0.023881
0.024123
0.024153
0.024181
0.024206
0.024231
0.024256
0.024280
0.024305
0.024329
0.024353
0.050837
0.051055
0.051082
0.051097
0.051111
0.051124
0.051137
0.051151
0.051164
0.051177
0.051190
0.025140
0.025381
0.025399
0.025414
0.025428
0.025442
0.025455
0.025469
0.025481
0.025495
0.025508
0.025226
0.025451
0.025468
0.025483
0.025497
0.025511
0.025525
0.025538
0.025554
0.025568
0.025581
0.024737
0.024965
0.024983
0.024997
0.025011
0.025024
0.025038
0.025051
0.025064
0.025077
0.025090
0.024594
0.024813
0.024839
0.024854
0.024868
0.024882
0.024895
0.024908
0.024921
0.024934
0.024947
0.025110
0.025342
0.025359
0.025373
0.025387
0.025400
0.025414
0.025427
0.025440
0.025453
0.025466
0.023487
0.023717
0.023734
0.023749
0.023762
0.023775
0.023788
0.023802
0.023815
0.023828
0.023841
0.024570
0.024802
0.024819
0.024833
0.024847
0.024860
0.024874
0.024887
0.024901
0.024914
0.024926
0.023627
0.023857
0.023875
0.023889
0.023902
0.023916
0.023929
0.023942
0.023955
0.023968
0.023981
0.023611
0.023847
0.023864
0.023878
0.023891
0.023905
0.023918
0.023931
0.023945
0.023958
0.023971
0.050626
0.050855
0.050871
0.050885
0.050899
0.050913
0.050926
0.050939
0.050951
0.050965
0.050978
0.025092
0.025317
0.025345
0.025359
0.025373
0.025386
0.025400
0.025413
0.025426
0.025439
0.025453
0.024667
0.024885
0.024912
0.024926
0.024940
0.024953
0.024966
0.024979
0.024992
0.025005
0.025018
0.025683
0.025898
0.025924
0.025939
0.025953
0.025966
0.025979
0.025992
0.026006
0.026019
0.026032
0.025271
0.025498
0.025515
0.025529
0.025543
0.025557
0.025570
0.025583
0.025596
0.025609
0.025622
0.024741
0.024971
0.024989
0.025003
0.025017
0.025030
0.025043
0.025057
0.025070
0.025084
0.025096
0.024559
0.024785
0.024803
0.024817
0.024830
0.024844
0.024857
0.024870
0.024883
0.024896
0.024909
0.024541
0.024795
0.024814
0.024828
0.024842
0.024858
0.024872
0.024886
0.024899
0.024913
0.024926
0.023567
0.023800
0.023818
0.023832
0.023846
0.023859
0.023872
0.023886
0.023899
0.023912
0.023925
0.023650
0.023879
0.023896
0.023911
0.023924
0.023937
0.023951
0.023968
0.023985
0.024001
0.024017
0.050200
0.050432
0.050449
0.050465
0.050478
0.050495
0.050508
0.050522
0.050535
0.050548
0.050561
0.024369
0.024600
0.024617
0.024632
0.024645
0.024659
0.024673
0.024686
0.024699
0.024712
0.024725
0.024752
0.024969
0.024995
0.025010
0.025023
0.025037
0.025050
0.025063
0.025076
0.025090
0.025103
0.025182
0.025396
0.025422
0.025437
0.025451
0.025465
0.025478
0.025491
0.025505
0.025518
0.025531
0.025791
0.026038
0.026066
0.026101
0.026126
0.026151
0.026175
0.026199
0.026224
0.026247
0.026271
0.026641
0.026877
0.026894
0.026909
0.026923
0.026936
0.026949
0.026963
0.026976
0.026989
0.027002
0.025087
0.025314
0.025332
0.025346
0.025360
0.025373
0.025387
0.025400
0.025413
0.025426
0.025440
0.024575
0.024803
0.024821
0.024835
0.024849
0.024862
0.024876
0.024889
0.024902
0.024915
0.024929
0.024643
0.024871
0.024888
0.024903
0.024916
0.024930
0.024943
0.024956
0.024969
0.024982
0.024995
0.024390
0.024608
0.024625
0.024648
0.024662
0.024676
0.024689
0.024703
0.024716
0.024729
0.024742
0.050849
0.051078
0.051096
0.051110
0.051123
0.051137
0.051150
0.051163
0.051175
0.051188
0.051201
0.024678
0.024905
0.024922
0.024936
0.024950
0.024964
0.024977
0.024990
0.025003
0.025016
0.025029
0.024669
0.024888
0.024904
0.024917
0.024940
0.024953
0.024966
0.024980
0.024993
0.025006
0.025019
0.025308
0.025532
0.025550
0.025564
0.025579
0.025592
0.025606
0.025619
0.025632
0.025645
0.025658
0.024872
0.025098
0.025115
0.025129
0.025142
0.025156
0.025169
0.025183
0.025196
0.025210
0.025223
0.025887
0.026116
0.026134
0.026149
0.026163
0.026176
0.026189
0.026202
0.026215
0.026228
0.026241
0.024799
0.025018
0.025045
0.025059
0.025073
0.025087
0.025100
0.025113
0.025127
0.025141
0.025154
0.024015
0.024244
0.024261
0.024275
0.024288
0.024302
0.024315
0.024328
0.024341
0.024354
0.024367
0.024807
0.025028
0.025045
0.025060
0.025073
0.025086
0.025100
0.025113
0.025126
0.025139
0.025152
0.023978
0.024206
0.024224
0.024238
0.024251
0.024264
0.024277
0.024291
0.024304
0.024317
0.024330
0.051167
0.051397
0.051414
0.051428
0.051442
0.051455
0.051469
0.051482
0.051495
0.051508
0.051521
0.024878
0.025110
0.025127
0.025141
0.025155
0.025169
0.025182
0.025196
0.025209
0.025222
0.025235
0.025981
0.026221
0.026238
0.026252
0.026266
0.026280
0.026294
0.026307
0.026320
0.026335
0.026348
0.025128
0.025359
0.025376
0.025391
0.025404
0.025418
0.025432
0.025445
0.025458
0.025471
0.025484
0.025380
0.025607
0.025625
0.025639
0.025654
0.025668
0.025681
0.025694
0.025708
0.025721
0.025734
0.025990
0.026219
0.026236
0.026251
0.026264
0.026291
0.026314
0.026329
0.026343
0.026356
0.026369
0.025159
0.025392
0.025410
0.025424
0.025438
0.025451
0.025464
0.025478
0.025491
0.025503
0.025516
0.024365
0.024594
0.024612
0.024626
0.024640
0.024654
0.024667
0.024680
0.024693
0.024707
0.024720
0.024380
0.024599
0.024615
0.024629
0.024652
0.024665
0.024679
0.024693
0.024706
0.024718
0.024731
0.024240
0.024482
0.024500
0.024514
0.024528
0.024541
0.024555
0.024568
0.024582
0.024594
0.024607
0.052423
0.052659
0.052677
0.052691
0.052705
0.052718
0.052732
0.052744
0.052758
0.052771
0.052784
0.025241
0.025472
0.025489
0.025504
0.025518
0.025531
0.025545
0.025558
0.025571
0.025584
0.025597
0.025445
0.025673
0.025690
0.025704
0.025718
0.025732
0.025745
0.025758
0.025771
0.025784
0.025797
0.025832
0.026061
0.026092
0.026126
0.026153
0.026176
0.026201
0.026225
0.026249
0.026273
0.026297
0.024860
0.025091
0.025115
0.025139
0.025163
0.025188
0.025212
0.025237
0.025261
0.025285
0.025309
0.024900
0.025123
0.025152
0.025189
0.025214
0.025239
0.025263
0.025288
0.025312
0.025337
0.025362
0.025041
0.025274
0.025298
0.025317
