0.959244
0.026477
0.026716
0.026735
0.026750
0.026763
0.026777
0.026790
0.026804
0.026818
0.026831
0.026844
0.032010
0.032268
0.032287
0.032312
0.032331
0.032350
0.032369
0.032387
0.032405
0.032423
0.032440
0.028405
0.028632
0.028650
0.028666
0.028680
0.028694
0.028707
0.028721
0.028735
0.028748
0.028762
0.024973
0.025193
0.025225
0.025246
0.025269
0.025293
0.025318
0.025342
0.025366
0.025389
0.025414
0.024973
0.025206
0.025233
0.025257
0.025281
0.025305
0.025329
0.025353
0.025378
0.025402
0.025426
0.025287
0.025527
0.025556
0.025582
0.025608
0.025633
0.025658
0.025683
0.025708
0.025732
0.025757
0.025730
0.025957
0.025994
0.026018
0.026042
0.026067
0.026093
0.026118
0.026142
0.026166
0.026191
0.024617
0.024861
0.024892
0.024919
0.024953
0.024977
0.025001
0.025026
0.025049
0.025073
0.025096
0.024200
0.024447
0.024479
0.024506
0.024532
0.024558
0.024582
0.024607
0.024631
0.024655
0.024679
0.045788
0.046029
0.046062
0.046088
0.046114
0.046139
0.046164
0.046189
0.046213
0.046237
0.046261
0.025612
0.025857
0.025890
0.025916
0.025942
0.025966
0.025990
0.026015
0.026038
0.026063
0.026087
0.024846
0.025079
0.025097
0.025111
0.025124
0.025141
0.025154
0.025167
0.025180
0.025193
0.025206
0.024840
0.025074
0.025091
0.025104
0.025118
0.025131
0.025144
0.025157
0.025171
0.025184
0.025197
0.024691
0.024916
0.024943
0.024958
0.024971
0.024987
0.025000
0.025014
0.025027
0.025040
0.025053
0.025522
0.025770
0.025789
0.025803
0.025816
0.025830
0.025844
0.025857
0.025871
0.025884
0.025897
0.024911
0.025142
0.025159
0.025174
0.025187
0.025201
0.025214
0.025227
0.025242
0.025255
0.025268
0.025292
0.025513
0.025540
0.025554
0.025567
0.025580
0.025593
0.025606
0.025619
0.025632
0.025645
0.025386
0.025603
0.025628
0.025642
0.025656
0.025669
0.025682
0.025696
0.025708
0.025721
0.025749
0.025078
0.025311
0.025328
0.025346
0.025359
0.025372
0.025385
0.025398
0.025411
0.025424
0.025437
0.047716
0.047939
0.047965
0.047978
0.047992
0.048005
0.048018
0.048031
0.048044
0.048057
0.048071
0.026134
0.026355
0.026381
0.026395
0.026409
0.026422
0.026436
0.026449
0.026462
0.026475
0.026488
0.025706
0.025937
0.025958
0.025972
0.025985
0.025998
0.026011
0.026025
0.026039
0.026052
0.026064
0.025715
0.025946
0.025964
0.025979
0.025992
0.026005
0.026019
0.026032
0.026045
0.026058
0.026071
0.025996
0.026227
0.026244
0.026258
0.026272
0.026286
0.026299
0.026312
0.026325
0.026338
0.026351
0.026556
0.026777
0.026804
0.026819
0.026835
0.026856
0.026873
0.026888
0.026904
0.026919
0.026935
0.026896
0.027129
0.027149
0.027166
0.027184
0.027200
0.027215
0.027232
0.027248
0.027263
0.027279
0.026805
0.027042
0.027062
0.027079
0.027095
0.027111
0.027126
0.027142
0.027158
0.027174
0.027190
0.026891
0.027128
0.027149
0.027166
0.027182
0.027198
0.027214
0.027229
0.027244
0.027260
0.027275
0.027975
0.028197
0.028224
0.028237
0.028251
0.028265
0.028278
0.028291
0.028304
0.028316
0.028330
0.049024
0.049255
0.049272
0.049286
0.049300
0.049314
0.049327
0.049340
0.049353
0.049366
0.049379
0.028045
0.028272
0.028289
0.028304
0.028318
0.028331
0.028344
0.028357
0.028370
0.028384
0.028397
0.026979
0.027209
0.027227
0.027241
0.027255
0.027269
0.027282
0.027296
0.027309
0.027322
0.027334
0.036250
0.036508
0.036532
0.036560
0.036578
0.036595
0.036613
0.036630
0.036648
0.036666
0.036683
0.036705
0.036963
0.036992
0.037011
0.037029
0.037047
0.037064
0.037082
0.037099
0.037117
0.037134
0.031700
0.031945
0.031962
0.031976
0.031990
0.032003
0.032017
0.032030
0.032044
0.032057
0.032071
0.028754
0.028973
0.029000
0.029014
0.029027
0.029041
0.029053
0.029067
0.029080
0.029093
0.029106
0.028069
0.028301
0.028317
0.028332
0.028346
0.028359
0.028373
0.028386
0.028399
0.028416
0.028429
0.027938
0.028170
0.028187
0.028201
0.028214
0.028227
0.028240
0.028253
0.028266
0.028279
0.028292
0.028245
0.028476
0.028494
0.028509
0.028522
0.028536
0.028550
0.028563
0.028577
0.028590
0.028603
0.049441
0.049677
0.049695
0.049709
0.049722
0.049736
0.049749
0.049762
0.049775
0.049788
0.049802
0.030163
0.030388
0.030414
0.030429
0.030442
0.030456
0.030469
0.030482
0.030495
0.030508
0.030521
0.028964
0.029200
0.029218
0.029233
0.029248
0.029261
0.029274
0.029287
0.029301
0.029319
0.029333
0.028783
0.029016
0.029034
0.029049
0.029063
0.029077
0.029090
0.029103
0.029117
0.029130
0.029143
0.027810
0.028045
0.028062
0.028076
0.028090
0.028102
0.028116
0.028129
0.028141
0.028154
0.028167
0.027855
0.028086
0.028105
0.028119
0.028133
0.028147
0.028160
0.028173
0.028187
0.028200
0.028213
0.028631
0.028857
0.028873
0.028887
0.028901
0.028914
0.028927
0.028940
0.028953
0.028966
0.028979
0.027828
0.028061
0.028079
0.028093
0.028106
0.028120
0.028133
0.028146
0.028160
0.028172
0.028185
0.027271
0.027487
0.027514
0.027528
0.027542
0.027555
0.027568
0.027581
0.027594
0.027610
0.027623
0.026360
0.026596
0.026613
0.026628
0.026642
0.026655
0.026669
0.026682
0.026695
0.026709
0.026721
0.047615
0.047834
0.047860
0.047874
0.047888
0.047901
0.047914
0.047927
0.047940
0.047953
0.047966
0.024476
0.024708
0.024726
0.024741
0.024755
0.024768
0.024781
0.024794
0.024807
0.024820
0.024833
0.023550
0.023780
0.023797
0.023812
0.023826
0.023839
0.023852
0.023865
0.023878
0.023891
0.023905
0.024278
0.024497
0.024514
0.024528
0.024551
0.024565
0.024578
0.024591
0.024604
0.024617
0.024630
0.024616
0.024840
0.024866
0.024881
0.024894
0.024908
0.024921
0.024934
0.024948
0.024961
0.024975
0.024716
0.024936
0.024963
0.024977
0.024994
0.025007
0.025021
0.025034
0.025048
0.025061
0.025074
0.024307
0.024533
0.024551
0.024565
0.024579
0.024592
0.024606
0.024619
0.024632
0.024645
0.024658
0.024118
0.024350
0.024369
0.024386
0.024402
0.024418
0.024433
0.024450
0.024465
0.024480
0.024495
0.023543
0.023798
0.023818
0.023832
0.023846
0.023859
0.023873
0.023886
0.023899
0.023913
0.023926
0.023837
0.024056
0.024083
0.024097
0.024111
0.024125
0.024138
0.024151
0.024164
0.024177
0.024191
0.046299
0.046529
0.046547
0.046561
0.046575
0.046589
0.046603
0.046616
0.046630
0.046643
0.046656
0.024052
0.024271
0.024297
0.024312
0.024325
0.024339
0.024352
0.024365
0.024378
0.024391
0.024404
0.023402
0.023623
0.023649
0.023665
0.023679
0.023693
0.023706
0.023720
0.023736
0.023750
0.023763
0.024257
0.024493
0.024511
0.024526
0.024539
0.024553
0.024566
0.024579
0.024592
0.024606
0.024618
0.023588
0.023821
0.023838
0.023852
0.023866
0.023879
0.023893
0.023906
0.023919
0.023932
0.023944
0.024796
0.025025
0.025042
0.025057
0.025070
0.025084
0.025097
0.025111
0.025124
0.025137
0.025150
0.024715
0.024931
0.024948
0.024961
0.024985
0.024998
0.025011
0.025024
0.025037
0.025050
0.025063
0.024538
0.024769
0.024787
0.024801
0.024815
0.024828
0.024841
0.024854
0.024867
0.024880
0.024894
0.024559
0.024794
0.024811
0.024825
0.024839
0.024853
0.024866
0.024879
0.024893
0.024906
0.024919
0.024630
0.024863
0.024881
0.024895
0.024909
0.024922
0.024935
0.024949
0.024962
0.024975
0.024988
0.046883
0.047113
0.047131
0.047145
0.047159
0.047172
0.047185
0.047198
0.047211
0.047224
0.047237
0.024300
0.024533
0.024551
0.024565
0.024579
0.024592
0.024606
0.024619
0.024632
0.024645
0.024658
0.024355
0.024585
0.024602
0.024616
0.024630
0.024643
0.024657
0.024670
0.024683
0.024696
0.024709
0.024529
0.024759
0.024776
0.024791
0.024805
0.024818
0.024832
0.024845
0.024858
0.024872
0.024886
0.024364
0.024590
0.024608
0.024622
0.024636
0.024650
0.024663
0.024676
0.024689
0.024702
0.024715
0.025099
0.025328
0.025346
0.025361
0.025374
0.025387
0.025401
0.025414
0.025427
0.025441
0.025454
0.024708
0.024936
0.024954
0.024968
0.024981
0.024994
0.025007
0.025021
0.025033
0.025046
0.025059
0.024640
0.024861
0.024877
0.024890
0.024913
0.024927
0.024940
0.024953
0.024967
0.024981
0.024994
0.024466
0.024693
0.024716
0.024731
0.024745
0.024758
0.024770
0.024784
0.024796
0.024809
0.024822
0.024586
0.024817
0.024835
0.024848
0.024862
0.024875
0.024889
0.024903
0.024916
0.024929
0.024942
0.047211
0.047441
0.047458
0.047472
0.047486
0.047502
0.047515
0.047528
0.047540
0.047553
0.047566
0.024074
0.024308
0.024326
0.024340
0.024360
0.024374
0.024388
0.024401
0.024415
0.024428
0.024441
0.024305
0.024541
0.024559
0.024573
0.024586
0.024600
0.024613
0.024626
0.024639
0.024652
0.024665
0.024446
0.024679
0.024697
0.024712
0.024726
0.024740
0.024754
0.024767
0.024780
0.024793
0.024806
0.024871
0.025107
0.025124
0.025138
0.025151
0.025165
0.025177
0.025192
0.025205
0.025218
0.025230
0.025541
0.025775
0.025793
0.025808
0.025821
0.025835
0.025848
0.025861
0.025875
0.025887
0.025900
0.026904
0.027133
0.027151
0.027165
0.027179
0.027192
0.027205
0.027218
0.027231
0.027244
0.027257
0.028754
0.028988
0.029006
0.029020
0.029034
0.029048
0.029062
0.029075
0.029088
0.029101
0.029114
0.028410
0.028641
0.028659
0.028673
0.028687
0.028700
0.028713
0.028726
0.028739
0.028752
0.028765
0.028168
0.028396
0.028415
0.028430
0.028443
0.028456
0.028469
0.028482
0.028496
0.028509
0.028522
0.051554
0.051782
0.051799
0.051813
0.051826
0.051839
0.051852
0.051865
0.051878
0.051891
0.051904
0.028578
0.028807
0.028825
0.028839
0.028852
0.028866
0.028878
0.028892
0.028905
0.028918
0.028930
0.027869
0.028104
0.028121
0.028135
0.028148
0.028162
0.028174
0.028188
0.028201
0.028214
0.028227
0.027966
0.028189
0.028215
0.028229
0.028243
0.028256
0.028270
0.028283
0.028296
0.028309
0.028322
0.026997
0.027231
0.027249
0.027263
0.027277
0.027290
0.027303
0.027317
0.027330
0.027343
0.027356
0.026345
0.026577
0.026595
0.026609
0.026623
0.026637
0.026651
0.026664
0.026678
0.026691
0.026704
0.025849
0.026081
0.026098
0.026113
0.026127
0.026140
0.026153
0.026166
0.026180
0.026193
0.026206
0.026474
0.026704
0.026721
0.026736
0.026750
0.026763
0.026776
0.026789
0.026802
0.026815
0.026828
0.027086
0.027311
0.027327
0.027341
0.027354
0.027368
0.027380
0.027394
0.027407
0.027421
0.027433
0.026265
0.026498
0.026516
0.026530
0.026544
0.026557
0.026571
0.026584
0.026597
0.026610
0.026623
0.049000
0.049221
0.049238
0.049253
0.049266
0.049279
0.049293
0.049306
0.049319
0.049332
0.049345
0.027537
0.027772
0.027790
0.027804
0.027818
0.027831
0.027844
0.027858
0.027871
0.027884
0.027897
0.026732
0.026963
0.026980
0.026995
0.027008
0.027022
0.027035
0.027049
0.027062
0.027080
0.027093
0.026683
0.026915
0.026932
0.026946
0.026960
0.026973
0.026987
0.027000
0.027013
0.027026
0.027039
0.026873
0.027110
0.027130
0.027146
0.027161
0.027177
0.027192
0.027208
0.027223
0.027238
0.027252
0.027514
0.027752
0.027772
0.027789
0.027805
0.027821
0.027838
0.027853
0.027869
0.027885
0.027900
0.027669
0.027901
0.027920
0.027938
0.027955
0.027971
0.027987
0.028002
0.028018
0.028033
0.028049
0.029411
0.029648
0.029677
0.029693
0.029717
0.029740
0.029755
0.029769
0.029782
0.029800
0.029814
0.029252
0.029480
0.029497
0.029512
0.029525
0.029538
0.029552
0.029565
0.029578
0.029591
0.029605
0.028901
0.029131
0.029148
0.029163
0.029176
0.029190
0.029203
0.029217
0.029230
0.029243
0.029256
0.051172
0.051400
0.051418
0.051432
0.051446
0.051459
0.051472
0.051485
0.051498
0.051511
0.051524
0.025171
0.025393
0.025421
0.025435
0.025449
0.025463
0.025476
0.025489
0.025502
0.025515
0.025528
0.027663
0.027894
0.027912
0.027926
0.027940
0.027953
0.027966
0.027979
0.027992
0.028005
0.028018
0.028692
0.028910
0.028937
0.028951
0.028965
0.028978
0.028992
0.029005
0.029018
0.029031
0.029044
0.029753
0.030012
0.030031
0.030045
0.030059
0.030071
0.030087
0.030105
0.030120
0.030136
0.030151
0.028301
0.028536
0.028553
0.028568
0.028582
0.028595
0.028608
0.028621
0.028634
0.028647
0.028661
0.027658
0.027874
0.027904
0.027918
0.027932
0.027945
0.027958
0.027971
0.027984
0.027997
0.028010
0.027410
0.027648
0.027666
0.027681
0.027695
0.027708
0.027721
0.027735
0.027748
0.027761
0.027774
0.026993
0.027225
0.027242
0.027256
0.027270
0.027283
0.027296
0.027309
0.027322
0.027335
0.027348
0.029438
0.029670
0.029687
0.029702
0.029715
0.029729
0.029742
0.029755
0.029769
0.029782
0.029795
0.051178
0.051410
0.051428
0.051442
0.051455
0.051468
0.051481
0.051494
0.051507
0.051520
0.051533
0.027039
0.027288
0.027316
0.027331
0.027344
0.027358
0.027372
0.027385
0.027399
0.027419
0.027436
0.026454
0.026682
0.026700
0.026714
0.026727
0.026740
0.026753
0.026766
0.026779
0.026792
0.026805
0.026345
0.026578
0.026596
0.026610
0.026624
0.026638
0.026651
0.026664
0.026678
0.026690
0.026704
0.026096
0.026325
0.026342
0.026357
0.026370
0.026384
0.026397
0.026409
0.026423
0.026436
0.026448
0.025716
0.025947
0.025964
0.025979
0.025993
0.026006
0.026020
0.026033
0.026046
0.026059
0.026072
0.026016
0.026235
0.026262
0.026276
0.026289
0.026302
0.026315
0.026329
0.026342
0.026355
0.026367
0.026459
0.026686
0.026704
0.026718
0.026732
0.026746
0.026760
0.026773
0.026786
0.026799
0.026812
0.025247
0.025478
0.025495
0.025510
0.025523
0.025537
0.025550
0.025563
0.025577
0.025590
0.025603
0.025326
0.025558
0.025575
0.025590
0.025604
0.025617
0.025630
0.025644
0.025656
0.025669
0.025682
0.048190
0.048418
0.048436
0.048450
0.048463
0.048476
0.048490
0.048503
0.048516
0.048529
0.048542
0.025419
0.025661
0.025682
0.025696
0.025719
0.025735
0.025753
0.025769
0.025785
0.025800
0.025816
0.025849
0.026082
0.026103
0.026119
0.026134
0.026150
0.026165
0.026181
0.026196
0.026212
0.026226
0.025318
0.025552
0.025572
0.025589
0.025606
0.025622
0.025638
0.025654
0.025670
0.025685
0.025701
0.024636
0.024861
0.024879
0.024906
0.024923
0.024938
0.024954
0.024969
0.024985
0.025000
0.025016
0.025024
0.025263
0.025283
0.025300
0.025316
0.025332
0.025348
0.025364
0.025379
0.025395
0.025410
0.024638
0.024861
0.024891
0.024909
0.024926
0.024943
0.024959
0.024974
0.024990
0.025006
0.025022
0.024799
0.025030
0.025051
0.025067
0.025085
0.025099
0.025113
0.025126
0.025141
0.025155
0.025168
0.025242
0.025465
0.025492
0.025506
0.025520
0.025533
0.025547
0.025563
0.025581
0.025597
0.025613
0.025332
0.025572
0.025593
0.025609
0.025625
0.025642
0.025658
0.025674
0.025690
0.025706
0.025721
0.048000
0.048229
0.048249
0.048266
0.048282
0.048298
0.048313
0.048329
0.048346
0.048362
0.048378
0.026115
0.026353
0.026374
0.026391
0.026408
0.026425
0.026441
0.026458
0.026474
0.026489
0.026505
0.026198
0.026424
0.026441
0.026455
0.026469
0.026482
0.026496
0.026510
0.026523
0.026536
0.026549
0.026458
0.026688
0.026706
0.026720
0.026734
0.026747
0.026760
0.026773
0.026787
0.026799
0.026812
0.026087
0.026319
0.026335
0.026350
0.026363
0.026376
0.026390
0.026403
0.026416
0.026429
0.026442
0.026453
0.026683
0.026700
0.026714
0.026727
0.026741
0.026753
0.026767
0.026780
0.026793
0.026806
0.027415
0.027645
0.027662
0.027677
0.027691
0.027704
0.027717
0.027730
0.027744
0.027757
0.027770
0.026145
0.026373
0.026391
0.026405
0.026419
0.026432
0.026445
0.026458
0.026472
0.026485
0.026498
0.026563
0.026785
0.026811
0.026826
0.026839
0.026853
0.026866
0.026879
0.026892
0.026905
0.026917
0.028168
0.028398
0.028416
0.028430
0.028444
0.028458
0.028471
0.028485
0.028498
0.028511
0.028524
0.050845
0.051060
0.051086
0.051101
0.051115
0.051128
0.051141
0.051154
0.051167
0.051180
0.051193
0.029264
0.029492
0.029509
0.029523
0.029537
0.029551
0.029564
0.029578
0.029591
0.029604
0.029617
0.027632
0.027860
0.027878
0.027892
0.027905
0.027919
0.027932
0.027945
0.027958
0.027971
0.027984
0.028203
0.028433
0.028452
0.028466
0.028480
0.028494
0.028507
0.028521
0.028534
0.028547
0.028560
0.028657
0.028890
0.028908
0.028922
0.028936
0.028949
0.028962
0.028975
0.028989
0.029001
0.029014
0.027564
0.027791
0.027809
0.027823
0.027837
0.027850
0.027863
0.027876
0.027889
0.027902
0.027915
0.026297
0.026531
0.026548
0.026562
0.026575
0.026588
0.026602
0.026614
0.026627
0.026640
0.026653
0.025559
0.025789
0.025806
0.025821
0.025834
0.025848
0.025861
0.025874
0.025887
0.025900
0.025914
0.024244
0.024473
0.024491
0.024505
0.024518
0.024535
0.024557
0.024575
0.024591
0.024606
0.024622
0.024278
0.024514
0.024534
0.024551
0.024566
0.024582
0.024598
0.024614
0.024629
0.024646
0.024661
0.049083
0.049312
0.049334
0.049351
0.049367
0.049383
0.049399
0.049414
0.049430
0.049445
0.049460
0.024212
0.024454
0.024475
0.024493
0.024510
0.024526
0.024543
0.024557
0.024571
0.024585
0.024598
0.023394
0.023624
0.023644
0.023662
0.023679
0.023695
0.023710
0.023726
0.023741
0.023757
0.023772
0.023458
0.023691
0.023711
0.023728
0.023745
0.023761
0.023777
0.023792
0.023808
0.023823
0.023839
0.023490
0.023725
0.023746
0.023763
0.023779
0.023795
0.023811
0.023826
0.023841
0.023856
0.023872
0.023566
0.023804
0.023826
0.023844
0.023862
0.023879
0.023896
0.023911
0.023927
0.023943
0.023959
0.023422
0.023647
0.023677
0.023694
0.023711
0.023728
0.023744
0.023760
0.023776
0.023792
0.023807
0.023786
0.024021
0.024044
0.024060
0.024078
0.024095
0.024110
0.024126
0.024142
0.024158
0.024173
0.023486
0.023721
0.023740
0.023757
0.023773
0.023790
0.023806
0.023822
0.023837
0.023853
0.023868
0.023376
0.023610
0.023631
0.023648
0.023668
0.023685
0.023700
0.023716
0.023733
0.023749
0.023764
0.046971
0.047190
0.047220
0.047238
0.047253
0.047269
0.047284
0.047300
0.047315
0.047331
0.047346
0.023447
0.023675
0.023696
0.023714
0.023731
0.023748
0.023762
0.023775
0.023789
0.023802
0.023817
0.023549
0.023778
0.023796
0.023810
0.023824
0.023838
0.023851
0.023867
0.023885
0.023901
0.023916
0.023964
0.024201
0.024221
0.024239
0.024255
0.024271
0.024289
0.024305
0.024321
0.024336
0.024352
0.024797
0.025020
0.025047
0.025062
0.025075
0.025089
0.025102
0.025115
0.025128
0.025141
0.025154
0.024848
0.025078
0.025096
0.025110
0.025124
0.025137
0.025151
0.025164
0.025177
0.025190
0.025203
0.024954
0.025183
0.025206
0.025221
0.025234
0.025248
0.025261
0.025274
0.025287
0.025300
0.025313
0.024790
0.025019
0.025036
0.025050
0.025064
0.025077
0.025090
0.025103
0.025116
0.025129
0.025142
0.024830
0.025058
0.025075
0.025090
0.025103
0.025116
0.025129
0.025142
0.025155
0.025169
0.025182
0.023901
0.024130
0.024148
0.024162
0.024176
0.024189
0.024203
0.024216
0.024229
0.024242
0.024255
0.045990
0.046206
0.046231
0.046246
0.046259
0.046273
0.046286
0.046299
0.046313
0.046326
0.046339
0.024167
0.024382
0.024410
0.024424
0.024437
0.024450
0.024464
0.024477
0.024490
0.024503
0.024515
0.023258
0.023490
0.023507
0.023522
0.023535
0.023548
0.023561
0.023575
0.023588
0.023601
0.023614
0.022933
0.023159
0.023185
0.023200
0.023213
0.023227
0.023240
0.023253
0.023266
0.023278
0.023291
0.022892
0.023122
0.023139
0.023154
0.023167
0.023181
0.023194
0.023207
0.023221
0.023233
0.023246
0.022869
0.023108
0.023127
0.023141
0.023154
0.023168
0.023181
0.023194
0.023207
0.023220
0.023233
0.022899
0.023131
0.023148
0.023163
0.023176
0.023190
0.023204
0.023217
0.023230
0.023243
0.023256
0.023313
0.023546
0.023578
0.023602
0.023637
0.023662
0.023686
0.023710
0.023733
0.023758
0.023781
0.024017
0.024285
0.024324
0.024350
0.024373
0.024405
0.024429
0.024454
0.024479
0.024502
0.024527
0.023409
0.023640
0.023658
0.023672
0.023686
0.023699
0.023712
0.023725
0.023738
0.023751
0.023764
0.046576
0.046799
0.046816
0.046830
0.046844
0.046857
0.046870
0.046883
0.046896
0.046909
0.046922
0.022760
0.022994
0.023011
0.023026
0.023040
0.023053
0.023066
0.023080
0.023093
0.023106
0.023119
0.022570
0.022799
0.022817
0.022831
0.022845
0.022858
0.022871
0.022885
0.022907
0.022921
0.022934
0.022651
0.022881
0.022898
0.022912
0.022926
0.022939
0.022952
0.022965
0.022978
0.022990
0.023003
0.024207
0.024444
0.024462
0.024477
0.024490
0.024503
0.024517
0.024530
0.024543
0.024556
0.024569
0.024258
0.024492
0.024510
0.024525
0.024539
0.024553
0.024566
0.024579
0.024592
0.024606
0.024618
0.023811
0.024041
0.024059
0.024073
0.024086
0.024100
0.024113
0.024126
0.024139
0.024152
0.024165
0.023804
0.024035
0.024052
0.024066
0.024080
0.024093
0.024107
0.024120
0.024133
0.024146
0.024159
0.024552
0.024782
0.024799
0.024813
0.024827
0.024840
0.024853
0.024866
0.024879
0.024891
0.024904
0.023548
0.023779
0.023796
0.023811
0.023824
0.023837
0.023850
0.023864
0.023876
0.023890
0.023903
0.047844
0.048061
0.048088
0.048102
0.048115
0.048129
0.048142
0.048155
0.048168
0.048181
0.048193
0.024752
0.024990
0.025007
0.025022
0.025035
0.025048
0.025062
0.025075
0.025089
0.025102
0.025116
0.024525
0.024756
0.024774
0.024788
0.024802
0.024815
0.024829
0.024842
0.024855
0.024868
0.024881
0.025270
0.025489
0.025507
0.025521
0.025544
0.025557
0.025571
0.025585
0.025598
0.025611
0.025625
0.025002
0.025235
0.025252
0.025266
0.025280
0.025293
0.025306
0.025320
0.025333
0.025346
0.025359
0.024724
0.024951
0.024969
0.024984
0.024997
0.025011
0.025024
0.025038
0.025052
0.025065
0.025079
0.024418
0.024651
0.024669
0.024683
0.024697
0.024710
0.024723
0.024736
0.024750
0.024763
0.024776
0.024018
0.024246
0.024264
0.024278
0.024292
0.024306
0.024320
0.024333
0.024346
0.024359
0.024372
0.023457
0.023706
0.023724
0.023739
0.023752
0.023766
0.023778
0.023792
0.023805
0.023817
0.023830
0.023506
0.023738
0.023755
0.023769
0.023784
0.023798
0.023811
0.023824
0.023837
0.023850
0.023863
0.046148
0.046376
0.046393
0.046407
0.046421
0.046434
0.046448
0.046460
0.046474
0.046486
0.046499
0.025302
0.025537
0.025555
0.025570
0.025584
0.025601
0.025618
0.025635
0.025652
0.025668
0.025684
0.028111
0.028343
0.028364
0.028382
0.028399
0.028417
0.028433
0.028448
0.028464
0.028479
0.028495
0.028837
0.029071
0.029092
0.029109
0.029125
0.029141
0.029157
0.029174
0.029189
0.029205
0.029220
0.028606
0.028845
0.028865
0.028882
0.028897
0.028913
0.028929
0.028945
0.028961
0.028977
0.028993
0.028141
0.028370
0.028389
0.028414
0.028431
0.028447
0.028463
0.028479
0.028494
0.028510
0.028525
0.027826
0.028052
0.028072
0.028098
0.028114
0.028130
0.028146
0.028161
0.028177
0.028192
0.028208
0.028193
0.028435
0.028455
0.028474
0.028490
0.028507
0.028524
0.028540
0.028556
0.028573
0.028589
0.028060
0.028295
0.028314
0.028331
0.028347
0.028364
0.028380
0.028396
0.028412
0.028428
0.028445
0.027409
0.027645
0.027665
0.027682
0.027698
0.027714
0.027730
0.027745
0.027761
0.027776
0.027792
0.049846
0.050066
0.050096
0.050113
0.050130
0.050147
0.050162
0.050178
0.050194
0.050209
0.050225
0.028297
0.028530
0.028552
0.028569
0.028585
0.028601
0.028617
0.028633
0.028648
0.028664
0.028679
0.027754
0.027987
0.028015
0.028038
0.028055
0.028072
0.028088
0.028104
0.028121
0.028136
0.028152
0.026628
0.026864
0.026884
0.026900
0.026916
0.026933
0.026949
0.026963
0.026976
0.026991
0.027004
0.026707
0.026940
0.026958
0.026973
0.026986
0.027003
0.027016
0.027030
0.027044
0.027057
0.027070
0.026873
0.027132
0.027150
0.027165
0.027182
0.027196
0.027211
0.027225
0.027241
0.027254
0.027269
0.026821
0.027051
0.027068
0.027083
0.027097
0.027110
0.027123
0.027137
0.027150
0.027163
0.027176
0.027211
0.027447
0.027464
0.027478
0.027492
0.027506
0.027519
0.027533
0.027545
0.027559
0.027571
0.027727
0.027965
0.027983
0.028005
0.028020
0.028036
0.028053
0.028068
0.028084
0.028099
0.028114
0.028134
0.028357
0.028386
0.028403
0.028419
0.028435
0.028451
0.028467
0.028482
0.028498
0.028514
0.052468
0.052702
0.052722
0.052740
0.052756
0.052772
0.052788
0.052803
0.052818
0.052834
0.052850
0.029309
0.029540
0.029560
0.029576
0.029593
0.029609
0.029625
0.029641
0.029657
0.029672
0.029692
0.028606
0.028840
0.028860
0.028878
0.028894
0.028910
0.028927
0.028943
0.028958
0.028974
0.028997
0.029073
0.029296
0.029316
0.029342
0.029359
0.029376
0.029392
0.029408
0.029424
0.029439
0.029455
0.027035
0.027266
0.027286
0.027303
0.027320
0.027336
0.027352
0.027367
0.027383
0.027398
0.027414
0.025008
0.025242
0.025263
0.025279
0.025295
0.025311
0.025327
0.025343
0.025359
0.025374
0.025390
0.025695
0.025921
0.025939
0.025953
0.025976
0.025990
0.026003
0.026016
0.026029
0.026042
0.026055
0.023588
0.023825
0.023842
0.023856
0.023870
0.023884
0.023896
0.023910
0.023923
0.023936
0.023949
0.024159
0.024388
0.024405
0.024420
0.024433
0.024446
0.024459
0.024472
0.024486
0.024499
0.024511
0.023678
0.023912
0.023931
0.023945
0.023959
0.023975
0.023988
0.024002
0.024014
0.024027
0.024041
0.046044
0.046269
0.046286
0.046300
0.046314
0.046327
0.046341
0.046354
0.046367
0.046380
0.046393
0.023963
0.024180
0.024198
0.024212
0.024235
0.024248
0.024262
0.024275
0.024289
0.024303
0.024316
0.023620
0.023848
0.023866
0.023880
0.023894
0.023907
0.023920
0.023933
0.023946
0.023959
0.023972
0.024935
0.025149
0.025175
0.025190
0.025204
0.025217
0.025236
0.025253
0.025268
0.025285
0.025301
0.027073
0.027299
0.027318
0.027348
0.027365
0.027380
0.027396
0.027412
0.027427
0.027443
0.027458
0.029153
0.029380
0.029399
0.029425
0.029442
0.029458
0.029474
0.029490
0.029506
0.029522
0.029538
0.028369
0.028591
0.028620
0.028637
0.028654
0.028669
0.028685
0.028700
0.028716
0.028731
0.028747
0.027922
0.028152
0.028172
0.028190
0.028207
0.028223
0.028239
0.028256
0.028272
0.028287
0.028303
0.027476
0.027702
0.027719
0.027735
0.027748
0.027761
0.027774
0.027787
0.027800
0.027813
0.027831
0.029194
0.029425
0.029443
0.029457
0.029470
0.029484
0.029498
0.029511
0.029525
0.029538
0.029550
0.050086
0.050318
0.050336
0.050350
0.050364
0.050377
0.050390
0.050404
0.050417
0.050430
0.050443
0.027420
0.027640
0.027667
0.027681
0.027695
0.027709
0.027723
0.027736
0.027749
0.027762
0.027775
0.027321
0.027551
0.027568
0.027583
0.027597
0.027610
0.027623
0.027636
0.027649
0.027662
0.027675
0.026309
0.026536
0.026554
0.026569
0.026583
0.026596
0.026609
0.026623
0.026635
0.026649
0.026661
0.026429
0.026665
0.026682
0.026696
0.026710
0.026724
0.026737
0.026750
0.026763
0.026776
0.026789
0.026568
0.026805
0.026823
0.026838
0.026851
0.026865
0.026878
0.026891
0.026905
0.026918
0.026931
0.027273
0.027506
0.027523
0.027537
0.027551
0.027564
0.027577
0.027591
0.027604
0.027616
0.027629
0.028560
0.028785
0.028802
0.028816
0.028839
0.028852
0.028866
0.028879
0.028892
0.028905
0.028918
0.027212
0.027443
0.027461
0.027475
0.027489
0.027502
0.027515
0.027528
0.027541
0.027554
0.027567
0.027185
0.027416
0.027434
0.027448
0.027462
0.027475
0.027489
0.027502
0.027515
0.027528
0.027541
0.048701
0.048922
0.048949
0.048963
0.048977
0.048990
0.049004
0.049017
0.049030
0.049043
0.049056
0.026891
0.027124
0.027142
0.027156
0.027171
0.027184
0.027198
0.027211
0.027225
0.027237
0.027251
0.027419
0.027649
0.027666
0.027680
0.027693
0.027707
0.027720
0.027733
0.027745
0.027758
0.027772
0.026748
0.026980
0.026997
0.027011
0.027025
0.027038
0.027057
0.027071
0.027085
0.027097
0.027111
0.026926
0.027153
0.027169
0.027183
0.027196
0.027210
0.027223
0.027236
0.027250
0.027263
0.027276
0.026378
0.026604
0.026621
0.026636
0.026649
0.026662
0.026675
0.026688
0.026701
0.026714
0.026727
0.026685
0.026916
0.026933
0.026946
0.026960
0.026973
0.026986
0.027000
0.027014
0.027027
0.027040
0.026377
0.026610
0.026627
0.026641
0.026655
0.026669
0.026682
0.026695
0.026708
0.026721
0.026734
0.026053
0.026283
0.026300
0.026314
0.026327
0.026341
0.026354
0.026368
0.026381
0.026394
0.026407
0.027595
0.027822
0.027839
0.027854
0.027868
0.027881
0.027895
0.027908
0.027921
0.027934
0.027949
0.050613
0.050834
0.050850
0.050864
0.050887
0.050900
0.050914
0.050927
0.050940
0.050953
0.050966
0.028368
0.028596
0.028614
0.028628
0.028642
0.028655
0.028668
0.028681
0.028695
0.028707
0.028720
0.027653
0.027886
0.027903
0.027918
0.027931
0.027945
0.027958
0.027971
0.027984
0.027997
0.028010
0.027633
0.027856
0.027882
0.027896
0.027910
0.027923
0.027936
0.027949
0.027962
0.027975
0.027987
0.027200
0.027425
0.027451
0.027465
0.027479
0.027492
0.027507
0.027525
0.027542
0.027557
0.027573
0.035083
0.035348
0.035368
0.035394
0.035413
0.035438
0.035456
0.035474
0.035492
0.035509
0.035527
0.031152
0.031373
0.031399
0.031414
0.031427
0.031441
0.031454
0.031467
0.031480
0.031493
0.031510
0.027223
0.027481
0.027502
0.027521
0.027537
0.027554
0.027570
0.027586
0.027602
0.027617
0.027633
0.026550
0.026785
0.026807
0.026824
0.026840
0.026855
0.026871
0.026887
0.026902
0.026918
0.026933
0.028020
0.028252
0.028273
0.028291
0.028307
0.028323
0.028338
0.028354
0.028371
0.028387
0.028403
0.050446
0.050668
0.050689
0.050715
0.050731
0.050747
0.050763
0.050778
0.050793
0.050809
0.050824
0.029552
0.029776
0.029803
0.029818
0.029831
0.029845
0.029858
0.029871
0.029885
0.029898
0.029911
0.028102
0.028335
0.028352
0.028366
0.028380
0.028393
0.028406
0.028419
0.028432
0.028445
0.028458
0.031217
0.031450
0.031467
0.031482
0.031495
0.031508
0.031522
0.031535
0.031548
0.031561
0.031575
0.027132
0.027363
0.027380
0.027395
0.027408
0.027421
0.027435
0.027448
0.027461
0.027474
0.027487
0.028602
0.028819
0.028845
0.028860
0.028874
0.028887
0.028900
0.028913
0.028927
0.028940
0.028954
0.028488
0.028751
0.028769
0.028783
0.028797
0.028811
0.028824
0.028837
0.028851
0.028863
0.028877
0.032255
0.032487
0.032504
0.032519
0.032532
0.032546
0.032559
0.032573
0.032586
0.032599
0.032613
0.027850
0.028070
0.028097
0.028111
0.028125
0.028138
0.028151
0.028164
0.028177
0.028190
0.028203
0.029080
0.029299
0.029326
0.029340
0.029354
0.029367
0.029381
0.029395
0.029408
0.029421
0.029435
0.048973
0.049203
0.049220
0.049235
0.049248
0.049261
0.049274
0.049287
0.049300
0.049313
0.049326
0.027156
0.027389
0.027406
0.027420
0.027434
0.027448
0.027462
0.027475
0.027488
0.027501
0.027514
0.026338
0.026566
0.026584
0.026598
0.026612
0.026625
0.026639
0.026651
0.026664
0.026677
0.026690
0.025981
0.026213
0.026230
0.026245
0.026259
0.026273
0.026286
0.026299
0.026312
0.026325
0.026338
0.026049
0.026285
0.026302
0.026316
0.026329
0.026342
0.026355
0.026368
0.026381
0.026393
0.026412
0.026567
0.026799
0.026816
0.026831
0.026845
0.026858
0.026872
0.026885
0.026898
0.026911
0.026923
0.025450
0.025675
0.025692
0.025707
0.025720
0.025734
0.025747
0.025760
0.025773
0.025786
0.025800
0.026345
0.026573
0.026590
0.026604
0.026618
0.026632
0.026645
0.026659
0.026672
0.026685
0.026698
0.025776
0.026011
0.026029
0.026043
0.026056
0.026069
0.026083
0.026096
0.026109
0.026121
0.026134
0.026517
0.026749
0.026767
0.026781
0.026794
0.026808
0.026821
0.026835
0.026848
0.026861
0.026875
0.047385
0.047621
0.047645
0.047670
0.047693
0.047717
0.047740
0.047765
0.047789
0.047812
0.047836
0.027068
0.027319
0.027349
0.027367
0.027385
0.027402
0.027420
0.027437
0.027454
0.027472
0.027488
0.025455
0.025688
0.025705
0.025720
0.025733
0.025747
0.025759
0.025773
0.025785
0.025798
0.025811
0.025950
0.026176
0.026194
0.026208
0.026222
0.026236
0.026249
0.026262
0.026275
0.026288
0.026300
0.025344
0.025582
0.025609
0.025624
0.025638
0.025651
0.025664
0.025677
0.025690
0.025703
0.025716
0.025549
0.025775
0.025792
0.025807
0.025820
0.025834
0.025847
0.025861
0.025874
0.025887
0.025900
0.025529
0.025756
0.025774
0.025788
0.025802
0.025815
0.025828
0.025841
0.025854
0.025867
0.025881
0.028888
0.029149
0.029171
0.029189
0.029206
0.029224
0.029241
0.029258
0.029275
0.029292
0.029310
0.025401
0.025636
0.025653
0.025667
0.025681
0.025694
0.025707
0.025720
0.025734
0.025747
0.025760
0.025421
0.025669
0.025698
0.025716
0.025734
0.025751
0.025770
0.025786
0.025801
0.025816
0.025832
0.050446
0.050677
0.050694
0.050708
0.050722
0.050740
0.050754
0.050768
0.050781
0.050794
0.050807
0.026563
0.026782
0.026809
0.026824
0.026837
0.026851
0.026864
0.026877
0.026890
0.026903
0.026917
0.026029
0.026260
0.026277
0.026291
0.026305
0.026318
0.026332
0.026345
0.026358
0.026371
0.026385
0.026147
0.026376
0.026393
0.026408
0.026422
0.026435
0.026448
0.026461
0.026474
0.026488
0.026501
0.025348
0.025577
0.025594
0.025609
0.025623
0.025637
0.025650
0.025663
0.025676
0.025689
0.025702
0.025624
0.025852
0.025869
0.025883
0.025897
0.025910
0.025923
0.025937
0.025949
0.025962
0.025975
0.025288
0.025516
0.025532
0.025547
0.025560
0.025574
0.025587
0.025600
0.025613
0.025626
0.025639
0.025610
0.025848
0.025866
0.025881
0.025894
0.025908
0.025921
0.025934
0.025947
0.025960
0.025974
0.025499
0.025732
0.025749
0.025764
0.025778
0.025791
0.025804
0.025818
0.025831
0.025844
0.025857
0.024913
0.025148
0.025167
0.025181
0.025194
0.025208
0.025221
0.025234
0.025248
0.025261
0.025274
0.049260
0.049490
0.049507
0.049522
0.049536
0.049549
0.049562
0.049575
0.049588
0.049601
0.049614
0.028811
0.029042
0.029059
0.029073
0.029088
0.029101
0.029115
0.029128
0.029141
0.029155
0.029169
0.025979
0.026205
0.026223
0.026237
0.026251
0.026264
0.026277
0.026290
0.026304
0.026317
0.026330
0.028267
0.028529
0.028551
0.028569
0.028587
0.028604
0.028621
0.028639
0.028656
0.028673
0.028691
0.025844
0.026078
0.026096
0.026110
0.026123
0.026137
0.026150
0.026163
0.026176
0.026189
0.026202
0.026059
0.026289
0.026306
0.026320
0.026334
0.026348
0.026361
0.026374
0.026387
0.026401
0.026414
0.024781
0.025001
0.025027
0.025041
0.025055
0.025068
0.025081
0.025094
0.025107
0.025120
0.025132
0.024895
0.025130
0.025147
0.025162
0.025176
0.025190
0.025203
0.025217
0.025230
0.025244
0.025257
0.025156
0.025388
0.025405
0.025419
0.025433
0.025446
0.025460
0.025473
0.025486
0.025499
0.025512
0.026884
0.027132
0.027161
0.027179
0.027197
0.027214
0.027231
0.027249
0.027267
0.027285
0.027302
0.055153
0.055387
0.055404
0.055418
0.055432
0.055451
0.055465
0.055478
0.055490
0.055503
0.055516
0.026477
0.026712
0.026730
0.026745
0.026758
0.026772
0.026786
0.026799
0.026812
0.026825
0.026839
0.027001
0.027238
0.027255
0.027270
0.027284
0.027297
0.027310
0.027324
0.027337
0.027350
0.027363
0.026023
0.026259
0.026276
0.026291
0.026305
0.026319
0.026332
0.026346
0.026359
0.026372
0.026386
0.025371
0.025593
0.025620
0.025634
0.025648
0.025661
0.025674
0.025687
0.025700
0.025713
0.025728
0.025891
0.026132
0.026152
0.026169
0.026186
0.026202
0.026218
0.026234
0.026249
0.026265
0.026280
0.026291
0.026528
0.026547
0.026563
0.026581
0.026595
0.026622
0.026640
0.026654
0.026667
0.026680
0.025430
0.025666
0.025683
0.025698
0.025712
0.025728
0.025745
0.025762
0.025777
0.025793
0.025808
0.025853
0.026094
0.026114
0.026131
0.026148
0.026164
0.026180
0.026196
0.026211
0.026226
0.026242
0.025409
0.025646
0.025665
0.025679
0.025693
0.025706
0.025720
0.025733
0.025746
0.025759
0.025773
0.049639
0.049873
0.049891
0.049905
0.049919
0.049932
0.049945
0.049959
0.049972
0.049984
0.049997
0.025518
0.025749
0.025768
0.025782
0.025796
0.025810
0.025823
0.025836
0.025849
0.025862
0.025875
0.025078
0.025312
0.025330
0.025344
0.025357
0.025370
0.025386
0.025400
0.025413
0.025426
0.025439
0.025813
0.026049
0.026067
0.026082
0.026095
0.026109
0.026122
0.026136
0.026149
0.026162
0.026175
0.026320
0.026552
0.026569
0.026584
0.026597
0.026610
0.026624
0.026637
0.026649
0.026662
0.026675
0.026053
0.026283
0.026300
0.026315
0.026329
0.026342
0.026355
0.026369
0.026382
0.026395
0.026409
0.025158
0.025406
0.025439
0.025458
0.025472
0.025486
0.025498
0.025511
0.025524
0.025537
0.025551
0.025573
0.025805
0.025823
0.025838
0.025851
0.025864
0.025877
0.025891
0.025904
0.025918
0.025931
0.025606
0.025841
0.025859
0.025873
0.025887
0.025900
0.025913
0.025926
0.025939
0.025953
0.025966
0.025665
0.025901
0.025918
0.025933
0.025946
0.025960
0.025973
0.025986
0.026000
0.026013
0.026026
0.047993
0.048227
0.048243
0.048258
0.048271
0.048284
0.048297
0.048311
0.048324
0.048337
0.048350
0.026104
0.026335
0.026352
0.026367
0.026381
0.026394
0.026407
0.026421
0.026434
0.026447
0.026460
0.025767
0.026001
0.026017
0.026032
0.026046
0.026059
0.026073
0.026086
0.026099
0.026113
0.026126
0.025832
0.026062
0.026079
0.026094
0.026107
0.026121
0.026134
0.026147
0.026160
0.026173
0.026186
0.025673
0.025905
0.025923
0.025938
0.025952
0.025965
0.025979
0.025992
0.026005
0.026018
0.026031
0.025451
0.025681
0.025699
0.025713
0.025727
0.025740
0.025753
0.025766
0.025779
0.025792
0.025805
0.025428
0.025659
0.025676
0.025691
0.025705
0.025718
0.025732
0.025745
0.025758
0.025772
0.025785
0.025293
0.025524
0.025542
0.025557
0.025571
0.025584
0.025598
0.025611
0.025624
0.025637
0.025651
0.024933
0.025152
0.025178
0.025193
0.025207
0.025221
0.025234
0.025247
0.025260
0.025273
0.025286
0.025277
0.025517
0.025535
0.025549
0.025563
0.025576
0.025589
0.025603
0.025616
0.025629
0.025642
0.047788
0.048011
0.048038
0.048053
0.048067
0.048080
0.048094
0.048107
0.048121
0.048134
0.048148
0.026084
0.026322
0.026340
0.026354
0.026367
0.026381
0.026394
0.026407
0.026421
0.026433
0.026447
0.026679
0.026907
0.026934
0.026948
0.026962
0.026975
0.026989
0.027003
0.027016
0.027029
0.027041
0.026752
0.026983
0.027000
0.027015
0.027029
0.027042
0.027056
0.027069
0.027082
0.027096
0.027109
0.025869
0.026090
0.026116
0.026130
0.026149
0.026163
0.026176
0.026190
0.026203
0.026216
0.026229
0.025304
0.025535
0.025552
0.025567
0.025581
0.025594
0.025608
0.025621
0.025634
0.025648
0.025661
0.025165
0.025385
0.025412
0.025426
0.025440
0.025454
0.025467
0.025480
0.025493
0.025506
0.025519
0.025438
0.025673
0.025690
0.025704
0.025718
0.025731
0.025744
0.025758
0.025770
0.025783
0.025797
0.025599
0.025839
0.025856
0.025871
0.025885
0.025898
0.025910
0.025923
0.025936
0.025949
0.025962
0.026531
0.026762
0.026779
0.026793
0.026807
0.026821
0.026834
0.026847
0.026861
0.026875
0.026888
0.048730
0.048968
0.048995
0.049010
0.049024
0.049037
0.049050
0.049063
0.049077
0.049089
0.049102
0.025496
0.025718
0.025745
0.025759
0.025773
0.025786
0.025799
0.025813
0.025826
0.025839
0.025853
0.025976
0.026205
0.026222
0.026236
0.026250
0.026263
0.026276
0.026289
0.026302
0.026314
0.026327
0.026057
0.026284
0.026301
0.026316
0.026330
0.026343
0.026357
0.026371
0.026384
0.026397
0.026410
0.025020
0.025247
0.025266
0.025280
0.025294
0.025307
0.025321
0.025333
0.025347
0.025360
0.025373
0.025711
0.025941
0.025959
0.025973
0.025987
0.026000
0.026014
0.026028
0.026041
0.026054
0.026067
0.025321
0.025573
0.025602
0.025630
0.025655
0.025681
0.025704
0.025728
0.025752
0.025775
0.025799
0.025714
0.025957
0.025986
0.026013
0.026039
0.026064
0.026090
0.026114
0.026137
0.026162
0.026186
0.025124
0.025366
0.025396
0.025423
0.025447
0.025472
0.025495
0.025520
0.025544
0.025567
0.025591
0.025490
0.025727
0.025764
0.025790
0.025814
0.025838
0.025862
0.025886
0.025909
0.025933
0.025957
0.049714
0.049950
0.049983
0.050008
0.050034
0.050058
0.050081
0.050105
0.050129
0.050153
0.050175
0.027437
0.027675
0.027693
0.027707
0.027721
0.027735
0.027748
0.027761
0.027774
0.027787
0.027800
0.026170
0.026404
0.026422
0.026436
0.026450
0.026463
0.026477
0.026490
0.026503
0.026516
0.026529
0.026220
0.026452
0.026470
0.026485
0.026499
0.026512
0.026526
0.026539
0.026552
0.026565
0.026578
0.026075
0.026312
0.026330
0.026344
0.026358
0.026371
0.026385
0.026398
0.026411
0.026424
0.026437
0.026333
0.026564
0.026582
0.026597
0.026610
0.026623
0.026637
0.026650
0.026663
0.026684
0.026697
0.025926
0.026160
0.026178
0.026192
0.026206
0.026220
0.026233
0.026246
0.026259
0.026273
0.026286
0.026046
0.026280
0.026299
0.026313
0.026327
0.026341
0.026354
0.026367
0.026381
0.026394
0.026407
0.025594
0.025827
0.025844
0.025858
0.025872
0.025885
0.025899
0.025912
0.025925
0.025938
0.025952
0.025120
0.025354
0.025371
0.025385
0.025398
0.025412
0.025425
0.025438
0.025451
0.025464
0.025477
0.048282
0.048520
0.048537
0.048552
0.048565
0.048578
0.048597
0.048611
0.048624
0.048637
0.048651
0.026984
0.027219
0.027236
0.027250
0.027264
0.027277
0.027291
0.027304
0.027317
0.027330
0.027344
0.026379
0.026612
0.026629
0.026644
0.026658
0.026671
0.026685
0.026698
0.026711
0.026725
0.026738
0.026234
0.026459
0.026486
0.026500
0.026514
0.026527
0.026541
0.026554
0.026567
0.026580
0.026593
0.025910
0.026145
0.026162
0.026177
0.026190
0.026204
0.026217
0.026230
0.026244
0.026257
0.026270
0.026034
0.026273
0.026291
0.026306
0.026320
0.026333
0.026346
0.026360
0.026373
0.026386
0.026399
0.025882
0.026109
0.026127
0.026141
0.026155
0.026168
0.026182
0.026196
0.026209
0.026222
0.026235
0.025869
0.026090
0.026118
0.026132
0.026146
0.026159
0.026172
0.026185
0.026198
0.026211
0.026224
0.024930
0.025171
0.025187
0.025202
0.025215
0.025229
0.025242
0.025255
0.025268
0.025281
0.025294
0.025066
0.025306
0.025324
0.025339
0.025353
0.025366
0.025379
0.025393
0.025406
0.025419
0.025432
0.053771
0.054000
0.054040
0.054068
0.054093
0.054118
0.054142
0.054166
0.054191
0.054215
0.054239
0.025806
0.026050
0.026078
0.026102
0.026127
0.026150
0.026174
0.026198
0.026221
0.026245
0.026269
0.026074
0.026317
0.026350
0.026375
0.026401
0.026425
0.026449
0.026473
0.026496
0.026519
0.026543
0.026479
0.026722
0.026755
0.026782
0.026808
0.026833
0.026858
0.026883
0.026907
0.026932
0.026955
0.026366
0.026611
0.026640
0.026668
0.026694
0.026719
0.026743
0.026768
0.026791
0.026815
0.026838
0.025675
0.025929
0.025959
0.025984
0.026009
0.026034
0.026059
0.026083
0.026108
0.026131
0.026155
0.025405
0.025642
0.025662
0.025678
0.025695
0.025712
0.025728
0.025743
0.025759
0.025775
0.025792
0.025379
0.025630
0.025653
0.025669
0.025683
0.025697
0.025710
0.025723
0.025737
0.025750
0.025766
0.025353
0.025583
0.025601
0.025615
0.025629
0.025642
0.025655
0.025668
0.025681
0.025694
0.025706
0.025386
0.025620
0.025638
0.025652
0.025666
0.025679
0.025692
0.025706
0.025719
0.025732
0.025746
0.048238
0.048469
0.048486
0.048501
0.048514
0.048528
0.048541
0.048554
0.048567
0.048580
0.048593
0.025680
0.025911
0.025929
0.025944
0.025957
0.025971
0.025984
0.025997
0.026011
0.026024
0.026037
0.026749
0.026982
0.026999
0.027014
0.027028
0.027041
0.027055
0.027068
0.027081
0.027094
0.027107
0.026129
0.026358
0.026375
0.026390
0.026404
0.026417
0.026430
0.026444
0.026458
0.026471
0.026484
0.025462
0.025692
0.025709
0.025723
0.025737
0.025750
0.025764
0.025777
0.025789
0.025803
0.025816
0.025380
0.025604
0.025630
0.025645
0.025659
0.025672
0.025685
0.025699
0.025712
0.025726
0.025739
0.025248
0.025484
0.025501
0.025515
0.025529
0.025542
0.025555
0.025568
0.025581
0.025594
0.025607
0.025713
0.025952
0.025970
0.025985
0.025999
0.026012
0.026026
0.026039
0.026052
0.026065
0.026078
0.025395
0.025623
0.025641
0.025655
0.025668
0.025682
0.025695
0.025708
0.025721
0.025734
0.025747
0.025315
0.025550
0.025568
0.025582
0.025596
0.025610
0.025623
0.025636
0.025649
0.025662
0.025675
0.048100
0.048333
0.048351
0.048365
0.048378
0.048392
0.048405
0.048418
0.048431
0.048444
0.048457
0.025740
0.025972
0.026005
0.026040
0.026066
0.026090
0.026114
0.026139
0.026162
0.026186
0.026210
0.026091
0.026330
0.026364
0.026390
0.026417
0.026440
0.026464
0.026488
0.026511
0.026535
0.026558
0.026550
0.026794
0.026823
0.026850
0.026877
0.026902
0.026927
0.026951
0.026976
0.027000
0.027024
0.025548
0.025791
0.025820
0.025847
0.025872
0.025898
0.025922
0.025946
0.025970
0.025994
0.026017
0.025440
0.025687
0.025715
0.025741
0.025769
0.025795
0.025820
0.025845
0.025869
0.025892
0.025916
0.025146
0.025391
0.025420
0.025447
0.025472
0.025497
0.025521
0.025545
0.025569
0.025593
0.025616
0.025255
0.025488
0.025525
0.025550
0.025575
0.025599
0.025624
0.025648
0.025672
0.025697
0.025720
0.025241
0.025488
0.025517
0.025546
0.025571
0.025597
0.025621
0.025646
0.025670
0.025693
0.025718
0.026455
0.026723
0.026758
0.026783
0.026809
0.026832
0.026857
0.026881
0.026904
0.026927
0.026951
0.050729
0.050970
0.050999
0.051025
0.051049
0.051073
0.051096
0.051120
0.051143
0.051167
0.051191
0.026134
0.026382
0.026415
0.026440
0.026466
0.026490
0.026515
0.026539
0.026562
0.026586
0.026611
0.026429
0.026671
0.026703
0.026730
0.026756
0.026780
0.026804
0.026828
0.026852
0.026876
0.026900
0.025905
0.026153
0.026184
0.026212
0.026236
0.026262
0.026287
0.026310
0.026334
0.026358
0.026382
0.025672
0.025916
0.025943
0.025968
0.025993
0.026018
0.026044
0.026069
0.026093
0.026116
0.026140
0.025909
0.026147
0.026186
0.026211
0.026241
0.026265
0.026289
0.026313
0.026337
0.026361
0.026385
0.025408
0.025654
0.025682
0.025708
0.025734
0.025759
0.025784
0.025809
0.025832
0.025856
0.025880
0.025615
0.025858
0.025886
0.025913
0.025938
0.025963
0.025987
0.026011
0.026035
0.026059
0.026083
0.026037
0.026281
0.026311
0.026338
0.026363
0.026389
0.026413
0.026438
0.026462
0.026485
0.026510
0.025927
0.026147
0.026174
0.026189
0.026203
0.026217
0.026230
0.026243
0.026257
0.026270
0.026283
0.049825
0.050057
0.050074
0.050088
0.050102
0.050115
0.050129
0.050142
0.050154
0.050168
0.050180
0.026548
0.026790
0.026807
0.026821
0.026835
0.026848
0.026861
0.026875
0.026888
0.026901
0.026914
0.026142
0.026377
0.026394
0.026409
0.026423
0.026436
0.026449
0.026463
0.026476
0.026489
0.026502
0.025999
0.026217
0.026233
0.026247
0.026270
0.026284
0.026297
0.026310
0.026323
0.026336
0.026349
0.026276
0.026515
0.026532
0.026546
0.026560
0.026573
0.026587
0.026600
0.026613
0.026626
0.026639
0.026462
0.026695
0.026713
0.026727
0.026741
0.026755
0.026768
0.026781
0.026794
0.026807
0.026820
0.025159
0.025393
0.025411
0.025425
0.025439
0.025452
0.025465
0.025479
0.025492
0.025505
0.025517
0.025293
0.025520
0.025548
0.025562
0.025576
0.025590
0.025603
0.025616
0.025629
0.025642
0.025655
0.025348
0.025584
0.025601
0.025616
0.025630
0.025643
0.025656
0.025669
0.025682
0.025695
0.025708
0.025688
0.025922
0.025939
0.025954
0.025967
0.025981
0.025994
0.026007
0.026020
0.026033
0.026047
0.047456
0.047688
0.047705
0.047720
0.047733
0.047746
0.047760
0.047773
0.047786
0.047798
0.047811
0.025648
0.025884
0.025902
0.025916
0.025929
0.025943
0.025956
0.025970
0.025983
0.025996
0.026016
0.032957
0.033220
0.033251
0.033270
0.033288
0.033307
0.033325
0.033343
0.033360
0.033378
0.033395
0.033049
0.033310
0.033341
0.033360
0.033378
0.033396
0.033414
0.033432
0.033449
0.033467
0.033485
0.034250
0.034514
0.034547
0.034567
0.034585
0.034603
0.034621
0.034639
0.034656
0.034674
0.034691
0.043510
0.043748
0.043766
0.043781
0.043795
0.043808
0.043822
0.043835
0.043849
0.043862
0.043875
0.026152
0.026373
0.026400
0.026414
0.026428
0.026441
0.026454
0.026468
0.026480
0.026493
0.026506
0.025369
0.025599
0.025616
0.025630
0.025644
0.025657
0.025671
0.025684
0.025697
0.025710
0.025723
0.026260
0.026497
0.026514
0.026529
0.026543
0.026556
0.026569
0.026582
0.026596
0.026609
0.026622
0.025678
0.025913
0.025930
0.025944
0.025959
0.025972
0.025985
0.025999
0.026012
0.026025
0.026038
0.048270
0.048498
0.048516
0.048530
0.048544
0.048558
0.048571
0.048584
0.048597
0.048610
0.048623
0.026490
0.026723
0.026741
0.026756
0.026771
0.026784
0.026798
0.026811
0.026824
0.026837
0.026850
0.026609
0.026845
0.026862
0.026876
0.026890
0.026903
0.026916
0.026928
0.026942
0.026954
0.026967
0.026196
0.026429
0.026447
0.026462
0.026476
0.026489
0.026502
0.026516
0.026529
0.026542
0.026555
0.025336
0.025571
0.025589
0.025603
0.025616
0.025630
0.025643
0.025656
0.025669
0.025682
0.025695
0.025503
0.025733
0.025750
0.025765
0.025779
0.025792
0.025805
0.025818
0.025831
0.025844
0.025857
0.025380
0.025601
0.025628
0.025643
0.025656
0.025670
0.025683
0.025696
0.025709
0.025722
0.025735
0.025680
0.025919
0.025940
0.025957
0.025974
0.025990
0.026006
0.026021
0.026037
0.026052
0.026068
0.026092
0.026330
0.026350
0.026369
0.026384
0.026400
0.026416
0.026432
0.026447
0.026463
0.026478
0.025730
0.025959
0.025979
0.025995
0.026022
0.026038
0.026054
0.026070
0.026085
0.026101
0.026116
0.048344
0.048571
0.048589
0.048603
0.048616
0.048629
0.048642
0.048656
0.048669
0.048681
0.048694
0.026114
0.026344
0.026361
0.026375
0.026389
0.026402
0.026416
0.026429
0.026442
0.026455
0.026468
0.025925
0.026153
0.026170
0.026185
0.026199
0.026212
0.026226
0.026239
0.026252
0.026266
0.026279
0.025722
0.025942
0.025969
0.025983
0.025997
0.026010
0.026024
0.026036
0.026050
0.026062
0.026076
0.025499
0.025732
0.025749
0.025764
0.025777
0.025790
0.025803
0.025816
0.025830
0.025843
0.025856
0.025384
0.025620
0.025638
0.025652
0.025666
0.025679
0.025692
0.025705
0.025718
0.025731
0.025744
0.025067
0.025300
0.025317
0.025332
0.025346
0.025360
0.025373
0.025386
0.025400
0.025413
0.025431
0.025744
0.025980
0.025998
0.026013
0.026027
0.026040
0.026054
0.026067
0.026080
0.026093
0.026106
0.025525
0.025750
0.025777
0.025791
0.025804
0.025817
0.025831
0.025845
0.025858
0.025871
0.025883
0.025472
0.025705
0.025723
0.025737
0.025751
0.025764
0.025778
0.025791
0.025804
0.025817
0.025830
0.047643
0.047873
0.047889
0.047904
0.047918
0.047931
0.047945
0.047958
0.047971
0.047984
0.047997
0.026461
0.026695
0.026713
0.026728
0.026742
0.026756
0.026769
0.026782
0.026795
0.026808
0.026821
0.025936
0.026178
0.026212
0.026236
0.026263
0.026286
0.026310
0.026334
0.026358
0.026382
0.026406
0.025905
0.026150
0.026179
0.026207
0.026232
0.026257
0.026281
0.026305
0.026329
0.026352
0.026376
0.025392
0.025641
0.025670
0.025702
0.025728
0.025754
0.025778
0.025803
0.025827
0.025851
0.025875
0.025714
0.025974
0.026014
0.026040
0.026066
0.026091
0.026115
0.026139
0.026163
0.026186
0.026210
0.025644
0.025887
0.025916
0.025941
0.025964
0.025991
0.026015
0.026038
0.026062
0.026086
0.026110
0.025478
0.025708
0.025726
0.025740
0.025754
0.025767
0.025780
0.025794
0.025807
0.025819
0.025832
0.025151
0.025388
0.025406
0.025420
0.025433
0.025447
0.025460
0.025473
0.025486
0.025499
0.025512
0.025424
0.025659
0.025676
0.025690
0.025707
0.025720
0.025733
0.025747
0.025760
0.025773
0.025785
0.048763
0.048989
0.049007
0.049021
0.049035
0.049048
0.049061
0.049074
0.049087
0.049100
0.049113
0.026278
0.026507
0.026525
0.026539
0.026553
0.026566
0.026580
0.026593
0.026607
0.026620
0.026633
0.026258
0.026500
0.026517
0.026531
0.026554
0.026567
0.026581
0.026594
0.026607
0.026620
0.026634
0.025811
0.026044
0.026061
0.026076
0.026089
0.026103
0.026116
0.026130
0.026143
0.026156
0.026170
0.025589
0.025808
0.025835
0.025849
0.025864
0.025877
0.025890
0.025904
0.025917
0.025930
0.025943
0.025782
0.026013
0.026030
0.026044
0.026058
0.026072
0.026085
0.026098
0.026112
0.026125
0.026138
0.025564
0.025796
0.025814
0.025828
0.025842
0.025855
0.025868
0.025881
0.025894
0.025907
0.025920
0.025664
0.025883
0.025910
0.025925
0.025939
0.025952
0.025965
0.025979
0.025993
0.026006
0.026019
0.025573
0.025804
0.025821
0.025836
0.025849
0.025862
0.025876
0.025889
0.025902
0.025915
0.025928
0.025835
0.026085
0.026120
0.026145
0.026168
0.026193
0.026217
0.026242
0.026265
0.026290
0.026314
0.048782
0.049025
0.049055
0.049084
0.049110
0.049136
0.049161
0.049187
0.049212
0.049235
0.049259
0.025628
0.025862
0.025888
0.025914
0.025937
0.025962
0.025986
0.026010
0.026035
0.026059
0.026084
0.026354
0.026592
0.026620
0.026645
0.026670
0.026695
0.026718
0.026743
0.026766
0.026791
0.026815
0.025752
0.025996
0.026026
0.026054
0.026082
0.026108
0.026132
0.026157
0.026181
0.026204
0.026228
0.025670
0.025925
0.025953
0.025980
0.026006
0.026031
0.026056
0.026080
0.026104
0.026127
0.026150
0.025735
0.025977
0.026006
0.026035
0.026060
0.026086
0.026110
0.026135
0.026158
0.026182
0.026207
0.025611
0.025855
0.025883
0.025909
0.025935
0.025961
0.025984
0.026008
0.026032
0.026056
0.026080
0.025701
0.025939
0.025962
0.025984
0.026006
0.026030
0.026055
0.026079
0.026103
0.026128
0.026152
0.025004
0.025244
0.025268
0.025291
0.025316
0.025341
0.025365
0.025389
0.025413
0.025437
0.025460
0.025002
0.025253
0.025292
0.025316
0.025342
0.025367
0.025391
0.025415
0.025439
0.025463
0.025487
0.049251
0.049487
0.049516
0.049539
0.049564
0.049588
0.049612
0.049636
0.049660
0.049684
0.049707
0.026302
0.026536
0.026571
0.026596
0.026621
0.026644
0.026670
0.026693
0.026717
0.026741
0.026765
0.025371
0.025605
0.025631
0.025658
0.025683
0.025707
0.025732
0.025755
0.025778
0.025802
0.025826
0.026467
0.026713
0.026742
0.026767
0.026793
0.026817
0.026843
0.026866
0.026890
0.026914
0.026938
0.025559
0.025800
0.025829
0.025856
0.025882
0.025907
0.025933
0.025958
0.025981
0.026006
0.026030
0.025354
0.025600
0.025630
0.025656
0.025680
0.025706
0.025730
0.025754
0.025778
0.025801
0.025825
0.025321
0.025554
0.025571
0.025586
0.025599
0.025612
0.025625
0.025639
0.025652
0.025665
0.025678
0.025341
0.025576
0.025593
0.025608
0.025621
0.025635
0.025648
0.025661
0.025674
0.025688
0.025701
0.025265
0.025512
0.025533
0.025548
0.025562
0.025575
0.025588
0.025602
0.025616
0.025629
0.025642
0.025171
0.025407
0.025425
0.025439
0.025453
0.025466
0.025480
0.025493
0.025506
0.025519
0.025532
0.047836
0.048064
0.048081
0.048096
0.048110
0.048128
0.048141
0.048154
0.048168
0.048181
0.048194
0.025555
0.025801
0.025820
0.025834
0.025848
0.025862
0.025874
0.025887
0.025901
0.025914
0.025927
0.026293
0.026525
0.026542
0.026556
0.026570
0.026584
0.026597
0.026610
0.026623
0.026636
0.026649
0.026216
0.026448
0.026466
0.026480
0.026493
0.026507
0.026520
0.026533
0.026546
0.026559
0.026572
0.025693
0.025925
0.025943
0.025957
0.025971
0.025984
0.025998
0.026011
0.026024
0.026037
0.026050
0.025320
0.025553
0.025571
0.025586
0.025599
0.025613
0.025626
0.025639
0.025652
0.025665
0.025678
0.025697
0.025959
0.025993
0.026022
0.026039
0.026059
0.026075
0.026091
0.026112
0.026133
0.026155
0.025542
0.025777
0.025795
0.025809
0.025822
0.025836
0.025849
0.025862
0.025875
0.025888
0.025900
0.025355
0.025591
0.025609
0.025624
0.025637
0.025651
0.025664
0.025676
0.025689
0.025702
0.025715
0.026696
0.026945
0.026973
0.026988
0.027002
0.027015
0.027031
0.027045
0.027058
0.027071
0.027084
0.049620
0.049881
0.049907
0.049932
0.049945
0.049959
0.049972
0.049988
0.050004
0.050017
0.050030
0.026636
0.026873
0.026893
0.026921
0.026937
0.026953
0.026969
0.026984
0.026999
0.027015
0.027030
0.026700
0.026935
0.026955
0.026972
0.026988
0.027004
0.027019
0.027035
0.027050
0.027066
0.027081
0.026097
0.026334
0.026355
0.026371
0.026389
0.026405
0.026421
0.026437
0.026453
0.026469
0.026485
0.025579
0.025816
0.025835
0.025851
0.025867
0.025883
0.025899
0.025915
0.025930
0.025946
0.025961
0.025657
0.025896
0.025916
0.025933
0.025949
0.025966
0.025983
0.025998
0.026014
0.026030
0.026046
0.025530
0.025767
0.025787
0.025804
0.025820
0.025837
0.025853
0.025869
0.025886
0.025903
0.025918
0.025506
0.025728
0.025757
0.025774
0.025792
0.025808
0.025824
0.025840
0.025856
0.025873
0.025889
0.025513
0.025749
0.025770
0.025787
0.025804
0.025820
0.025836
0.025852
0.025868
0.025884
0.025899
0.026724
0.026949
0.026968
0.026994
0.027011
0.027027
0.027043
0.027059
0.027075
0.027091
0.027107
0.048430
0.048660
0.048677
0.048692
0.048705
0.048718
0.048732
0.048745
0.048758
0.048771
0.048784
0.026234
0.026467
0.026485
0.026500
0.026513
0.026526
0.026540
0.026554
0.026567
0.026580
0.026592
0.026121
0.026356
0.026374
0.026389
0.026402
0.026415
0.026429
0.026442
0.026455
0.026468
0.026481
0.025658
0.025878
0.025905
0.025919
0.025933
0.025947
0.025960
0.025974
0.025987
0.026000
0.026013
0.025051
0.025266
0.025294
0.025308
0.025321
0.025334
0.025347
0.025360
0.025373
0.025386
0.025399
0.025472
0.025706
0.025723
0.025738
0.025752
0.025766
0.025779
0.025793
0.025806
0.025819
0.025833
0.025387
0.025620
0.025637
0.025651
0.025665
0.025679
0.025692
0.025705
0.025719
0.025732
0.025745
0.025580
0.025812
0.025829
0.025844
0.025858
0.025872
0.025886
0.025899
0.025912
0.025925
0.025938
0.025034
0.025259
0.025276
0.025289
0.025312
0.025326
0.025339
0.025352
0.025365
0.025378
0.025391
0.025239
0.025472
0.025491
0.025505
0.025519
0.025533
0.025546
0.025559
0.025573
0.025586
0.025599
0.047629
0.047849
0.047876
0.047891
0.047904
0.047918
0.047931
0.047944
0.047957
0.047971
0.047984
0.026260
0.026492
0.026510
0.026524
0.026538
0.026552
0.026566
0.026579
0.026592
0.026605
0.026619
0.025374
0.025611
0.025631
0.025647
0.025664
0.025680
0.025696
0.025711
0.025727
0.025743
0.025758
0.025499
0.025737
0.025758
0.025774
0.025792
0.025809
0.025824
0.025840
0.025856
0.025871
0.025887
0.026065
0.026304
0.026325
0.026343
0.026359
0.026375
0.026391
0.026407
0.026422
0.026438
0.026453
0.025734
0.025963
0.025983
0.025998
0.026025
0.026042
0.026059
0.026075
0.026091
0.026107
0.026123
0.025106
0.025333
0.025362
0.025379
0.025396
0.025412
0.025429
0.025445
0.025460
0.025485
0.025502
0.025482
0.025717
0.025737
0.025753
0.025771
0.025787
0.025802
0.025817
0.025832
0.025846
0.025861
0.025181
0.025408
0.025438
0.025455
0.025473
0.025489
0.025505
0.025520
0.025536
0.025552
0.025568
0.027173
0.027415
0.027436
0.027453
0.027471
0.027487
0.027503
0.027519
0.027534
0.027550
0.027565
0.049416
0.049654
0.049675
0.049692
0.049708
0.049724
0.049740
0.049756
0.049773
0.049789
0.049805
0.025362
0.025599
0.025619
0.025635
0.025651
0.025668
0.025684
0.025700
0.025716
0.025732
0.025747
0.025502
0.025725
0.025756
0.025774
0.025790
0.025806
0.025823
0.025840
0.025856
0.025872
0.025889
0.026224
0.026457
0.026478
0.026496
0.026513
0.026530
0.026545
0.026561
0.026577
0.026593
0.026608
0.025852
0.026091
0.026111
0.026128
0.026144
0.026160
0.026177
0.026192
0.026208
0.026223
0.026239
0.025502
0.025737
0.025763
0.025780
0.025796
0.025812
0.025828
0.025844
0.025860
0.025876
0.025892
0.025219
0.025455
0.025475
0.025491
0.025507
0.025525
0.025541
0.025557
0.025573
0.025589
0.025605
0.025666
0.025898
0.025918
0.025934
0.025950
0.025965
0.025982
0.025998
0.026013
0.026028
0.026043
0.025033
0.025269
0.025289
0.025306
0.025324
0.025339
0.025355
0.025370
0.025386
0.025401
0.025417
0.026148
0.026412
0.026443
0.026474
0.026516
0.026547
0.026578
0.026608
0.026626
0.026640
0.026654
0.048882
0.049117
0.049134
0.049149
0.049163
0.049176
0.049189
0.049202
0.049215
0.049228
0.049241
0.025755
0.025988
0.026007
0.026022
0.026035
0.026049
0.026062
0.026075
0.026088
0.026101
0.026114
0.026455
0.026679
0.026706
0.026720
0.026734
0.026747
0.026760
0.026773
0.026786
0.026799
0.026812
0.026107
0.026339
0.026357
0.026371
0.026386
0.026399
0.026412
0.026426
0.026439
0.026452
0.026465
0.025329
0.025566
0.025584
0.025598
0.025613
0.025626
0.025639
0.025652
0.025665
0.025678
0.025691
0.025446
0.025682
0.025699
0.025714
0.025728
0.025741
0.025755
0.025769
0.025782
0.025795
0.025808
0.025570
0.025803
0.025820
0.025835
0.025848
0.025861
0.025874
0.025887
0.025900
0.025913
0.025926
0.025549
0.025784
0.025801
0.025816
0.025831
0.025844
0.025857
0.025870
0.025884
0.025897
0.025910
0.025265
0.025485
0.025511
0.025526
0.025539
0.025552
0.025565
0.025579
0.025592
0.025604
0.025618
0.025229
0.025462
0.025481
0.025495
0.025509
0.025523
0.025536
0.025549
0.025563
0.025577
0.025591
0.048006
0.048231
0.048258
0.048272
0.048285
0.048299
0.048311
0.048324
0.048337
0.048350
0.048363
0.026747
0.026979
0.026996
0.027010
0.027024
0.027038
0.027051
0.027064
0.027078
0.027091
0.027105
0.026262
0.026494
0.026511
0.026525
0.026539
0.026552
0.026566
0.026578
0.026592
0.026604
0.026617
0.026250
0.026484
0.026501
0.026515
0.026529
0.026543
0.026556
0.026570
0.026583
0.026597
0.026609
0.025492
0.025722
0.025740
0.025754
0.025768
0.025781
0.025794
0.025808
0.025820
0.025833
0.025847
0.025702
0.025937
0.025954
0.025970
0.025983
0.025997
0.026011
0.026024
0.026038
0.026051
0.026064
0.026689
0.026919
0.026937
0.026952
0.026965
0.026978
0.026992
0.027005
0.027018
0.027031
0.027044
0.025694
0.025928
0.025946
0.025961
0.025975
0.025988
0.026002
0.026015
0.026028
0.026041
0.026055
0.025478
0.025714
0.025732
0.025746
0.025759
0.025773
0.025786
0.025799
0.025812
0.025825
0.025838
0.025327
0.025553
0.025571
0.025586
0.025600
0.025613
0.025626
0.025640
0.025653
0.025666
0.025678
0.047826
0.048060
0.048077
0.048091
0.048106
0.048120
0.048133
0.048146
0.048159
0.048172
0.048186
0.025532
0.025767
0.025785
0.025800
0.025813
0.025827
0.025840
0.025853
0.025867
0.025879
0.025892
0.026182
0.026416
0.026433
0.026447
0.026461
0.026474
0.026487
0.026500
0.026513
0.026526
0.026539
0.025743
0.025978
0.025996
0.026011
0.026024
0.026037
0.026051
0.026064
0.026078
0.026090
0.026103
0.025539
0.025762
0.025789
0.025803
0.025817
0.025830
0.025844
0.025857
0.025870
0.025883
0.025896
0.025814
0.026053
0.026070
0.026084
0.026098
0.026112
0.026125
0.026139
0.026152
0.026165
0.026178
0.025225
0.025460
0.025477
0.025492
0.025506
0.025519
0.025532
0.025546
0.025559
0.025572
0.025586
0.025467
0.025697
0.025714
0.025728
0.025742
0.025755
0.025768
0.025781
0.025794
0.025807
0.025820
0.025143
0.025376
0.025393
0.025408
0.025421
0.025434
0.025447
0.025460
0.025473
0.025486
0.025499
0.025462
0.025709
0.025737
0.025765
0.025789
0.025815
0.025839
0.025864
0.025889
0.025912
0.025935
0.049426
0.049665
0.049698
0.049724
0.049750
0.049776
0.049801
0.049825
0.049849
0.049874
0.049897
0.027319
0.027555
0.027574
0.027588
0.027602
0.027615
0.027629
0.027642
0.027655
0.027668
0.027682
0.026169
0.026399
0.026416
0.026430
0.026444
0.026457
0.026471
0.026484
0.026498
0.026511
0.026524
0.025973
0.026204
0.026222
0.026236
0.026249
0.026263
0.026285
0.026316
0.026333
0.026347
0.026360
0.025673
0.025909
0.025926
0.025941
0.025954
0.025968
0.025981
0.025995
0.026008
0.026021
0.026035
0.025724
0.025959
0.025976
0.025991
0.026004
0.026018
0.026031
0.026044
0.026057
0.026070
0.026083
0.025924
0.026157
0.026174
0.026189
0.026202
0.026216
0.026230
0.026243
0.026256
0.026269
0.026282
0.025803
0.026038
0.026056
0.026071
0.026084
0.026098
0.026110
0.026124
0.026137
0.026150
0.026163
0.025215
0.025453
0.025470
0.025484
0.025498
0.025512
0.025525
0.025538
0.025552
0.025566
0.025579
0.025396
0.025630
0.025648
0.025663
0.025676
0.025690
0.025703
0.025716
0.025730
0.025743
0.025756
0.048733
0.048959
0.048976
0.048991
0.049005
0.049018
0.049031
0.049045
0.049057
0.049071
0.049084
0.025421
0.025657
0.025675
0.025690
0.025703
0.025717
0.025730
0.025743
0.025771
0.025790
0.025804
0.025249
0.025485
0.025503
0.025517
0.025531
0.025544
0.025558
0.025571
0.025584
0.025597
0.025609
0.025608
0.025837
0.025855
0.025869
0.025883
0.025897
0.025910
0.025924
0.025941
0.025955
0.025968
0.026145
0.026374
0.026392
0.026406
0.026419
0.026432
0.026445
0.026459
0.026472
0.026485
0.026498
0.026369
0.026605
0.026626
0.026644
0.026659
0.026676
0.026691
0.026707
0.026724
0.026740
0.026756
0.025659
0.025915
0.025938
0.025952
0.025976
0.025989
0.026006
0.026021
0.026034
0.026047
0.026060
0.026453
0.026682
0.026709
0.026724
0.026737
0.026751
0.026764
0.026777
0.026790
0.026803
0.026816
0.026424
0.026659
0.026676
0.026690
0.026704
0.026717
0.026731
0.026744
0.026757
0.026769
0.026782
0.026311
0.026545
0.026562
0.026577
0.026590
0.026604
0.026617
0.026631
0.026644
0.026657
0.026671
0.048314
0.048544
0.048562
0.048576
0.048609
0.048623
0.048636
0.048649
0.048661
0.048674
0.048687
0.026319
0.026552
0.026570
0.026584
0.026598
0.026611
0.026625
0.026638
0.026651
0.026665
0.026678
0.026303
0.026526
0.026553
0.026567
0.026580
0.026593
0.026607
0.026620
0.026633
0.026659
0.026677
0.026151
0.026388
0.026406
0.026420
0.026434
0.026453
0.026467
0.026479
0.026493
0.026507
0.026520
0.025784
0.026019
0.026037
0.026051
0.026065
0.026078
0.026092
0.026105
0.026118
0.026132
0.026145
0.026113
0.026331
0.026358
0.026373
0.026386
0.026400
0.026413
0.026427
0.026440
0.026453
0.026466
0.025892
0.026115
0.026142
0.026156
0.026170
0.026183
0.026196
0.026210
0.026222
0.026235
0.026248
0.027592
0.027828
0.027845
0.027859
0.027874
0.027887
0.027901
0.027915
0.027928
0.027941
0.027955
0.025433
0.025671
0.025698
0.025713
0.025726
0.025740
0.025753
0.025766
0.025779
0.025792
0.025806
0.025239
0.025471
0.025488
0.025503
0.025517
0.025531
0.025543
0.025556
0.025569
0.025582
0.025595
0.048059
0.048292
0.048310
0.048324
0.048337
0.048350
0.048363
0.048376
0.048389
0.048402
0.048415
0.026613
0.026843
0.026860
0.026875
0.026889
0.026903
0.026916
0.026929
0.026942
0.026955
0.026968
0.026516
0.026752
0.026770
0.026784
0.026798
0.026811
0.026824
0.026837
0.026850
0.026863
0.026876
0.026121
0.026353
0.026371
0.026385
0.026399
0.026412
0.026426
0.026439
0.026453
0.026465
0.026478
0.025168
0.025402
0.025419
0.025433
0.025447
0.025460
0.025474
0.025486
0.025500
0.025513
0.025526
0.025594
0.025827
0.025845
0.025859
0.025873
0.025886
0.025900
0.025913
0.025926
0.025939
0.025952
0.025752
0.025983
0.026001
0.026016
0.026029
0.026043
0.026056
0.026070
0.026083
0.026096
0.026109
0.025480
0.025711
0.025729
0.025743
0.025757
0.025770
0.025783
0.025796
0.025809
0.025822
0.025835
0.025073
0.025304
0.025321
0.025335
0.025349
0.025362
0.025375
0.025388
0.025401
0.025414
0.025428
0.025419
0.025647
0.025665
0.025680
0.025693
0.025707
0.025720
0.025733
0.025746
0.025759
0.025772
0.048403
0.048630
0.048647
0.048662
0.048676
0.048689
0.048702
0.048716
0.048729
0.048742
0.048756
0.027484
0.027719
0.027736
0.027750
0.027764
0.027777
0.027790
0.027803
0.027816
0.027829
0.027842
0.026683
0.026916
0.026933
0.026948
0.026961
0.026975
0.026988
0.027001
0.027022
0.027037
0.027050
0.025171
0.025406
0.025424
0.025438
0.025452
0.025465
0.025478
0.025492
0.025505
0.025518
0.025531
0.025192
0.025421
0.025438
0.025453
0.025467
0.025480
0.025492
0.025506
0.025519
0.025532
0.025545
0.025840
0.026077
0.026094
0.026109
0.026123
0.026136
0.026150
0.026163
0.026177
0.026190
0.026203
0.025485
0.025704
0.025730
0.025745
0.025759
0.025772
0.025785
0.025799
0.025812
0.025825
0.025838
0.026109
0.026330
0.026357
0.026372
0.026385
0.026399
0.026412
0.026426
0.026439
0.026452
0.026465
0.025828
0.026059
0.026077
0.026091
0.026104
0.026117
0.026131
0.026144
0.026157
0.026170
0.026182
0.026667
0.026904
0.026922
0.026936
0.026950
0.026964
0.026977
0.026990
0.027003
0.027016
0.027030
0.049732
0.049969
0.049987
0.050002
0.050016
0.050030
0.050044
0.050056
0.050070
0.050083
0.050096
0.026119
0.026353
0.026370
0.026384
0.026398
0.026411
0.026425
0.026438
0.026451
0.026464
0.026477
0.026140
0.026375
0.026393
0.026407
0.026421
0.026435
0.026448
0.026461
0.026474
0.026487
0.026501
0.025886
0.026119
0.026137
0.026152
0.026165
0.026179
0.026193
0.026206
0.026219
0.026233
0.026246
0.025100
0.025337
0.025355
0.025370
0.025383
0.025397
0.025410
0.025424
0.025437
0.025450
0.025463
0.025425
0.025659
0.025676
0.025691
0.025705
0.025718
0.025731
0.025745
0.025758
0.025771
0.025784
0.025151
0.025387
0.025404
0.025419
0.025433
0.025446
0.025460
0.025473
0.025486
0.025499
0.025512
0.025437
0.025670
0.025687
0.025701
0.025715
0.025728
0.025742
0.025755
