1.784074
0.031923
0.032201
0.032220
0.032235
0.032250
0.032264
0.032279
0.032293
0.032308
0.032321
0.032336
0.029181
0.029435
0.029452
0.029467
0.029481
0.029495
0.029509
0.029523
0.029536
0.029550
0.029564
0.032332
0.032610
0.032632
0.032651
0.032670
0.032688
0.032706
0.032724
0.032743
0.032761
0.032780
0.031323
0.031577
0.031596
0.031623
0.031648
0.031667
0.031685
0.031704
0.031722
0.031740
0.031758
0.031590
0.031853
0.031874
0.031902
0.031921
0.031938
0.031956
0.031974
0.031992
0.032009
0.032027
0.032213
0.032463
0.032484
0.032512
0.032530
0.032548
0.032566
0.032584
0.032601
0.032619
0.032636
0.042898
0.043147
0.043168
0.043185
0.043201
0.043217
0.043236
0.043252
0.043268
0.043284
0.043299
0.030699
0.030962
0.030983
0.031002
0.031020
0.031039
0.031056
0.031074
0.031091
0.031109
0.031126
0.043301
0.043603
0.043643
0.043676
0.043708
0.043740
0.043770
0.043801
0.043831
0.043862
0.043891
0.059684
0.059935
0.059965
0.059984
0.060002
0.060020
0.060037
0.060057
0.060075
0.060092
0.060110
0.031047
0.031314
0.031336
0.031355
0.031373
0.031391
0.031409
0.031427
0.031445
0.031462
0.031480
0.030887
0.031151
0.031170
0.031185
0.031198
0.031214
0.031230
0.031247
0.031264
0.031279
0.031295
0.031266
0.031523
0.031554
0.031572
0.031591
0.031609
0.031627
0.031645
0.031664
0.031682
0.031700
0.031849
0.032091
0.032109
0.032135
0.032156
0.032177
0.032195
0.032212
0.032231
0.032248
0.032266
0.023468
0.023698
0.023715
0.023729
0.023743
0.023757
0.023771
0.023784
0.023798
0.023810
0.023824
0.023685
0.023913
0.023931
0.023945
0.023959
0.023972
0.023985
0.023998
0.024014
0.024027
0.024040
0.024070
0.024295
0.024314
0.024329
0.024343
0.024356
0.024369
0.024382
0.024395
0.024408
0.024420
0.024169
0.024406
0.024439
0.024465
0.024490
0.024514
0.024539
0.024562
0.024586
0.024610
0.024634
0.025345
0.025584
0.025616
0.025644
0.025670
0.025695
0.025719
0.025745
0.025769
0.025793
0.025817
0.049482
0.049706
0.049724
0.049738
0.049751
0.049764
0.049778
0.049791
0.049804
0.049816
0.049830
0.024416
0.024641
0.024678
0.024702
0.024726
0.024750
0.024774
0.024798
0.024820
0.024845
0.024868
0.023654
0.023885
0.023905
0.023919
0.023932
0.023945
0.023958
0.023972
0.023985
0.023998
0.024011
0.023773
0.024002
0.024019
0.024034
0.024047
0.024060
0.024073
0.024086
0.024100
0.024113
0.024125
0.024448
0.024674
0.024691
0.024705
0.024718
0.024732
0.024746
0.024759
0.024772
0.024785
0.024798
0.024779
0.024994
0.025021
0.025035
0.025049
0.025065
0.025079
0.025091
0.025104
0.025117
0.025130
0.024653
0.024881
0.024898
0.024912
0.024925
0.024939
0.024952
0.024965
0.024978
0.024991
0.025004
0.024126
0.024355
0.024372
0.024386
0.024400
0.024413
0.024426
0.024440
0.024453
0.024466
0.024479
0.024446
0.024673
0.024690
0.024704
0.024717
0.024731
0.024744
0.024757
0.024770
0.024783
0.024795
0.024906
0.025136
0.025153
0.025168
0.025181
0.025194
0.025208
0.025221
0.025234
0.025247
0.025260
0.049332
0.049560
0.049577
0.049591
0.049605
0.049618
0.049631
0.049644
0.049657
0.049670
0.049683
0.024058
0.024280
0.024307
0.024322
0.024335
0.024348
0.024361
0.024374
0.024388
0.024401
0.024415
0.025936
0.026167
0.026184
0.026197
0.026211
0.026225
0.026238
0.026252
0.026265
0.026278
0.026291
0.025974
0.026188
0.026208
0.026221
0.026245
0.026258
0.026271
0.026284
0.026298
0.026311
0.026324
0.025563
0.025794
0.025811
0.025825
0.025839
0.025852
0.025865
0.025878
0.025891
0.025908
0.025921
0.025049
0.025277
0.025296
0.025315
0.025331
0.025347
0.025363
0.025379
0.025396
0.025412
0.025428
0.025414
0.025674
0.025696
0.025725
0.025746
0.025769
0.025790
0.025807
0.025820
0.025834
0.025854
0.025160
0.025379
0.025406
0.025420
0.025434
0.025447
0.025460
0.025474
0.025487
0.025504
0.025517
0.024634
0.024861
0.024878
0.024892
0.024906
0.024919
0.024932
0.024945
0.024958
0.024971
0.024984
0.024825
0.025061
0.025091
0.025120
0.025145
0.025171
0.025195
0.025219
0.025245
0.025270
0.025293
0.051355
0.051571
0.051598
0.051612
0.051626
0.051639
0.051652
0.051666
0.051678
0.051692
0.051705
0.025321
0.025551
0.025568
0.025583
0.025597
0.025610
0.025624
0.025637
0.025650
0.025663
0.025676
0.025651
0.025874
0.025900
0.025914
0.025928
0.025942
0.025955
0.025968
0.025981
0.025994
0.026007
0.025892
0.026108
0.026135
0.026149
0.026163
0.026177
0.026190
0.026203
0.026216
0.026229
0.026242
0.025402
0.025633
0.025650
0.025664
0.025678
0.025691
0.025704
0.025717
0.025730
0.025743
0.025756
0.024762
0.024991
0.025009
0.025023
0.025037
0.025050
0.025064
0.025077
0.025090
0.025103
0.025116
0.024844
0.025074
0.025092
0.025106
0.025119
0.025133
0.025146
0.025159
0.025172
0.025184
0.025197
0.024707
0.024935
0.024953
0.024967
0.024981
0.024995
0.025008
0.025021
0.025034
0.025047
0.025060
0.025565
0.025794
0.025811
0.025826
0.025839
0.025852
0.025865
0.025878
0.025892
0.025907
0.025920
0.024646
0.024874
0.024892
0.024906
0.024920
0.024933
0.024946
0.024960
0.024973
0.024986
0.024999
0.050500
0.050723
0.050740
0.050754
0.050768
0.050781
0.050794
0.050807
0.050820
0.050833
0.050846
0.025356
0.025585
0.025604
0.025618
0.025632
0.025645
0.025658
0.025671
0.025684
0.025697
0.025710
0.025199
0.025422
0.025439
0.025454
0.025468
0.025481
0.025495
0.025508
0.025525
0.025539
0.025553
0.026380
0.026613
0.026631
0.026645
0.026658
0.026672
0.026685
0.026698
0.026711
0.026724
0.026736
0.025654
0.025882
0.025899
0.025913
0.025926
0.025939
0.025953
0.025965
0.025978
0.025992
0.026005
0.025042
0.025267
0.025285
0.025299
0.025315
0.025329
0.025342
0.025355
0.025368
0.025381
0.025394
0.025138
0.025377
0.025406
0.025434
0.025459
0.025489
0.025514
0.025539
0.025563
0.025588
0.025611
0.026620
0.026857
0.026886
0.026911
0.026947
0.026973
0.026997
0.027022
0.027046
0.027070
0.027093
0.025419
0.025665
0.025693
0.025720
0.025745
0.025772
0.025797
0.025822
0.025847
0.025871
0.025894
0.025279
0.025527
0.025557
0.025585
0.025609
0.025635
0.025659
0.025683
0.025707
0.025730
0.025754
0.052910
0.053132
0.053150
0.053164
0.053178
0.053191
0.053205
0.053218
0.053231
0.053244
0.053257
0.024603
0.024832
0.024850
0.024864
0.024878
0.024892
0.024905
0.024918
0.024931
0.024944
0.024957
0.024399
0.024627
0.024645
0.024659
0.024673
0.024687
0.024700
0.024713
0.024731
0.024745
0.024758
0.024779
0.025011
0.025028
0.025043
0.025056
0.025070
0.025083
0.025096
0.025110
0.025122
0.025136
0.025606
0.025832
0.025849
0.025864
0.025878
0.025891
0.025904
0.025917
0.025930
0.025944
0.025957
0.024866
0.025082
0.025108
0.025122
0.025136
0.025149
0.025162
0.025175
0.025188
0.025202
0.025215
0.025409
0.025634
0.025660
0.025675
0.025688
0.025702
0.025715
0.025728
0.025741
0.025754
0.025767
0.025398
0.025630
0.025648
0.025662
0.025676
0.025689
0.025702
0.025715
0.025728
0.025741
0.025754
0.025110
0.025357
0.025376
0.025390
0.025404
0.025417
0.025430
0.025444
0.025456
0.025470
0.025483
0.026022
0.026244
0.026261
0.026275
0.026289
0.026302
0.026316
0.026328
0.026341
0.026354
0.026367
0.052145
0.052361
0.052387
0.052402
0.052416
0.052429
0.052443
0.052456
0.052469
0.052482
0.052495
0.025646
0.025879
0.025897
0.025911
0.025925
0.025939
0.025952
0.025965
0.025978
0.025991
0.026004
0.025508
0.025727
0.025754
0.025768
0.025782
0.025795
0.025808
0.025821
0.025835
0.025848
0.025861
0.026444
0.026672
0.026689
0.026703
0.026716
0.026730
0.026743
0.026756
0.026769
0.026783
0.026797
0.026329
0.026557
0.026574
0.026588
0.026602
0.026615
0.026628
0.026641
0.026654
0.026667
0.026680
0.026552
0.026768
0.026794
0.026809
0.026822
0.026836
0.026849
0.026862
0.026875
0.026889
0.026902
0.026618
0.026857
0.026878
0.026896
0.026913
0.026929
0.026945
0.026960
0.026976
0.026991
0.027007
0.026439
0.026674
0.026694
0.026712
0.026729
0.026745
0.026782
0.026811
0.026832
0.026850
0.026870
0.025801
0.026034
0.026055
0.026072
0.026090
0.026106
0.026121
0.026136
0.026152
0.026167
0.026183
0.026316
0.026555
0.026577
0.026594
0.026611
0.026627
0.026642
0.026659
0.026675
0.026690
0.026706
0.053778
0.054012
0.054030
0.054044
0.054058
0.054074
0.054086
0.054099
0.054112
0.054125
0.054138
0.026373
0.026600
0.026618
0.026632
0.026645
0.026659
0.026673
0.026685
0.026699
0.026712
0.026725
0.026485
0.026713
0.026731
0.026745
0.026759
0.026772
0.026785
0.026798
0.026811
0.026824
0.026837
0.026335
0.026563
0.026579
0.026593
0.026607
0.026620
0.026633
0.026646
0.026660
0.026673
0.026686
0.025608
0.025835
0.025852
0.025867
0.025880
0.025894
0.025907
0.025921
0.025934
0.025947
0.025960
0.027456
0.027685
0.027703
0.027717
0.027731
0.027744
0.027757
0.027771
0.027784
0.027799
0.027812
0.025691
0.025912
0.025939
0.025953
0.025966
0.025980
0.025993
0.026006
0.026019
0.026032
0.026045
0.026612
0.026829
0.026855
0.026870
0.026884
0.026897
0.026911
0.026924
0.026937
0.026950
0.026963
0.029272
0.029502
0.029520
0.029534
0.029547
0.029561
0.029573
0.029587
0.029600
0.029613
0.029626
0.029628
0.029860
0.029877
0.029892
0.029906
0.029923
0.029937
0.029950
0.029963
0.029976
0.029989
0.057703
0.057930
0.057946
0.057961
0.057974
0.057988
0.058001
0.058014
0.058027
0.058040
0.058055
0.031579
0.031798
0.031825
0.031840
0.031853
0.031867
0.031880
0.031893
0.031907
0.031920
0.031933
0.030831
0.031062
0.031079
0.031093
0.031106
0.031120
0.031133
0.031146
0.031160
0.031173
0.031186
0.032074
0.032306
0.032324
0.032339
0.032353
0.032366
0.032380
0.032393
0.032406
0.032419
0.032432
0.030881
0.031107
0.031124
0.031138
0.031151
0.031164
0.031178
0.031191
0.031204
0.031217
0.031230
0.032163
0.032394
0.032412
0.032426
0.032440
0.032453
0.032466
0.032480
0.032493
0.032505
0.032518
0.030129
0.030363
0.030380
0.030395
0.030408
0.030421
0.030434
0.030447
0.030460
0.030474
0.030487
0.030923
0.031156
0.031173
0.031187
0.031200
0.031214
0.031227
0.031241
0.031254
0.031267
0.031280
0.030882
0.031110
0.031127
0.031141
0.031155
0.031168
0.031181
0.031194
0.031208
0.031220
0.031234
0.032534
0.032764
0.032781
0.032795
0.032809
0.032822
0.032835
0.032848
0.032861
0.032875
0.032888
0.057234
0.057463
0.057480
0.057495
0.057508
0.057521
