1.781204
0.032843
0.033111
0.033142
0.033157
0.033173
0.033187
0.033201
0.033217
0.033232
0.033247
0.033262
0.034068
0.034336
0.034358
0.034386
0.034405
0.034424
0.034442
0.034460
0.034478
0.034495
0.034513
0.027797
0.028031
0.028048
0.028063
0.028077
0.028090
0.028104
0.028117
0.028130
0.028143
0.028157
0.025371
0.025595
0.025615
0.025629
0.025652
0.025666
0.025679
0.025692
0.025705
0.025718
0.025731
0.024673
0.024899
0.024916
0.024930
0.024944
0.024957
0.024971
0.024985
0.024998
0.025011
0.025024
0.025330
0.025558
0.025575
0.025591
0.025605
0.025618
0.025632
0.025646
0.025660
0.025673
0.025686
0.023808
0.024036
0.024054
0.024068
0.024081
0.024094
0.024110
0.024123
0.024137
0.024149
0.024163
0.023084
0.023298
0.023314
0.023327
0.023351
0.023365
0.023379
0.023392
0.023405
0.023418
0.023431
0.022872
0.023097
0.023114
0.023129
0.023142
0.023156
0.023170
0.023183
0.023196
0.023209
0.023222
0.045274
0.045499
0.045516
0.045531
0.045546
0.045566
0.045580
0.045596
0.045612
0.045628
0.045641
0.023555
0.023782
0.023808
0.023822
0.023836
0.023851
0.023884
0.023912
0.023936
0.023961
0.023985
0.023894
0.024131
0.024163
0.024187
0.024212
0.024239
0.024263
0.024287
0.024311
0.024335
0.024358
0.024187
0.024426
0.024460
0.024484
0.024509
0.024533
0.024557
0.024582
0.024606
0.024630
0.024653
0.024446
0.024674
0.024715
0.024740
0.024765
0.024790
0.024813
0.024837
0.024860
0.024884
0.024907
0.024183
0.024418
0.024450
0.024476
0.024503
0.024527
0.024551
0.024576
0.024599
0.024623
0.024646
0.023994
0.024232
0.024264
0.024288
0.024313
0.024338
0.024361
0.024385
0.024411
0.024435
0.024458
0.023693
0.023932
0.023960
0.023986
0.024011
0.024037
0.024061
0.024085
0.024110
0.024133
0.024157
0.024000
0.024238
0.024266
0.024293
0.024319
0.024345
0.024368
0.024392
0.024415
0.024439
0.024462
0.023940
0.024168
0.024194
0.024232
0.024257
0.024281
0.024305
0.024329
0.024353
0.024376
0.024400
0.046507
0.046737
0.046762
0.046788
0.046813
0.046837
0.046861
0.046885
0.046908
0.046932
0.046955
0.024565
0.024813
0.024848
0.024875
0.024900
0.024925
0.024948
0.024973
0.024997
0.025020
0.025043
0.024066
0.024284
0.024312
0.024326
0.024339
0.024353
0.024366
0.024379
0.024392
0.024405
0.024418
0.023702
0.023916
0.023942
0.023957
0.023971
0.023984
0.023997
0.024010
0.024023
0.024036
0.024049
0.023616
0.023840
0.023857
0.023871
0.023885
0.023898
0.023912
0.023926
0.023939
0.023952
0.023965
0.023464
0.023756
0.023791
0.023829
0.023859
0.023893
0.023924
0.023956
0.023987
0.024016
0.024047
0.030106
0.030365
0.030384
0.030401
0.030429
0.030447
0.030465
0.030483
0.030502
0.030520
0.030538
0.028072
0.028290
0.028316
0.028330
0.028344
0.028357
0.028371
0.028384
0.028397
0.028410
0.028423
0.024464
0.024691
0.024708
0.024723
0.024736
0.024749
0.024762
0.024775
0.024788
0.024801
0.024813
0.024037
0.024265
0.024282
0.024297
0.024311
0.024323
0.024337
0.024350
0.024364
0.024377
0.024390
0.048152
0.048374
0.048392
0.048406
0.048420
0.048434
0.048447
0.048460
0.048473
0.048486
0.048499
0.023905
0.024135
0.024153
0.024167
0.024181
0.024194
0.024207
0.024221
0.024234
0.024248
0.024261
0.023932
0.024158
0.024176
0.024190
0.024204
0.024217
0.024230
0.024243
0.024256
0.024269
0.024282
0.024064
0.024288
0.024308
0.024323
0.024337
0.024350
0.024363
0.024376
0.024389
0.024403
0.024416
0.024672
0.024897
0.024914
0.024928
0.024942
0.024955
0.024968
0.024981
0.024994
0.025007
0.025020
0.024215
0.024440
0.024457
0.024472
0.024485
0.024498
0.024511
0.024525
0.024538
0.024551
0.024564
0.024229
0.024452
0.024469
0.024483
0.024496
0.024509
0.024522
0.024535
0.024548
0.024561
0.024574
0.024465
0.024693
0.024710
0.024724
0.024737
0.024751
0.024764
0.024777
0.024791
0.024808
0.024821
0.023900
0.024127
0.024144
0.024158
0.024172
0.024185
0.024198
0.024211
0.024224
0.024237
0.024249
0.023677
0.023907
0.023924
0.023938
0.023952
0.023965
0.023979
0.023993
0.024006
0.024019
0.024032
0.046684
0.046910
0.046927
0.046941
0.046955
0.046968
0.046981
0.046994
0.047007
0.047020
0.047033
0.023795
0.024025
0.024042
0.024056
0.024071
0.024084
0.024098
0.024112
0.024125
0.024138
0.024151
0.023828
0.024052
0.024070
0.024084
0.024098
0.024111
0.024124
0.024137
0.024150
0.024163
0.024175
0.024594
0.024806
0.024832
0.024847
0.024861
0.024874
0.024888
0.024901
0.024914
0.024928
0.024941
0.024664
0.024900
0.024918
0.024932
0.024946
0.024959
0.024972
0.024986
0.024999
0.025012
0.025025
0.024773
0.024998
0.025015
0.025030
0.025044
0.025058
0.025071
0.025084
0.025097
0.025110
0.025123
0.024559
0.024789
0.024806
0.024821
0.024834
0.024848
0.024861
0.024874
0.024887
0.024900
0.024914
0.024118
0.024347
0.024364
0.024379
0.024392
0.024406
0.024419
0.024432
0.024445
0.024458
0.024471
0.023731
0.023966
0.023998
0.024025
0.024052
0.024077
0.024101
0.024126
0.024150
0.024177
0.024201
0.023939
0.024176
0.024204
0.024232
0.024257
0.024283
0.024313
0.024339
0.024363
0.024386
0.024410
0.046793
0.047033
0.047064
0.047092
0.047118
0.047143
0.047167
0.047191
0.047214
0.047238
0.047262
0.024234
0.024478
0.024513
0.024540
0.024566
0.024590
0.024615
0.024640
0.024663
0.024687
0.024712
0.025420
0.025659
0.025694
0.025719
0.025745
0.025768
0.025793
0.025816
0.025840
0.025864
0.025888
0.025534
0.025771
0.025803
0.025827
0.025854
0.025878
0.025902
0.025926
0.025949
0.025973
0.025996
0.025009
0.025238
0.025262
0.025285
0.025309
0.025332
0.025357
0.025381
0.025405
0.025429
0.025453
0.024388
0.024621
0.024646
0.024668
0.024697
0.024723
0.024746
0.024770
0.024794
0.024818
0.024842
0.023941
0.024173
0.024198
0.024222
0.024245
0.024270
0.024294
0.024319
0.024344
0.024369
0.024392
0.024764
0.025000
0.025028
0.025053
0.025079
0.025103
0.025127
0.025151
0.025174
0.025198
0.025222
0.024855
0.025083
0.025122
0.025148
0.025173
0.025197
0.025222
0.025247
0.025271
0.025295
0.025319
0.024231
0.024471
0.024500
0.024528
0.024553
0.024578
0.024602
0.024627
0.024649
0.024673
0.024697
0.046675
0.046905
0.046929
0.046954
0.046977
0.047002
0.047027
0.047051
0.047075
0.047098
0.047122
0.025247
0.025481
0.025510
0.025534
0.025559
0.025583
0.025608
0.025633
0.025656
0.025680
0.025704
0.025444
0.025672
0.025699
0.025725
0.025748
0.025774
0.025797
0.025822
0.025848
0.025873
0.025896
0.024785
0.025019
0.025044
0.025067
0.025091
0.025115
0.025139
0.025163
0.025187
0.025210
0.025234
0.024761
0.024976
0.025008
0.025030
0.025053
0.025075
0.025100
0.025124
0.025148
0.025172
0.025196
0.024655
0.024872
0.024909
0.024933
0.024959
0.024982
0.025006
0.025031
0.025054
0.025079
0.025102
0.024431
0.024662
0.024685
0.024705
0.024729
0.024753
0.024777
0.024801
0.024825
0.024849
0.024873
0.023898
0.024128
0.024151
0.024173
0.024197
0.024222
0.024247
0.024271
0.024295
0.024318
0.024343
0.023839
0.024070
0.024098
0.024122
0.024146
0.024170
0.024193
0.024216
0.024240
0.024265
0.024288
0.024743
0.024986
0.025020
0.025045
0.025070
0.025095
0.025119
0.025142
0.025166
0.025189
0.025213
0.047529
0.047758
0.047786
0.047808
0.047832
0.047858
0.047881
0.047905
0.047928
0.047952
0.047976
0.025028
0.025275
0.025309
0.025336
0.025362
0.025388
0.025411
0.025435
0.025459
0.025482
0.025507
0.024467
0.024694
0.024737
0.024762
0.024786
0.024810
0.024835
0.024859
0.024883
0.024907
0.024930
0.025203
0.025438
0.025471
0.025496
0.025521
0.025546
0.025570
0.025594
0.025618
0.025642
0.025666
0.024866
0.025106
0.025136
0.025162
0.025188
0.025213
0.025237
0.025261
0.025285
0.025309
0.025332
0.024626
0.024866
0.024894
0.024919
0.024944
0.024968
0.024992
0.025016
0.025039
0.025064
0.025088
0.024743
0.024962
0.024995
0.025018
0.025042
0.025066
0.025090
0.025113
0.025137
0.025162
0.025185
0.024647
0.024885
0.024915
0.024942
0.024969
0.024995
0.025019
0.025044
0.025069
0.025094
0.025118
0.024631
0.024860
0.024880
0.024896
0.024913
0.024930
0.024946
0.024962
0.024977
0.024992
0.025007
0.024424
0.024655
0.024674
0.024691
0.024707
0.024723
0.024740
0.024756
0.024772
0.024788
0.024806
0.047091
0.047309
0.047337
0.047353
0.047368
0.047386
0.047401
0.047417
0.047432
0.047447
0.047461
0.024699
0.024932
0.024953
0.024970
0.024987
0.025003
0.025019
0.025035
0.025051
0.025066
0.025082
0.024991
0.025220
0.025239
0.025256
0.025272
0.025289
0.025305
0.025320
0.025336
0.025353
0.025369
0.024172
0.024393
0.024421
0.024439
0.024456
0.024472
0.024488
0.024503
0.024519
0.024534
0.024550
0.024108
0.024337
0.024357
0.024373
0.024389
0.024404
0.024420
0.024436
0.024451
0.024466
0.024481
0.023973
0.024237
0.024255
0.024270
0.024284
0.024297
0.024310
0.024324
0.024337
0.024350
0.024363
0.023974
0.024192
0.024208
0.024221
0.024244
0.024258
0.024271
0.024284
0.024297
0.024310
0.024323
0.023750
0.023978
0.023995
0.024010
0.024024
0.024037
0.024051
0.024064
0.024077
0.024090
0.024103
0.024027
0.024243
0.024270
0.024284
0.024298
0.024311
0.024324
0.024337
0.024350
0.024363
0.024376
0.024883
0.025113
0.025137
0.025161
0.025185
0.025210
0.025234
0.025258
0.025282
0.025306
0.025330
0.046292
0.046512
0.046541
0.046558
0.046574
0.046590
0.046606
0.046621
0.046636
0.046653
0.046668
0.025655
0.025877
0.025907
0.025924
0.025942
0.025959
0.025975
0.025990
0.026006
0.026021
0.026037
0.025294
0.025526
0.025545
0.025562
0.025578
0.025594
0.025609
0.025625
0.025640
0.025656
0.025673
0.024469
0.024692
0.024710
0.024724
0.024738
0.024752
0.024765
0.024778
0.024791
0.024804
0.024817
0.024718
0.024944
0.024961
0.024976
0.024989
0.025002
0.025015
0.025028
0.025041
0.025054
0.025068
0.024851
0.025076
0.025094
0.025108
0.025122
0.025135
0.025148
0.025161
0.025174
0.025187
0.025199
0.024820
0.025048
0.025064
0.025078
0.025091
0.025104
0.025118
0.025131
0.025144
0.025157
0.025170
0.025047
0.025269
0.025287
0.025301
0.025315
0.025328
0.025341
0.025354
0.025367
0.025380
0.025393
0.024445
0.024671
0.024688
0.024702
0.024715
0.024729
0.024742
0.024755
0.024769
0.024782
0.024795
0.024255
0.024481
0.024499
0.024513
0.024527
0.024540
0.024553
0.024566
0.024579
0.024592
0.024605
0.046585
0.046804
0.046822
0.046837
0.046850
0.046863
0.046876
0.046890
0.046903
0.046916
0.046929
0.025297
0.025526
0.025544
0.025558
0.025572
0.025585
0.025599
0.025612
0.025625
0.025638
0.025651
0.024466
0.024692
0.024709
0.024723
0.024737
0.024750
0.024764
0.024777
0.024790
0.024805
0.024818
0.024719
0.024946
0.024964
0.024978
0.024992
0.025005
0.025018
0.025031
0.025044
0.025057
0.025070
0.024618
0.024840
0.024858
0.024874
0.024893
0.024906
0.024920
0.024933
0.024946
0.024959
0.024972
0.024089
0.024316
0.024333
0.024347
0.024361
0.024374
0.024387
0.024400
0.024413
0.024426
0.024440
0.026494
0.026707
0.026733
0.026747
0.026761
0.026775
0.026788
0.026801
0.026814
0.026827
0.026840
0.024768
0.024997
0.025014
0.025028
0.025042
0.025055
0.025069
0.025082
0.025095
0.025108
0.025121
0.024397
0.024626
0.024644
0.024658
0.024672
0.024685
0.024698
0.024711
0.024724
0.024737
0.024750
0.029633
0.029878
0.029899
0.029926
0.029943
0.029961
0.029978
0.029996
0.030013
0.030030
0.030047
0.047318
0.047541
0.047559
0.047573
0.047586
0.047600
0.047613
0.047626
0.047639
0.047652
0.047664
0.026626
0.026852
0.026869
0.026883
0.026897
0.026910
0.026923
0.026936
0.026948
0.026961
0.026974
0.025115
0.025337
0.025355
0.025370
0.025387
0.025422
0.025440
0.025455
0.025470
0.025483
0.025496
0.026784
0.027009
0.027036
0.027050
0.027064
0.027077
0.027091
0.027104
0.027118
0.027131
0.027144
0.024438
0.024662
0.024680
0.024695
0.024709
0.024722
0.024735
0.024749
0.024762
0.024775
0.024788
0.024349
0.024577
0.024594
0.024608
0.024622
0.024636
0.024649
0.024662
0.024675
0.024689
0.024702
0.024502
0.024729
0.024748
0.024762
0.024776
0.024789
0.024802
0.024815
0.024828
0.024841
0.024853
0.024148
0.024377
0.024395
0.024409
0.024423
0.024436
0.024449
0.024462
0.024476
0.024489
0.024502
0.024419
0.024643
0.024660
0.024674
0.024688
0.024701
0.024714
0.024727
0.024740
0.024754
0.024766
0.024716
0.024941
0.024958
0.024973
0.024987
0.024999
0.025013
0.025026
0.025040
0.025053
0.025066
0.046922
0.047147
0.047164
0.047178
0.047192
0.047205
0.047218
0.047231
0.047244
0.047257
0.047269
0.024990
0.025222
0.025251
0.025276
0.025301
0.025325
0.025351
0.025375
0.025399
0.025423
0.025447
0.024637
0.024872
0.024896
0.024920
0.024945
0.024969
0.024993
0.025017
0.025041
0.025065
0.025089
0.025006
0.025243
0.025275
0.025299
0.025324
0.025350
0.025375
0.025398
0.025423
0.025447
0.025471
0.024819
0.025046
0.025071
0.025096
0.025121
0.025145
0.025169
0.025194
0.025217
0.025241
0.025265
0.024862
0.025090
0.025114
0.025138
0.025162
0.025188
0.025213
0.025237
0.025261
0.025284
0.025308
0.024720
0.024952
0.024975
0.024997
0.025022
0.025046
0.025070
0.025094
0.025118
0.025142
0.025166
0.024742
0.024976
0.024999
0.025022
0.025046
0.025072
0.025096
0.025121
0.025145
0.025169
0.025194
0.024783
0.025014
0.025038
0.025060
0.025084
0.025110
0.025132
0.025156
0.025180
0.025205
0.025228
0.024682
0.024915
0.024940
0.024964
0.024988
0.025014
0.025038
0.025062
0.025086
0.025110
0.025134
0.046941
0.047170
0.047195
0.047219
0.047243
0.047267
0.047292
0.047315
0.047339
0.047363
0.047387
0.025297
0.025524
0.025556
0.025582
0.025606
0.025631
0.025654
0.025679
0.025703
0.025727
0.025751
0.024747
0.024975
0.024999
0.025022
0.025046
0.025070
0.025099
0.025125
0.025148
0.025172
0.025196
0.024648
0.024870
0.024892
0.024922
0.024946
0.024971
0.024995
0.025019
0.025043
0.025067
0.025090
0.024731
0.024951
0.024983
