1.880869
0.043654
0.043936
0.043972
0.044001
0.044028
0.044052
0.044077
0.044103
0.044129
0.044154
0.044179
0.033281
0.033541
0.033568
0.033594
0.033619
0.033645
0.033669
0.033694
0.033719
0.033742
0.033767
0.030893
0.031134
0.031159
0.031183
0.031209
0.031235
0.031259
0.031283
0.031307
0.031331
0.031355
0.030256
0.030484
0.030504
0.030521
0.030537
0.030553
0.030569
0.030585
0.030600
0.030616
0.030630
0.029408
0.029630
0.029660
0.029677
0.029695
0.029711
0.029728
0.029744
0.029760
0.029775
0.029791
0.031436
0.031690
0.031711
0.031729
0.031745
0.031760
0.031776
0.031792
0.031807
0.031822
0.031837
0.027012
0.027233
0.027259
0.027272
0.027286
0.027299
0.027315
0.027328
0.027341
0.027354
0.027367
0.024263
0.024492
0.024509
0.024523
0.024536
0.024550
0.024563
0.024576
0.024589
0.024602
0.024615
0.024862
0.025081
0.025107
0.025121
0.025135
0.025149
0.025162
0.025175
0.025188
0.025201
0.025214
0.049546
0.049774
0.049791
0.049805
0.049819
0.049832
0.049845
0.049860
0.049873
0.049886
0.049899
0.024832
0.025069
0.025087
0.025101
0.025114
0.025128
0.025141
0.025154
0.025167
0.025180
0.025194
0.023412
0.023642
0.023659
0.023673
0.023686
0.023701
0.023714
0.023727
0.023740
0.023753
0.023766
0.026210
0.026439
0.026456
0.026470
0.026484
0.026497
0.026510
0.026523
0.026537
0.026550
0.026563
0.027946
0.028161
0.028187
0.028206
0.028219
0.028235
0.028248
0.028261
0.028274
0.028287
0.028300
0.027372
0.027601
0.027619
0.027633
0.027646
0.027660
0.027673
0.027687
0.027700
0.027713
0.027726
0.027397
0.027626
0.027643
0.027657
0.027671
0.027683
0.027696
0.027709
0.027725
0.027738
0.027751
0.027642
0.027872
0.027889
0.027903
0.027917
0.027931
0.027944
0.027957
0.027970
0.027983
0.027996
0.024488
0.024721
0.024738
0.024752
0.024765
0.024779
0.024791
0.024804
0.024817
0.024830
0.024843
0.033602
0.033856
0.033876
0.033907
0.033925
0.033943
0.033961
0.033978
0.033996
0.034013
0.034030
0.054345
0.054573
0.054590
0.054604
0.054617
0.054631
0.054644
0.054657
0.054670
0.054683
0.054697
0.024653
0.024876
0.024904
0.024918
0.024935
0.024949
0.024963
0.024976
0.024989
0.025002
0.025021
0.024552
0.024787
0.024808
0.024822
0.024835
0.024848
0.024861
0.024874
0.024888
0.024901
0.024914
0.023827
0.024046
0.024072
0.024086
0.024100
0.024113
0.024126
0.024139
0.024152
0.024165
0.024178
0.024992
0.025226
0.025243
0.025257
0.025270
0.025284
0.025298
0.025311
0.025325
0.025338
0.025351
0.025192
0.025420
0.025439
0.025454
0.025467
0.025484
0.025498
0.025511
0.025524
0.025537
0.025551
0.025135
0.025368
0.025385
0.025400
0.025414
0.025427
0.025440
0.025453
0.025465
0.025479
0.025491
0.025306
0.025524
0.025550
0.025565
0.025578
0.025591
0.025605
0.025618
0.025631
0.025644
0.025657
0.024907
0.025135
0.025153
0.025167
0.025181
0.025194
0.025207
0.025220
0.025233
0.025246
0.025259
0.025012
0.025239
0.025266
0.025280
0.025294
0.025307
0.025321
0.025334
0.025347
0.025360
0.025373
0.050048
0.050276
0.050293
0.050308
0.050321
0.050334
0.050348
0.050361
0.050374
0.050387
0.050400
0.024185
0.024408
0.024435
0.024450
0.024463
0.024477
0.024490
0.024503
0.024516
0.024529
0.024543
0.024916
0.025148
0.025165
0.025179
0.025193
0.025206
0.025219
0.025232
0.025244
0.025257
0.025270
0.025495
0.025730
0.025751
0.025765
0.025779
0.025792
0.025806
0.025818
0.025832
0.025846
0.025859
0.025970
0.026196
0.026213
0.026227
0.026241
0.026254
0.026267
0.026280
0.026294
0.026307
0.026320
0.025754
0.025977
0.025995
0.026010
0.026023
0.026036
0.026049
0.026063
0.026076
0.026089
0.026102
0.025502
0.025731
0.025749
0.025763
0.025776
0.025789
0.025803
0.025816
0.025829
0.025842
0.025855
0.024909
0.025138
0.025155
0.025183
0.025204
0.025218
0.025232
0.025246
0.025259
0.025277
0.025290
0.024968
0.025192
0.025209
0.025223
0.025237
0.025251
0.025264
0.025277
0.025290
0.025303
0.025316
0.025198
0.025434
0.025452
0.025467
0.025481
0.025494
0.025508
0.025521
0.025534
0.025556
0.025587
0.050942
0.051167
0.051184
0.051198
0.051211
0.051225
0.051238
0.051251
0.051264
0.051277
0.051290
0.025936
0.026168
0.026197
0.026222
0.026247
0.026271
0.026296
0.026321
0.026345
0.026368
0.026392
0.025214
0.025455
0.025485
0.025514
0.025538
0.025564
0.025588
0.025612
0.025636
0.025660
0.025683
0.025349
0.025580
0.025622
0.025646
0.025672
0.025697
0.025721
0.025745
0.025769
0.025793
0.025816
0.025337
0.025580
0.025612
0.025640
0.025665
0.025689
0.025714
0.025738
0.025762
0.025786
0.025810
0.024765
0.025004
0.025034
0.025061
0.025088
0.025114
0.025139
0.025163
0.025187
0.025210
0.025234
0.024468
0.024699
0.024738
0.024764
0.024790
0.024815
0.024839
0.024863
0.024887
0.024911
0.024935
0.031824
0.032057
0.032085
0.032120
0.032146
0.032170
0.032195
0.032219
0.032243
0.032267
0.032290
0.028612
0.028847
0.028875
0.028909
0.028934
0.028959
0.028984
0.029007
0.029032
0.029059
0.029083
0.029543
0.029797
0.029829
0.029855
0.029877
0.029893
0.029906
0.029923
0.029943
0.029972
0.029990
0.057742
0.057971
0.057988
0.058002
0.058016
0.058029
0.058042
0.058055
0.058069
0.058081
0.058095
0.032878
0.033114
0.033132
0.033146
0.033160
0.033173
0.033187
0.033200
0.033213
0.033225
0.033238
0.030442
0.030663
0.030690
0.030704
0.030718
0.030731
0.030744
0.030757
0.030770
0.030783
0.030796
0.032326
0.032549
0.032576
0.032590
0.032604
0.032616
0.032629
0.032642
0.032655
0.032668
0.032680
0.033252
0.033484
0.033501
0.033515
0.033530
0.033543
0.033556
0.033569
0.033582
0.033596
0.033608
0.030538
0.030767
0.030785
0.030800
0.030817
0.030831
0.030844
0.030857
0.030870
0.030883
0.030896
0.030922
0.031140
0.031166
0.031180
0.031193
0.031206
0.031219
0.031232
0.031246
0.031259
0.031271
0.031213
0.031449
0.031467
0.031481
0.031495
0.031508
0.031521
0.031534
0.031547
0.031560
0.031573
0.033252
0.033486
0.033503
0.033518
0.033531
0.033545
0.033558
0.033572
0.033585
0.033598
0.033611
0.031702
0.031933
0.031951
0.031965
0.031979
0.031993
0.032006
0.032020
0.032033
0.032046
0.032059
0.057260
0.057493
0.057511
0.057525
0.057538
0.057552
0.057566
0.057579
0.057592
0.057606
0.057619
0.042919
0.043147
0.043164
0.043178
0.043192
0.043205
0.043219
0.043232
0.043245
0.043258
0.043271
0.034358
0.034582
0.034611
0.034629
0.034646
0.034662
0.034680
0.034695
0.034715
0.034730
0.034746
0.031718
0.031946
0.031964
0.031979
0.031992
0.032006
0.032019
0.032032
0.032045
0.032058
0.032072
0.030917
0.031150
0.031167
0.031182
0.031196
0.031209
0.031222
0.031235
0.031248
0.031261
0.031275
0.033597
0.033819
0.033846
0.033861
0.033875
0.033888
0.033901
0.033915
0.033928
0.033941
0.033954
0.031893
0.032115
0.032141
0.032156
0.032169
0.032182
0.032196
0.032209
0.032222
0.032235
0.032248
0.032025
0.032256
0.032273
0.032288
0.032301
0.032315
0.032329
0.032341
0.032354
0.032367
0.032380
0.032633
0.032873
0.032894
0.032911
0.032928
0.032944
0.032960
0.032978
0.032994
0.033010
0.033025
0.031938
0.032176
0.032196
0.032213
0.032229
0.032246
0.032262
0.032278
0.032293
0.032309
0.032324
0.057993
0.058221
0.058240
0.058266
0.058282
0.058298
0.058314
0.058329
0.058345
0.058360
0.058376
0.033054
0.033290
0.033307
0.033321
0.033335
0.033348
0.033361
0.033375
0.033387
0.033401
0.033414
0.031674
0.031901
0.031928
0.031942
0.031955
0.031968
0.031981
0.031995
0.032007
0.032020
0.032033
0.032766
0.033000
0.033017
0.033032
0.033046
0.033059
0.033072
0.033085
0.033098
0.033112
0.033124
0.032309
0.032540
0.032557
0.032571
0.032584
0.032598
0.032611
0.032623
0.032636
0.032649
0.032662
0.031664
0.031895
0.031912
0.031927
0.031940
0.031954
0.031967
0.031980
0.031993
0.032007
0.032020
0.032559
0.033187
0.033206
0.033220
0.033234
0.033247
0.033260
0.033273
0.033286
0.033299
0.033312
0.033822
0.034045
0.034072
0.034087
0.034100
0.034114
0.034127
0.034140
0.034154
0.034166
0.034179
0.031444
0.031675
0.031693
0.031707
0.031720
0.031734
0.031747
0.031760
0.031773
0.031786
0.031800
0.031180
0.031410
0.031427
0.031442
0.031456
0.031469
0.031482
0.031496
0.031509
0.031532
0.031559
0.057182
0.057399
0.057426
0.057440
0.057454
0.057471
0.057484
0.057497
0.057510
0.057523
0.057536
0.033148
0.033379
0.033397
0.033412
0.033426
0.033440
0.033453
0.033466
0.033480
0.033493
0.033506
0.030936
0.031152
0.031179
0.031193
0.031206
0.031220
0.031233
0.031245
0.031258
0.031271
0.031284
0.033684
0.033904
0.033929
0.033944
0.033958
0.033972
0.033985
0.033998
0.034012
0.034025
0.034039
0.032623
0.032853
0.032870
0.032884
0.032897
0.032910
0.032923
0.032937
0.032950
0.032963
0.032975
0.031273
0.031508
0.031525
0.031540
0.031554
0.031567
0.031580
0.031593
0.031606
0.031619
0.031632
0.031354
0.031586
0.031604
0.031618
0.031631
0.031644
0.031658
0.031671
0.031684
0.031697
0.031710
0.031544
0.031783
0.031802
0.031816
0.031830
0.031843
0.031857
0.031870
0.031883
0.031896
0.031909
0.032571
0.032802
0.032820
0.032834
0.032847
0.032861
0.032874
0.032887
0.032900
0.032913
0.032926
0.029256
0.029490
0.029507
0.029521
0.029536
0.029549
0.029563
0.029576
0.029589
0.029602
0.029615
0.055414
0.055635
0.055662
0.055677
0.055690
0.055704
0.055717
0.055730
0.055743
0.055756
0.055769
0.025747
0.025979
0.025998
0.026012
0.026026
0.026039
0.026052
0.026066
0.026079
0.026092
0.026105
0.026266
0.026496
0.026514
0.026528
0.026541
0.026555
0.026568
0.026581
0.026593
0.026607
0.026620
0.026602
0.026836
0.026853
0.026867
0.026881
0.026894
0.026907
0.026920
0.026933
0.026946
0.026959
0.025678
0.025914
0.025931
0.025946
0.025959
0.025973
0.025986
0.025999
0.026012
0.026026
0.026039
0.025476
0.025699
0.025717
0.025731
0.025745
0.025758
0.025771
0.025784
0.025797
0.025810
0.025823
0.025569
0.025798
0.025815
0.025829
0.025843
0.025856
0.025869
0.025882
0.025896
0.025909
0.025922
0.025618
0.025847
0.025865
0.025879
0.025893
0.025906
0.025919
0.025932
0.025945
0.025959
0.025971
0.025535
0.025764
0.025782
0.025796
0.025810
0.025823
0.025837
0.025850
0.025863
0.025877
0.025889
0.025540
0.025772
0.025789
0.025803
0.025817
0.025830
0.025843
0.025856
0.025870
0.025882
0.025896
0.051273
0.051502
0.051520
0.051534
0.051547
0.051560
0.051574
0.051587
0.051600
0.051612
0.051625
0.026929
0.027163
0.027181
0.027195
0.027209
0.027223
0.027236
0.027249
0.027262
0.027275
0.027288
0.027573
0.027803
0.027820
0.027834
0.027848
0.027861
0.027874
0.027887
0.027900
0.027916
0.027929
0.026003
0.026234
0.026252
0.026266
0.026279
0.026293
0.026306
0.026319
0.026332
0.026345
0.026358
0.025714
0.025941
0.025968
0.025983
0.025997
0.026011
0.026024
0.026037
0.026050
0.026063
0.026076
0.025859
0.026086
0.026104
0.026118
0.026132
0.026145
0.026158
0.026171
0.026184
0.026197
0.026210
0.024930
0.025159
0.025176
0.025191
0.025204
0.025218
0.025231
0.025244
0.025257
0.025270
0.025284
0.026475
0.026706
0.026724
0.026737
0.026751
0.026765
0.026778
0.026791
0.026804
0.026817
0.026830
0.026085
0.026317
0.026335
0.026349
0.026362
0.026376
0.026389
0.026402
0.026416
0.026428
0.026441
0.025752
0.025974
0.025999
0.026013
0.026027
0.026041
0.026054
0.026067
0.026080
0.026093
0.026106
0.053293
0.053521
0.053539
0.053553
0.053567
0.053581
0.053594
0.053607
0.053620
0.053633
0.053646
0.026186
0.026407
0.026434
0.026448
0.026462
0.026476
0.026489
0.026502
0.026515
0.026529
0.026542
0.025969
0.026187
0.026214
0.026228
0.026241
0.026254
0.026268
0.026281
0.026294
0.026306
0.026320
0.026565
0.026794
0.026812
0.026827
0.026841
0.026855
0.026868
0.026882
0.026895
0.026908
0.026922
0.025620
0.025854
0.025871
0.025886
0.025899
0.025912
0.025925
0.025938
0.025951
0.025964
0.025977
0.025472
0.025701
0.025718
0.025733
0.025746
0.025759
0.025772
0.025785
0.025798
0.025811
0.025824
0.025363
0.025586
0.025615
0.025629
0.025643
0.025656
0.025669
0.025682
0.025695
0.025708
0.025721
0.025516
0.025739
0.025767
0.025782
0.025795
0.025808
0.025821
0.025835
0.025847
0.025861
0.025874
0.025351
0.025587
0.025605
0.025619
0.025632
0.025645
0.025658
0.025671
0.025684
0.025697
0.025710
0.025406
0.025624
0.025650
0.025664
0.025678
0.025692
0.025706
0.025719
0.025733
0.025747
0.025760
0.051237
0.051464
0.051485
0.051503
0.051520
0.051536
0.051551
0.051567
0.051582
0.051598
0.051613
0.025470
0.025701
0.025718
0.025733
0.025747
0.025759
0.025773
0.025787
0.025800
0.025813
0.025826
0.026471
0.026698
0.026715
0.026729
0.026742
0.026755
0.026768
0.026782
0.026794
0.026807
0.026820
0.026432
0.026663
0.026681
0.026695
0.026709
0.026722
0.026736
0.026749
0.026762
0.026776
0.026789
0.025742
0.025970
0.025987
0.026002
0.026016
0.026029
0.026042
0.026055
0.026068
0.026081
0.026094
0.025470
0.025699
0.025716
0.025730
0.025744
0.025758
0.025771
0.025785
0.025798
0.025811
0.025824
0.025593
0.025821
0.025839
0.025853
0.025866
0.025879
0.025892
0.025905
0.025918
0.025931
0.025944
0.025840
0.026069
0.026087
0.026102
0.026116
0.026129
0.026143
0.026156
0.026168
0.026181
0.026194
0.025891
0.026129
0.026147
0.026161
0.026174
0.026187
0.026200
0.026213
0.026226
0.026239
0.026252
0.025863
0.026156
0.026194
0.026218
0.026243
0.026268
0.026291
0.026312
0.026335
0.026356
0.026377
0.051740
0.051970
0.051988
0.052002
0.052016
0.052030
0.052043
0.052056
0.052069
0.052082
0.052095
0.026091
0.026323
0.026343
0.026358
0.026371
0.026384
0.026398
0.026411
0.026424
0.026437
0.026450
0.026789
0.027021
0.027039
0.027054
0.027068
0.027081
0.027094
0.027108
0.027121
0.027134
0.027148
0.027064
0.027291
0.027308
0.027322
0.027336
0.027349
0.027362
0.027376
0.027389
0.027401
0.027415
0.025328
0.025558
0.025576
0.025590
0.025604
0.025617
0.025630
0.025643
0.025656
0.025669
0.025682
0.025859
0.026098
0.026123
0.026146
0.026170
0.026195
0.026220
0.026244
0.026268
0.026292
0.026316
0.025845
0.026075
0.026097
0.026119
0.026143
0.026167
0.026191
0.026215
0.026238
0.026263
0.026287
0.025730
0.025965
0.025989
0.026011
0.026036
0.026061
0.026085
0.026109
0.026134
0.026157
0.026181
0.026167
0.026397
0.026420
0.026443
0.026467
0.026491
0.026515
0.026539
0.026563
0.026589
0.026612
0.025946
0.026189
0.026219
0.026245
0.026270
0.026296
0.026321
0.026344
0.026369
0.026392
0.026416
0.052516
0.052744
0.052761
0.052775
0.052789
0.052802
0.052815
0.052829
0.052843
0.052856
0.052869
0.025115
0.025351
0.025369
0.025383
0.025397
0.025410
0.025424
0.025437
0.025450
0.025463
0.025477
0.025099
0.025328
0.025345
0.025359
0.025372
0.025386
0.025399
0.025412
0.025426
0.025439
0.025452
0.026321
0.026540
0.026566
0.026581
0.026594
0.026608
0.026622
0.026634
0.026647
0.026660
0.026673
0.026505
0.026737
0.026754
0.026768
0.026781
0.026795
0.026809
0.026822
0.026835
0.026849
0.026861
0.025896
0.026126
0.026143
0.026157
0.026171
0.026184
0.026198
0.026211
0.026224
0.026237
0.026250
0.025684
0.025904
0.025921
0.025944
0.025958
0.025973
0.025986
0.025999
0.026013
0.026025
0.026038
0.025807
0.026036
0.026053
0.026068
0.026081
0.026095
0.026108
0.026121
0.026135
0.026148
0.026161
0.025676
0.025903
0.025920
0.025934
0.025948
0.025961
0.025975
0.025988
0.026000
0.026014
0.026027
0.025674
0.025930
0.025960
0.025974
0.025988
0.026002
0.026016
0.026029
0.026042
0.026055
0.026068
0.051857
0.052082
0.052100
0.052115
0.052129
0.052142
0.052155
0.052169
0.052182
0.052195
0.052208
0.026418
0.026653
0.026670
0.026685
0.026698
0.026712
0.026725
0.026738
0.026751
0.026764
0.026777
0.026422
0.026652
0.026670
0.026685
0.026698
0.026712
0.026725
0.026739
0.026752
0.026765
0.026778
0.026812
0.027039
0.027057
0.027071
0.027085
0.027098
0.027112
0.027125
0.027138
0.027151
0.027164
0.026036
0.026265
0.026282
0.026296
0.026310
0.026324
0.026337
0.026351
0.026364
0.026377
0.026390
0.025163
0.025382
0.025409
0.025423
0.025437
0.025450
0.025463
0.025476
0.025489
0.025502
0.025515
0.025940
0.026170
0.026187
0.026201
0.026215
0.026229
0.026242
0.026256
0.026269
0.026282
0.026295
0.026401
0.026634
0.026651
0.026666
0.026680
0.026693
0.026706
0.026720
0.026733
0.026747
0.026760
0.025962
0.026190
0.026206
0.026220
0.026234
0.026247
0.026260
0.026273
0.026285
0.026298
0.026311
0.025648
0.025866
0.025883
0.025897
0.025920
0.025934
0.025947
0.025960
0.025974
0.025987
0.026000
0.051735
0.051960
0.051978
0.051992
0.052006
0.052019
0.052032
0.052045
0.052058
0.052071
0.052083
0.025892
0.026112
0.026139
0.026153
0.026167
0.026180
0.026193
0.026207
0.026220
0.026233
0.026246
0.026390
0.026619
0.026636
0.026650
0.026664
0.026677
0.026690
0.026703
0.026716
0.026728
0.026741
0.026443
0.026659
0.026685
0.026700
0.026713
0.026727
0.026741
0.026754
0.026768
0.026781
0.026794
0.025549
0.025771
0.025798
0.025812
0.025826
0.025839
0.025852
0.025866
0.025878
0.025892
0.025905
0.025784
0.026013
0.026030
0.026045
0.026059
0.026073
0.026086
0.026099
0.026113
0.026126
0.026139
0.025663
0.025898
0.025915
0.025929
0.025943
0.025956
0.025970
0.025982
0.025995
0.026008
0.026021
0.025482
0.025705
0.025732
0.025747
0.025760
0.025774
0.025788
0.025801
0.025814
0.025827
0.025840
0.025564
0.025793
0.025811
0.025825
0.025839
0.025852
0.025865
0.025878
0.025892
0.025905
0.025918
0.025358
0.025586
0.025603
0.025618
0.025632
0.025645
0.025658
0.025671
0.025685
0.025697
0.025711
0.051169
0.051387
0.051414
0.051428
0.051442
0.051464
0.051478
0.051491
0.051504
0.051517
0.051530
0.027059
0.027282
0.027299
0.027322
0.027336
0.027349
0.027362
0.027375
0.027389
0.027402
0.027415
0.026183
0.026415
0.026432
0.026447
0.026460
0.026473
0.026486
0.026499
0.026512
0.026525
0.026538
0.026648
0.026869
0.026895
0.026910
0.026924
0.026938
0.026951
0.026965
0.026978
0.026991
0.027004
0.027015
0.027241
0.027268
0.027282
0.027296
0.027310
0.027323
0.027337
0.027349
0.027363
0.027376
0.025558
0.025788
0.025806
0.025820
0.025834
0.025847
0.025861
0.025874
0.025887
0.025900
0.025913
0.025351
0.025579
0.025599
0.025615
0.025633
0.025649
0.025664
0.025681
0.025697
0.025711
0.025723
0.024373
0.024603
0.024620
0.024634
0.024651
0.024668
0.024692
0.024723
0.024742
0.024759
0.024773
0.025959
0.026186
0.026203
0.026217
0.026230
0.026244
0.026257
0.026270
0.026283
0.026296
0.026309
0.025884
0.026119
0.026136
0.026150
0.026164
0.026177
0.026191
0.026204
0.026216
0.026230
0.026242
0.051574
0.051806
0.051824
0.051839
0.051852
0.051866
0.051879
0.051892
0.051905
0.051919
0.051931
0.025698
0.025917
0.025943
0.025957
0.025971
0.025984
0.025997
0.026010
0.026023
0.026036
0.026049
0.028400
0.028621
0.028638
0.028652
0.028666
0.028679
0.028693
0.028706
0.028720
0.028733
0.028748
0.026106
0.026321
0.026347
0.026361
0.026375
0.026388
0.026402
0.026415
0.026427
0.026440
0.026453
0.025772
0.026004
0.026021
0.026037
0.026050
0.026063
0.026077
0.026090
0.026103
0.026116
0.026129
0.025501
0.025753
0.025777
0.025792
0.025806
0.025819
0.025832
0.025846
0.025859
0.025872
0.025885
0.025016
0.025259
0.025288
0.025315
0.025340
0.025366
0.025390
0.025414
0.025438
0.025461
0.025485
0.025766
0.026004
0.026033
0.026059
0.026084
0.026110
0.026134
0.026159
0.026183
0.026206
0.026230
0.024966
0.025212
0.025242
0.025270
0.025296
0.025324
0.025349
0.025374
0.025398
0.025422
0.025446
0.025614
0.025853
0.025882
0.025910
0.025935
0.025960
0.025984
0.026008
0.026031
0.026055
0.026079
0.052067
0.052297
0.052338
0.052363
0.052390
0.052414
0.052438
0.052462
0.052485
0.052509
0.052533
0.025462
0.025705
0.025734
0.025757
0.025783
0.025807
0.025831
0.025855
0.025879
0.025903
0.025927
0.025504
0.025748
0.025782
0.025808
0.025833
0.025859
0.025883
0.025907
0.025930
0.025954
0.025978
0.025723
0.025960
0.025992
0.026027
0.026053
0.026077
0.026101
0.026124
0.026149
0.026172
0.026196
0.025046
0.025289
0.025322
0.025347
0.025373
0.025398
0.025422
0.025446
0.025470
0.025493
0.025517
0.025869
0.026108
0.026139
0.026168
0.026193
0.026218
0.026243
0.026267
0.026291
0.026315
0.026338
0.034116
0.034348
0.034384
0.034409
0.034433
0.034458
0.034483
0.034507
0.034531
0.034555
0.034578
0.033836
0.034162
0.034202
0.034235
0.034266
0.034297
0.034339
0.034371
0.034402
0.034434
0.034466
0.025394
0.025629
0.025652
0.025675
0.025700
0.025724
0.025748
0.025773
0.025797
0.025821
0.025845
0.025851
0.026095
0.026125
0.026152
0.026180
0.026206
0.026231
0.026256
0.026280
0.026304
0.026328
0.051328
0.051569
0.051601
0.051627
0.051653
0.051678
0.051702
0.051726
0.051749
0.051773
0.051796
0.026461
0.026695
0.026738
0.026762
0.026788
0.026812
0.026836
0.026861
0.026885
0.026910
0.026934
0.026059
0.026291
0.026332
0.026357
0.026383
0.026407
0.026431
0.026455
0.026478
0.026503
0.026526
0.028387
0.028617
0.028655
0.028681
0.028705
0.028730
0.028753
0.028783
0.028807
0.028831
0.028856
0.024268
0.024502
0.024522
0.024547
0.024564
0.024581
0.024596
0.024613
0.024628
0.024644
0.024659
0.026686
0.026924
0.026945
0.026963
0.026979
0.026995
0.027011
0.027027
0.027043
0.027058
0.027074
0.025292
0.025518
0.025548
0.025565
0.025583
0.025598
0.025615
0.025631
0.025647
0.025663
0.025678
0.025229
0.025464
0.025488
0.025506
0.025522
0.025539
0.025554
0.025571
0.025586
0.025602
0.025617
0.025972
0.026205
0.026225
0.026242
0.026258
0.026273
0.026288
0.026304
0.026319
0.026335
0.026350
0.026547
0.026781
0.026801
0.026819
0.026836
0.026850
0.026863
0.026879
0.026893
0.026906
0.026919
0.052864
0.053085
0.053112
0.053126
0.053139
0.053153
0.053166
0.053180
0.053196
0.053212
0.053228
0.025956
0.026194
0.026215
0.026233
0.026250
0.026267
0.026284
0.026300
0.026315
0.026331
0.026346
0.025515
0.025751
0.025771
0.025788
0.025804
0.025822
0.025837
0.025853
0.025868
0.025884
0.025899
0.025758
0.025983
0.026003
0.026030
0.026047
0.026063
0.026079
0.026094
0.026110
0.026125
0.026141
0.026160
0.026396
0.026414
0.026428
0.026441
0.026454
0.026467
0.026481
0.026494
0.026506
0.026520
0.024878
0.025097
0.025124
0.025138
0.025152
0.025166
0.025179
0.025192
0.025205
0.025218
0.025231
0.024505
0.024738
0.024755
0.024769
0.024783
0.024796
0.024810
0.024822
0.024836
0.024849
0.024862
0.025462
0.025693
0.025709
0.025724
0.025738
0.025751
0.025764
0.025777
0.025790
0.025803
0.025816
0.026347
0.026577
0.026594
0.026608
0.026622
0.026635
0.026649
0.026661
0.026675
0.026688
0.026701
0.024967
0.025207
0.025225
0.025239
0.025253
0.025266
0.025280
0.025293
0.025306
0.025319
0.025333
0.050679
0.050904
0.050922
0.050936
0.050950
0.050963
0.050976
0.050989
0.051002
0.051015
0.051029
0.025007
0.025239
0.025257
0.025272
0.025285
0.025299
0.025312
0.025325
0.025338
0.025351
0.025364
0.025389
0.025621
0.025638
0.025653
0.025666
0.025679
0.025692
0.025705
0.025718
0.025732
0.025745
0.027496
0.027725
0.027743
0.027758
0.027772
0.027785
0.027798
0.027812
0.027824
0.027838
0.027850
0.028546
0.028882
0.028921
0.028955
0.028987
0.029028
0.029060
0.029093
0.029126
0.029158
0.029190
0.026170
0.026400
0.026432
0.026455
0.026479
0.026505
0.026529
0.026553
0.026577
0.026601
0.026624
0.024745
0.024987
0.025017
0.025044
0.025069
0.025094
0.025118
0.025142
0.025166
0.025190
0.025214
0.025421
0.025655
0.025673
0.025687
0.025701
0.025715
0.025728
0.025742
0.025757
0.025775
0.025791
0.026002
0.026238
0.026258
0.026275
0.026292
0.026309
0.026326
0.026342
0.026358
0.026373
0.026389
0.024632
0.024853
0.024883
0.024900
0.024916
0.024931
0.024948
0.024963
0.024979
0.024995
0.025011
0.051143
0.051383
0.051413
0.051430
0.051449
0.051466
0.051481
0.051497
0.051513
0.051528
0.051544
0.026894
0.027134
0.027155
0.027172
0.027188
0.027204
0.027220
0.027236
0.027251
0.027267
0.027282
0.026359
0.026590
0.026608
0.026623
0.026636
0.026650
0.026663
0.026676
0.026690
0.026703
0.026716
0.026191
0.026419
0.026437
0.026450
0.026464
0.026478
0.026491
0.026505
0.026518
0.026531
0.026544
0.026105
0.026333
0.026351
0.026365
0.026378
0.026392
0.026405
0.026418
0.026431
0.026443
0.026456
0.026246
0.026471
0.026498
0.026512
0.026526
0.026539
0.026552
0.026566
0.026579
0.026592
0.026605
0.026372
0.026606
0.026623
0.026637
0.026651
0.026665
0.026679
0.026692
0.026705
0.026718
0.026731
0.026087
0.026315
0.026333
0.026347
0.026362
0.026375
0.026388
0.026402
0.026415
0.026428
0.026441
0.025309
0.025530
0.025556
0.025571
0.025584
0.025597
0.025611
0.025624
0.025637
0.025650
0.025663
0.029362
0.029598
0.029615
0.029629
0.029643
0.029659
0.029672
0.029685
0.029698
0.029711
0.029725
0.051385
0.051610
0.051627
0.051641
0.051655
0.051669
0.051682
0.051695
0.051708
0.051721
0.051734
0.026452
0.026688
0.026705
0.026719
0.026732
0.026746
0.026759
0.026772
0.026785
0.026798
0.026812
0.027267
0.027497
0.027514
0.027528
0.027541
0.027555
0.027568
0.027581
0.027594
0.027607
0.027620
0.026467
0.026696
0.026713
0.026728
0.026741
0.026754
0.026768
0.026781
0.026795
0.026809
0.026822
0.026208
0.026442
0.026459
0.026473
0.026486
0.026500
0.026513
0.026527
0.026540
0.026553
0.026566
0.026721
0.026963
0.026982
0.026999
0.027015
0.027031
0.027047
0.027063
0.027079
0.027095
0.027111
0.027082
0.027333
0.027363
0.027380
0.027395
0.027409
0.027422
0.027436
0.027449
0.027462
0.027475
0.027131
0.027349
0.027375
0.027389
0.027403
0.027416
0.027430
0.027443
0.027456
0.027469
0.027482
0.026532
0.026762
0.026779
0.026793
0.026807
0.026820
0.026833
0.026846
0.026859
0.026873
0.026886
0.025680
0.025898
0.025924
0.025939
0.025953
0.025966
0.025980
0.025993
0.026006
0.026020
0.026032
0.053065
0.053291
0.053308
0.053322
0.053336
0.053349
0.053362
0.053375
0.053388
0.053401
0.053414
0.026990
0.027218
0.027236
0.027250
0.027264
0.027278
0.027291
0.027304
0.027318
0.027331
0.027344
0.027585
0.027815
0.027832
0.027846
0.027859
0.027873
0.027886
0.027899
0.027911
0.027925
0.027937
0.026678
0.026898
0.026924
0.026938
0.026953
0.026966
0.026979
0.026993
0.027006
0.027019
0.027031
0.026644
0.026886
0.026904
0.026919
0.026933
0.026946
0.026959
0.026972
0.026985
0.026999
0.027012
0.026752
0.026971
0.026998
0.027013
0.027027
0.027040
0.027054
0.027067
0.027081
0.027094
0.027107
0.026573
0.026803
0.026820
0.026834
0.026848
0.026861
0.026874
0.026888
0.026901
0.026914
0.026927
0.026961
0.027191
0.027209
0.027223
0.027237
0.027250
0.027263
0.027276
0.027289
0.027302
0.027315
0.026687
0.026925
0.026942
0.026956
0.026970
0.026983
0.026996
0.027009
0.027022
0.027034
0.027047
0.027186
0.027415
0.027433
0.027447
0.027461
0.027474
0.027488
0.027501
0.027514
0.027527
0.027540
0.053576
0.053795
0.053821
0.053835
0.053849
0.053862
0.053875
0.053888
0.053901
0.053914
0.053927
0.028595
0.028823
0.028840
0.028855
0.028869
0.028882
0.028895
0.028908
0.028922
0.028935
0.028948
0.027463
0.027692
0.027709
0.027723
0.027736
0.027750
0.027763
0.027776
0.027789
0.027803
0.027816
0.026310
0.026538
0.026556
0.026570
0.026585
0.026598
0.026612
0.026625
0.026638
0.026651
0.026664
0.026631
0.026862
0.026879
0.026893
0.026906
0.026920
0.026932
0.026946
0.026959
0.026973
0.026986
0.026319
0.026550
0.026568
0.026582
0.026596
0.026609
0.026622
0.026635
0.026648
0.026661
0.026674
0.026311
0.026542
0.026559
0.026572
0.026586
0.026599
0.026612
0.026625
0.026639
0.026652
0.026665
0.026448
0.026678
0.026695
0.026709
0.026723
0.026736
0.026749
0.026762
0.026776
0.026788
0.026802
0.026267
0.026493
0.026511
0.026525
0.026538
0.026551
0.026565
0.026578
0.026592
0.026604
0.026617
0.028065
0.028288
0.028315
0.028330
0.028344
0.028357
0.028371
0.028384
0.028397
0.028410
0.028429
0.053287
0.053509
0.053535
0.053550
0.053564
0.053577
0.053591
0.053604
0.053617
0.053630
0.053643
0.027270
0.027495
0.027522
0.027537
0.027551
0.027565
0.027578
0.027592
0.027605
0.027618
0.027631
0.026076
0.026307
0.026325
0.026339
0.026352
0.026365
0.026379
0.026392
0.026406
0.026418
0.026432
0.026210
0.026438
0.026456
0.026470
0.026483
0.026497
0.026510
0.026524
0.026537
0.026550
0.026563
0.025239
0.025461
0.025488
0.025502
0.025516
0.025530
0.025543
0.025557
0.025570
0.025583
0.025596
0.026073
0.026300
0.026318
0.026332
0.026345
0.026358
0.026372
0.026385
0.026398
0.026411
0.026424
0.025874
0.026101
0.026118
0.026132
0.026146
0.026160
0.026173
0.026187
0.026200
0.026213
0.026226
0.026330
0.026560
0.026578
0.026592
0.026606
0.026619
0.026633
0.026646
0.026659
0.026672
0.026685
0.026495
0.026709
0.026735
0.026750
0.026763
0.026777
0.026790
0.026803
0.026817
0.026829
0.026842
0.026253
0.026484
0.026500
0.026515
0.026529
0.026545
0.026562
0.026579
0.026595
0.026611
0.026627
0.051876
0.052098
0.052129
0.052146
0.052163
0.052179
0.052195
0.052212
0.052227
0.052243
0.052259
0.027148
0.027381
0.027402
0.027420
0.027436
0.027452
0.027468
0.027483
0.027499
0.027515
0.027530
0.027390
0.027620
0.027663
0.027689
0.027714
0.027740
0.027764
0.027788
0.027812
0.027836
0.027860
0.026925
0.027157
0.027182
0.027206
0.027230
0.027254
0.027279
0.027303
0.027327
0.027350
0.027374
0.025819
0.026049
0.026065
0.026080
0.026093
0.026106
0.026119
0.026133
0.026145
0.026167
0.026194
0.025727
0.025956
0.025973
0.025987
0.026001
0.026014
0.026027
0.026040
0.026053
0.026066
0.026079
0.026809
0.027037
0.027055
0.027069
0.027083
0.027096
0.027110
0.027123
0.027137
0.027150
0.027163
0.026098
0.026330
0.026347
0.026361
0.026375
0.026388
0.026402
0.026415
0.026428
0.026441
0.026455
0.025320
0.025550
0.025567
0.025581
0.025595
0.025608
0.025621
0.025635
0.025648
0.025661
0.025674
0.026220
0.026451
0.026468
0.026482
0.026495
0.026509
0.026522
0.026536
0.026549
0.026562
0.026576
0.053078
0.053311
0.053328
0.053342
0.053355
0.053369
0.053382
0.053395
0.053407
0.053420
0.053433
0.027144
0.027375
0.027396
0.027414
0.027432
0.027448
0.027464
0.027481
0.027497
0.027513
0.027529
0.027298
0.027534
0.027554
0.027571
0.027587
