908	161	89	253
908	161	89	253
916	162	89	255
925	164	90	257
934	165	91	260
943	167	92	262
952	168	93	265
961	170	94	267
970	172	95	270
979	173	96	272
988	175	96	275
997	176	97	277
905	163	89	253
904	163	89	253
904	163	89	253
904	163	89	253
904	163	89	253
903	163	89	253
903	164	89	253
903	164	89	253
903	164	89	253
902	164	89	253
902	164	89	253
900	169	87	248
899	169	86	247
899	169	86	247
898	170	86	247
898	170	86	247
898	170	86	246
897	171	86	246
897	171	86	246
897	172	86	245
896	172	86	245
896	173	85	245
898	172	87	248
897	172	86	247
897	172	86	247
897	173	86	247
896	173	86	247
896	173	86	247
896	174	86	247
896	174	86	246
895	174	86	246
895	175	86	246
895	175	86	246
903	172	87	248
902	172	86	247
902	172	86	247
903	172	86	247
903	172	86	247
903	172	86	247
903	172	86	247
903	173	86	247
903	173	86	247
904	173	86	247
904	173	86	247
909	170	90	258
909	170	89	257
909	170	90	258
910	169	90	259
910	169	90	259
910	169	90	260
911	169	90	260
911	169	90	261
912	169	91	261
912	169	91	262
913	169	91	262
911	170	92	263
911	169	92	263
911	169	92	264
912	169	92	264
912	169	92	265
912	169	92	265
912	169	93	266
913	169	93	266
913	169	93	267
913	169	93	267
914	169	93	268
909	176	90	258
909	175	90	258
909	176	90	258
909	176	90	258
909	176	90	258
909	177	90	258
909	177	89	258
909	177	89	258
909	178	89	258
909	178	89	257
909	178	89	257
907	174	94	268
906	174	93	267
906	174	94	268
906	174	94	268
906	174	94	269
906	174	94	269
906	174	94	270
906	174	95	270
906	174	95	271
905	174	95	271
905	174	95	272
914	179	90	258
913	179	90	258
914	179	90	258
914	179	89	257
914	179	89	257
915	180	89	257
915	180	89	256
915	180	89	256
916	180	89	256
916	181	89	255
916	181	88	255
926	179	90	258
926	179	89	257
927	179	89	257
927	179	89	257
928	179	89	257
929	179	89	256
930	179	89	256
931	179	89	256
932	180	89	256
932	180	89	256
933	180	89	256
933	184	87	248
933	184	86	247
934	184	86	247
935	184	86	246
936	185	86	245
936	185	86	245
937	185	85	244
938	186	85	244
938	186	85	243
939	186	85	242
940	186	85	242
933	179	90	258
933	179	89	257
934	179	89	257
934	179	89	257
934	178	90	258
934	178	90	258
935	178	90	258
935	178	90	259
935	178	90	259
935	178	90	259
936	178	90	259
925	192	87	248
925	191	87	248
924	192	86	247
924	193	86	247
924	193	86	247
923	194	86	246
923	195	86	246
923	195	86	245
922	196	86	245
922	196	86	245
922	197	86	244
908	189	83	238
907	189	82	237
906	189	82	236
905	189	82	236
904	190	82	235
903	190	81	234
902	190	81	233
900	190	81	233
899	190	80	232
898	190	80	231
897	190	80	230
871	176	80	229
869	176	79	228
867	175	79	227
864	174	79	226
862	174	78	225
859	173	78	225
857	172	78	224
854	171	78	223
852	171	77	222
849	170	77	221
847	169	77	220
837	177	82	233
834	176	81	232
831	176	81	232
828	175	81	231
825	175	81	231
822	175	81	231
819	174	81	231
816	174	81	231
813	174	81	231
810	174	81	231
807	173	81	231
822	171	80	229
819	170	80	228
817	170	79	228
815	169	79	228
813	169	79	228
811	169	79	228
809	168	79	227
807	168	79	227
804	167	79	227
802	167	79	227
800	167	79	226
787	162	83	238
785	161	82	237
782	160	83	238
779	160	83	238
776	159	83	238
774	158	83	239
771	158	83	239
768	157	83	240
766	156	83	240
763	156	83	241
760	155	84	241
881	152	83	238
878	151	83	238
882	150	83	238
886	149	83	238
890	148	83	238
894	148	83	239
898	147	83	239
903	146	83	239
907	145	83	239
911	144	83	239
915	143	83	240
924	165	85	243
928	164	85	243
932	164	85	243
936	164	85	243
941	165	85	244
945	165	85	244
950	166	85	244
954	166	85	245
958	166	85	245
963	167	86	245
967	167	86	246
922	176	85	243
926	176	85	243
928	177	85	243
929	178	85	243
931	178	85	243
932	179	85	243
934	180	85	244
936	181	85	244
937	182	85	244
939	183	85	244
940	183	85	244
920	186	87	248
921	186	87	248
921	187	87	248
922	188	87	248
922	189	87	249
923	190	87	249
923	191	87	249
923	192	87	250
924	193	87	250
924	194	88	250
924	194	88	251
912	196	83	238
912	196	83	238
911	197	82	237
911	198	82	237
911	199	82	237
910	200	82	236
910	201	82	236
910	202	82	235
909	203	81	235
909	204	81	234
909	205	81	234
903	186	85	243
902	186	84	242
901	186	84	242
901	186	84	242
900	186	84	242
899	186	84	242
899	185	84	242
898	185	85	243
897	185	85	243
897	185	85	243
896	185	85	243
897	208	82	233
896	207	82	233
895	208	81	232
895	209	81	232
894	211	81	231
893	212	81	231
893	213	81	230
892	214	81	230
891	215	81	229
891	216	80	229
890	217	80	228
894	195	85	243
893	196	84	242
892	195	84	242
892	195	85	243
892	195	85	243
891	195	85	243
891	194	85	244
890	194	85	244
890	194	85	244
890	194	85	245
889	194	85	245
872	202	82	233
871	201	82	233
870	201	81	232
868	202	81	232
867	202	81	232
866	202	81	231
864	202	81	231
863	203	81	231
862	203	81	230
860	203	81	230
859	203	81	229
839	216	80	229
837	216	79	228
835	217	79	228
832	218	79	227
830	218	79	227
827	219	79	226
825	220	79	226
823	221	78	226
820	222	78	225
818	223	78	225
815	224	78	224
766	218	77	220
763	218	76	219
758	219	76	218
753	219	76	218
748	220	76	217
743	220	75	216
738	221	75	216
733	221	75	215
728	222	75	214
723	222	74	214
718	223	74	213
751	232	75	215
745	232	74	214
742	233	74	213
740	234	74	213
737	235	74	212
734	236	73	212
731	237	73	211
728	238	73	211
725	239	73	210
722	240	73	209
719	241	72	209
755	239	77	220
752	239	76	219
751	240	76	219
750	241	76	219
749	242	76	219
748	243	76	219
747	243	76	219
747	244	76	219
746	245	77	219
745	246	77	220
744	246	77	220
700	237	80	229
699	237	80	229
695	237	80	229
692	238	80	230
689	238	80	230
686	238	80	231
682	238	80	231
679	238	81	232
676	239	81	232
673	239	81	233
669	239	81	234
665	241	80	229
661	241	80	229
658	241	80	229
655	241	80	230
651	241	80	230
648	242	80	230
645	242	80	230
641	242	80	231
638	243	80	231
635	243	80	231
631	243	80	231
663	253	77	220
659	253	77	220
658	254	76	219
656	254	76	219
655	255	76	218
653	256	76	218
652	257	76	218
651	257	76	217
649	258	76	217
648	259	75	216
646	260	75	216
665	255	75	215
663	255	74	214
663	256	74	214
662	256	74	213
662	257	74	213
662	257	74	212
661	257	73	212
661	258	73	211
661	258	73	211
660	259	73	210
660	259	73	210
647	260	75	215
646	260	74	214
645	260	74	214
644	261	74	214
643	261	74	213
642	262	74	213
641	262	74	213
640	263	74	213
639	263	74	213
638	263	74	213
637	264	74	212
631	253	79	224
629	253	78	223
628	253	79	224
627	252	79	224
625	252	79	225
624	252	79	225
623	252	79	226
621	252	80	226
620	251	80	226
619	251	80	227
617	251	80	227
667	259	82	233
665	258	82	233
667	258	82	234
668	259	82	234
670	259	82	235
671	259	83	236
672	259	83	236
674	260	83	237
675	260	84	238
677	260	84	239
678	260	84	239
646	247	83	238
647	247	83	238
647	246	83	239
646	246	83	239
646	245	83	240
645	244	83	240
645	244	84	241
644	243	84	242
644	243	84	242
643	242	84	243
643	242	84	243
639	229	87	248
638	228	87	248
637	227	87	249
637	225	87	250
636	224	87	250
635	223	88	251
635	222	88	252
634	220	88	253
633	219	89	253
633	218	89	254
632	217	89	255
671	227	88	252
670	225	88	252
671	225	88	253
673	224	88	253
674	223	88	254
676	223	88	254
677	222	89	255
679	221	89	255
680	221	89	256
682	220	89	257
683	219	89	257
714	245	87	248
715	244	87	248
718	245	87	248
721	245	87	248
724	246	87	248
727	247	87	248
730	248	87	248
734	249	87	248
737	249	87	248
740	250	87	248
743	251	87	248
745	269	87	248
748	269	87	247
751	271	86	247
754	273	86	247
757	274	86	247
760	276	86	247
763	278	86	247
766	280	86	247
769	281	86	247
772	283	86	247
775	285	86	247
790	277	88	252
793	278	87	251
796	279	88	252
800	281	88	252
804	282	88	252
807	283	88	252
811	284	88	252
815	285	88	253
818	286	88	253
822	288	88	253
826	289	88	253
674	294	90	258
677	295	90	258
672	296	90	258
667	297	90	259
662	299	90	259
657	300	90	259
652	301	90	260
647	303	90	260
642	304	90	261
637	306	91	261
632	307	91	262
683	300	94	268
677	301	94	268
676	302	94	269
674	303	94	269
672	304	94	270
670	304	95	271
668	305	95	272
666	306	95	272
664	307	96	273
662	308	96	274
660	309	96	275
667	320	96	273
665	320	96	273
663	322	96	274
662	323	96	274
660	325	96	275
659	326	97	276
657	327	97	276
656	329	97	277
654	330	97	277
653	332	98	278
651	333	98	278
596	314	92	263
594	315	92	263
590	315	92	263
585	315	91	262
581	316	91	262
576	316	91	262
572	316	91	261
567	316	91	261
563	317	91	261
558	317	91	260
554	317	91	260
525	301	88	252
520	301	87	251
514	300	87	250
508	299	87	250
502	299	86	249
497	298	86	248
491	297	86	247
485	297	86	246
479	296	85	246
473	295	85	245
467	295	85	244
626	323	90	258
620	322	89	257
623	323	89	257
626	324	89	257
629	324	89	257
633	325	89	257
636	326	89	257
639	327	89	257
642	328	89	257
646	329	89	257
649	330	89	257
580	299	87	248
583	299	86	248
582	299	86	247
581	298	86	246
580	297	86	246
580	296	86	245
579	295	86	245
578	294	86	244
577	293	85	244
577	292	85	243
576	291	85	243
579	291	83	238
578	290	82	237
577	289	82	236
577	288	82	235
576	287	81	235
575	286	81	234
575	285	81	233
574	284	81	232
574	283	80	232
573	282	80	231
572	282	80	230
590	299	87	248
589	298	86	247
589	298	86	247
590	298	86	247
590	298	87	247
590	298	87	248
591	298	87	248
591	298	87	248
592	298	87	248
592	298	87	249
592	298	87	249
479	299	83	238
479	299	83	238
473	299	82	237
467	299	82	237
461	299	82	237
455	299	82	236
449	299	82	236
443	299	82	235
437	299	81	235
431	299	81	234
425	299	81	234
505	296	83	238
499	296	82	237
497	295	82	237
496	295	82	237
495	295	82	237
494	295	82	236
492	295	82	236
491	295	82	236
490	295	82	236
489	295	82	236
487	294	82	235
542	275	85	243
540	274	84	242
542	273	85	243
544	272	85	243
546	271	85	243
548	269	85	243
549	268	85	243
551	267	85	244
553	266	85	244
555	265	85	244
557	263	85	244
516	273	82	233
517	271	82	233
517	271	81	232
516	270	81	232
516	269	81	231
515	269	81	231
515	268	81	230
514	267	81	230
513	267	81	230
513	266	81	229
512	265	80	229
459	275	79	224
458	274	78	223
454	274	78	222
451	274	78	222
447	274	78	221
444	273	77	220
440	273	77	219
437	273	77	219
433	273	77	218
430	273	77	217
426	273	76	217
382	271	79	224
378	270	78	223
372	270	78	222
366	270	78	222
361	270	78	222
355	269	78	222
349	269	78	221
343	269	78	221
337	269	78	221
332	269	78	220
326	268	77	220
481	283	80	229
475	282	79	228
478	283	79	228
481	283	79	229
484	284	79	229
487	285	80	229
490	285	80	229
493	286	80	229
496	286	80	230
499	287	80	230
503	287	80	230
515	271	83	238
518	271	83	238
521	271	83	238
525	270	83	239
528	270	83	239
532	269	83	240
536	269	83	241
539	269	84	241
543	268	84	242
546	268	84	242
550	267	84	243
392	289	85	243
395	288	85	243
390	289	85	244
384	290	85	244
379	290	85	245
374	291	85	245
368	292	86	246
363	293	86	246
357	294	86	247
352	294	86	247
347	295	86	248
447	297	85	243
441	297	85	243
441	298	85	243
442	299	85	243
442	300	85	244
443	301	85	244
443	301	85	244
444	302	85	244
444	303	85	244
445	304	85	245
445	305	85	245
551	317	88	252
551	317	88	252
557	319	88	252
563	320	88	253
570	322	88	253
576	323	88	254
582	324	89	255
589	326	89	255
595	327	89	256
601	329	89	256
607	330	89	257
525	255	87	248
531	256	87	248
532	253	87	248
533	250	87	248
535	247	87	248
536	245	87	248
537	242	87	248
539	239	87	248
540	236	87	248
541	233	87	248
543	230	87	248
517	260	87	248
518	257	87	248
518	256	87	247
517	254	87	247
517	253	87	247
517	252	87	247
517	251	87	247
517	250	87	247
516	249	87	247
516	248	87	247
516	247	87	247
530	263	88	252
529	261	87	251
530	261	88	252
530	261	88	252
531	261	88	252
532	261	88	252
532	261	88	253
533	261	88	253
533	260	88	253
534	260	88	253
534	260	88	253
631	317	85	243
631	316	85	243
637	319	84	242
643	322	84	242
649	325	84	242
654	328	84	241
660	331	84	241
666	334	84	240
672	337	84	240
678	340	83	239
684	343	83	239
610	326	82	233
615	329	81	232
617	330	81	231
618	332	81	231
620	334	81	230
621	336	80	229
622	338	80	228
624	340	80	228
625	341	80	227
627	343	79	226
628	345	79	225
562	303	83	238
563	304	82	237
561	304	82	237
558	303	82	237
556	302	82	237
554	302	82	237
551	301	82	237
549	301	82	237
546	300	82	237
544	299	82	236
542	299	82	236
503	338	80	229
500	337	79	228
496	338	79	228
491	340	79	228
487	342	79	227
483	343	79	227
478	345	79	226
474	346	78	226
469	348	78	225
465	349	78	225
461	351	78	224
514	305	83	238
509	306	82	237
508	305	82	237
507	304	83	238
505	303	83	238
504	302	83	238
503	301	83	238
502	299	83	239
501	298	83	239
499	297	83	239
498	296	83	240
444	273	87	248
442	271	87	248
438	269	87	248
434	267	87	249
430	264	87	250
426	262	88	251
421	260	88	251
417	257	88	252
413	255	89	253
409	253	89	253
405	250	89	254
439	283	90	258
434	280	90	258
432	280	90	259
430	279	90	260
428	279	91	261
426	278	91	262
424	278	91	262
422	278	91	263
420	277	92	264
418	277	92	265
416	276	92	266
421	283	92	263
418	282	92	263
417	282	92	264
415	282	92	265
413	282	92	265
412	282	93	266
410	282	93	266
408	282	93	267
407	282	93	268
405	282	94	268
403	282	94	269
383	278	94	268
381	277	94	268
378	277	94	269
375	277	94	269
373	277	94	270
370	276	94	270
367	276	95	271
364	276	95	271
362	275	95	272
359	275	95	272
356	275	95	273
339	248	98	279
336	247	98	279
332	245	98	280
329	244	98	281
325	242	99	281
321	240	99	282
318	238	99	283
314	237	99	284
311	235	100	285
307	233	100	285
304	231	100	286
297	287	98	279
293	285	98	279
289	286	98	280
285	287	98	280
282	289	98	280
278	290	98	281
274	292	98	281
270	293	99	281
267	294	99	282
263	296	99	282
259	297	99	282
333	302	98	279
329	303	98	279
329	304	98	279
330	306	98	279
330	308	98	279
331	309	98	279
331	311	98	279
332	312	98	279
332	314	98	280
333	315	98	280
333	317	98	280
401	270	96	273
401	271	96	273
405	270	95	272
409	269	95	272
414	268	95	272
418	266	95	271
422	265	95	271
426	264	95	271
431	263	95	270
435	262	95	270
439	261	95	270
465	267	92	263
469	265	91	262
474	265	91	262
480	264	91	261
485	263	91	260
490	262	90	259
496	261	90	259
501	261	90	258
507	260	90	257
512	259	89	257
517	258	89	256
552	265	92	263
557	264	91	262
564	263	91	262
571	263	91	261
578	263	91	261
585	262	91	261
592	262	91	260
599	261	91	260
606	261	90	260
613	261	90	259
620	260	90	259
553	259	90	258
560	258	89	257
562	258	89	257
565	257	89	256
568	257	89	256
571	256	89	256
574	256	89	255
577	255	89	255
580	255	88	255
583	254	88	254
585	254	88	254
514	245	90	258
516	244	89	257
515	243	89	257
514	242	89	257
513	241	89	257
511	240	89	257
510	239	89	256
509	238	89	256
507	237	89	256
506	236	89	256
505	235	89	256
437	266	94	268
435	265	93	267
430	265	94	268
425	266	94	268
420	267	94	269
415	268	94	269
410	268	94	270
405	269	95	270
400	270	95	271
395	271	95	271
390	271	95	272
441	279	90	258
435	279	90	258
434	280	90	258
432	281	89	257
430	283	89	257
428	284	89	257
426	285	89	256
424	286	89	256
422	287	89	256
420	288	89	255
418	289	89	255
552	255	87	248
549	256	86	247
555	255	86	246
561	254	86	246
566	253	86	245
572	252	85	244
577	251	85	244
583	250	85	243
589	249	85	242
594	249	84	241
600	248	84	241
661	258	90	258
666	257	89	257
675	256	89	257
683	256	89	257
692	256	89	258
701	255	90	258
709	255	90	258
718	255	90	258
727	255	90	259
735	254	90	259
744	254	90	259
647	247	94	268
655	246	94	268
658	246	94	268
661	245	94	269
663	244	94	270
666	243	95	271
669	243	95	271
672	242	95	272
675	241	95	273
677	241	96	273
680	240	96	274
679	247	96	273
681	246	96	273
684	246	96	274
686	245	96	274
689	245	96	275
691	245	97	276
694	244	97	276
696	244	97	277
699	244	97	277
701	243	98	278
704	243	98	278
717	250	92	263
719	249	92	263
722	249	92	263
725	249	91	262
728	249	91	262
731	250	91	262
734	250	91	261
737	250	91	261
741	250	91	261
744	250	91	260
747	250	91	260
725	244	88	252
728	244	87	251
729	243	87	250
731	243	87	250
733	243	86	249
734	242	86	248
736	242	86	247
738	242	86	246
739	242	85	246
741	241	85	245
743	241	85	244
692	233	85	243
693	232	84	242
692	231	84	241
691	231	84	240
689	230	83	239
688	229	83	238
687	229	83	238
686	228	82	237
684	227	82	236
683	226	82	235
682	226	82	234
652	235	83	238
650	234	82	237
647	234	82	236
645	233	82	235
642	233	82	235
639	233	81	234
636	233	81	234
633	233	81	233
630	232	81	232
627	232	80	232
624	232	80	231
624	225	83	238
621	224	82	237
618	224	82	237
615	223	82	236
612	222	82	236
610	222	82	236
607	221	82	236
604	221	82	236
601	220	82	235
599	219	82	235
596	219	82	235
665	225	82	233
662	224	81	232
663	224	81	232
664	223	81	232
665	223	81	231
667	223	81	231
668	223	81	231
669	222	81	230
670	222	81	230
671	222	81	230
673	222	81	229
718	218	85	243
719	217	84	242
722	217	85	243
726	216	85	243
730	216	85	243
733	215	85	244
737	215	85	244
740	214	85	245
744	214	85	245
748	213	86	245
751	213	86	246
676	217	83	238
679	216	83	238
678	216	83	238
678	216	83	238
677	215	82	238
676	215	82	238
675	215	82	238
674	215	82	237
674	214	82	237
673	214	82	237
672	214	82	237
648	217	87	248
647	216	86	247
645	216	87	248
643	216	87	248
640	216	87	249
638	216	87	249
636	216	87	250
634	216	88	250
632	216	88	251
630	216	88	251
628	215	88	252
556	217	88	252
553	216	88	252
547	216	88	252
541	216	88	253
535	216	88	253
529	216	88	254
523	216	88	254
517	216	89	255
511	216	89	255
505	216	89	256
499	216	89	256
456	225	85	243
450	224	85	243
441	225	85	243
433	225	84	242
425	226	84	242
417	226	84	242
409	227	84	241
401	227	84	241
393	228	84	241
385	228	84	240
377	228	84	240
357	242	87	248
348	242	86	247
340	243	86	247
331	244	86	247
322	245	87	247
313	246	87	248
305	248	87	248
296	249	87	248
287	250	87	248
278	251	87	248
269	252	87	248
312	245	87	248
303	246	87	248
297	246	87	248
291	247	87	248
285	248	87	248
279	248	87	248
273	249	87	248
267	250	87	248
261	250	87	248
255	251	87	248
249	251	87	248
308	260	85	243
302	260	85	243
299	261	84	242
297	262	84	242
294	263	84	242
292	264	84	242
290	265	84	241
287	266	84	241
285	268	84	241
282	269	84	241
280	270	84	240
236	274	88	252
233	275	87	251
228	276	88	252
224	277	88	252
219	278	88	252
214	279	88	253
210	281	88	253
205	282	88	254
200	283	88	254
195	284	88	254
191	285	88	255
297	255	92	263
292	256	92	263
293	255	92	264
295	255	92	264
296	254	92	265
297	253	93	266
299	253	93	267
300	252	93	268
302	252	94	268
303	251	94	269
304	251	94	270
289	272	90	258
290	271	90	258
290	272	90	258
291	272	90	258
291	273	90	258
292	273	90	259
292	274	90	259
293	275	90	259
293	275	90	259
294	276	90	259
294	276	90	259
288	267	94	268
288	267	94	268
288	267	94	268
288	267	94	269
288	267	94	269
288	267	94	270
288	267	95	270
288	267	95	271
288	267	95	271
288	267	95	272
289	267	95	272
290	280	90	258
290	280	90	258
290	280	90	258
290	281	89	257
290	282	89	257
290	282	89	257
290	283	89	256
290	284	89	256
290	284	89	256
290	285	89	255
291	286	89	255
334	272	87	248
334	272	86	247
336	272	86	246
339	272	86	246
341	272	86	245
344	272	85	244
346	272	85	244
349	271	85	243
351	271	85	242
354	271	84	241
356	271	84	241
306	316	85	243
308	315	84	242
308	318	84	241
307	320	84	241
307	322	84	240
306	325	83	239
306	327	83	239
305	329	83	238
305	332	83	238
304	334	83	237
304	336	82	237
339	298	83	238
338	300	82	237
340	300	82	236
341	300	82	236
343	300	82	235
344	300	82	235
345	300	81	234
347	300	81	234
348	300	81	233
350	300	81	233
351	300	81	232
328	281	85	243
329	281	84	242
329	280	84	242
329	278	84	242
329	277	84	242
329	276	84	242
329	275	84	242
329	274	85	243
330	273	85	243
330	272	85	243
330	271	85	243
338	278	87	248
338	276	87	248
338	276	87	248
339	275	87	248
339	275	87	249
340	274	87	249
340	273	87	249
341	273	87	250
341	272	88	250
342	271	88	250
342	271	88	251
351	267	88	252
351	266	88	252
352	265	88	252
353	264	88	253
354	263	88	253
355	263	88	253
356	262	88	254
357	261	88	254
358	260	88	254
359	259	89	255
359	258	89	255
356	265	85	243
356	264	85	243
357	263	84	243
358	263	84	242
358	262	84	242
359	262	84	241
360	261	84	241
360	261	84	241
361	261	84	240
362	260	84	240
362	260	84	240
345	267	82	233
345	266	81	232
345	266	81	231
344	266	81	231
344	266	81	230
344	266	80	229
343	266	80	228
343	266	80	228
343	266	80	227
342	266	80	226
342	266	79	226
336	262	85	243
335	261	84	242
334	261	84	242
334	261	84	242
333	261	84	243
332	260	85	243
332	260	85	243
331	260	85	243
330	260	85	243
330	259	85	244
329	259	85	244
345	262	82	233
344	261	82	233
344	261	81	232
344	261	81	232
344	261	81	232
345	261	81	231
345	261	81	231
345	261	81	230
345	260	81	230
345	260	81	230
346	260	80	229
358	264	79	224
358	263	78	223
359	263	78	222
359	264	78	222
360	264	78	221
361	264	77	220
362	264	77	220
363	264	77	219
364	264	77	218
365	264	77	218
365	264	76	217
378	267	75	215
378	267	74	214
380	267	74	213
381	267	74	212
383	267	73	211
384	267	73	211
386	268	73	210
387	268	72	209
389	268	72	208
390	268	72	208
392	268	71	207
395	262	73	207
396	262	72	206
398	262	72	205
399	261	72	204
401	261	71	203
402	261	71	203
404	261	71	202
405	261	71	201
407	260	71	200
408	260	70	200
410	260	70	199
408	258	75	215
409	257	74	214
410	257	74	214
412	257	74	214
413	256	74	214
414	256	74	214
416	256	74	214
417	255	74	215
418	255	74	215
420	255	74	215
421	254	74	215
433	242	79	224
434	241	79	224
436	240	79	224
438	239	79	225
440	238	79	225
441	237	80	226
443	236	80	227
445	235	80	227
447	234	80	228
449	233	80	229
451	232	81	229
456	235	82	233
457	233	82	233
459	233	82	234
461	232	82	235
464	231	83	235
466	230	83	236
468	229	83	237
470	229	83	238
472	228	84	238
474	227	84	239
476	226	84	240
486	237	80	229
488	236	80	229
490	235	80	229
492	235	80	229
495	235	80	230
497	235	80	230
500	235	80	230
502	234	80	230
505	234	80	230
507	234	80	230
510	234	80	230
505	235	80	229
507	234	79	229
509	234	79	229
511	234	79	229
513	234	79	229
515	234	79	229
517	234	79	229
519	233	79	229
521	233	79	229
523	233	79	229
525	233	79	229
528	233	79	224
530	232	78	223
532	232	78	223
534	232	78	223
536	232	78	223
538	232	78	222
540	232	78	222
542	231	78	222
544	231	78	222
546	231	78	221
548	231	78	221
544	231	82	233
546	230	81	232
547	230	82	233
549	230	82	233
551	230	82	233
552	230	82	234
554	229	82	234
556	229	82	234
557	229	82	235
559	229	83	235
561	229	83	236
547	232	80	229
548	231	80	229
549	231	80	229
550	231	80	229
551	231	80	229
551	231	79	229
552	231	79	229
553	231	79	229
554	231	79	229
555	231	79	229
555	231	79	229
551	228	82	233
551	227	81	232
552	227	82	233
552	227	82	233
553	227	82	233
553	227	82	233
554	226	82	233
554	226	82	234
555	226	82	234
555	226	82	234
556	226	82	234
571	228	80	229
571	227	80	229
572	227	80	229
574	227	79	228
575	227	79	228
576	227	79	228
577	227	79	228
579	227	79	228
580	227	79	228
581	227	79	228
583	226	79	227
585	233	77	220
586	232	76	219
587	233	76	219
588	233	76	218
590	233	76	218
591	233	76	217
592	234	75	217
594	234	75	216
595	234	75	215
596	234	75	215
598	235	75	214
604	235	77	220
605	235	76	219
606	235	76	219
608	235	76	218
610	235	76	218
611	236	76	218
613	236	76	218
614	236	76	217
616	236	76	217
617	237	76	217
619	237	76	217
637	237	74	211
638	237	73	210
641	237	73	210
643	237	73	209
645	237	73	209
648	238	73	208
650	238	72	207
653	238	72	207
655	238	72	206
658	238	72	206
660	239	72	205
661	239	71	203
663	239	70	202
665	239	70	201
668	239	70	201
670	239	70	200
672	239	69	199
675	240	69	198
677	240	69	198
679	240	69	197
682	240	68	196
684	240	68	196
678	233	74	211
680	233	73	210
682	232	73	210
684	232	73	210
685	232	73	210
687	232	74	210
689	231	74	211
691	231	74	211
693	231	74	211
695	231	74	211
696	230	74	211
690	231	77	220
691	230	77	220
693	230	77	220
694	230	77	221
695	230	77	222
697	229	77	222
698	229	78	223
700	229	78	223
701	229	78	224
702	228	78	225
704	228	78	225
696	226	80	229
697	225	80	229
698	225	80	230
699	225	80	231
699	224	80	231
700	224	81	232
701	223	81	233
702	223	81	234
703	223	82	234
704	222	82	235
704	222	82	236
699	227	83	238
699	226	83	238
700	226	83	239
700	226	83	240
701	226	84	241
701	226	84	241
702	226	84	242
702	226	84	243
703	225	85	244
703	225	85	245
703	225	85	246
693	227	85	243
693	226	85	243
693	226	85	244
693	226	85	244
692	226	85	245
692	226	86	246
692	226	86	246
692	226	86	247
692	226	86	247
692	226	87	248
691	226	87	249
683	235	85	243
682	234	85	243
682	235	85	243
681	235	85	244
680	236	85	244
680	236	85	244
679	237	85	244
678	237	85	244
678	238	85	245
677	238	85	245
676	238	85	245
666	233	87	248
665	233	87	248
664	233	87	248
662	233	87	248
661	233	87	249
660	233	87	249
659	233	87	249
657	233	87	250
656	234	88	250
655	234	88	250
654	234	88	251
615	238	85	243
613	238	85	243
610	238	85	243
607	238	85	243
603	238	84	242
600	239	84	242
597	239	84	242
593	239	84	242
590	240	84	242
587	240	84	242
583	240	84	242
519	251	83	238
515	251	82	237
508	252	82	237
502	252	82	237
495	253	82	236
488	254	82	236
481	255	82	236
475	256	82	235
468	257	81	235
461	258	81	235
454	258	81	234
404	254	85	243
397	254	84	242
388	255	84	242
378	255	84	242
369	256	85	243
360	256	85	243
351	257	85	243
342	258	85	243
332	258	85	243
323	259	85	243
314	259	85	243
298	259	85	243
288	259	85	243
279	259	85	243
269	260	85	243
259	260	85	243
250	261	85	243
240	261	85	243
231	262	85	243
221	262	85	243
211	263	85	243
202	263	85	243
202	261	85	243
192	261	85	243
183	261	85	243
174	262	85	243
165	262	85	243
156	262	85	243
146	262	85	243
137	263	85	243
128	263	85	243
119	263	85	243
110	264	85	243
114	254	87	248
104	254	87	248
96	254	87	248
88	253	87	248
79	253	87	248
71	253	87	249
62	252	87	249
54	252	87	249
46	252	87	250
37	252	87	250
29	251	88	250
71	241	90	258
62	240	90	258
56	239	90	258
51	238	90	259
45	238	90	260
40	237	90	261
34	236	91	261
28	235	91	262
23	234	91	263
17	233	91	263
12	232	92	264
39	233	87	248
33	232	87	248
29	231	87	248
25	230	87	248
21	229	86	247
18	228	86	247
14	228	86	247
10	227	86	247
6	226	86	246
2	225	86	246
0	224	86	246
20	222	88	252
16	221	87	251
13	220	87	251
11	219	87	251
8	218	87	251
6	217	87	251
3	216	87	252
1	215	87	252
0	214	87	252
-3	213	87	252
-5	212	88	252
15	223	92	263
12	222	92	263
11	221	92	263
10	221	92	264
9	221	92	265
7	220	92	265
6	220	93	266
5	220	93	266
4	219	93	267
3	219	93	268
2	219	94	268
20	223	92	263
18	222	92	263
18	222	92	263
18	222	92	264
18	222	92	264
18	222	92	264
18	222	92	265
18	222	92	265
18	222	92	265
18	221	93	265
17	221	93	266
26	232	92	263
25	231	92	263
26	232	92	263
26	232	92	263
26	233	92	263
27	233	92	263
27	234	92	263
28	234	92	263
28	235	92	263
28	235	92	264
29	236	92	264
16	235	96	273
16	235	96	273
15	235	96	273
15	236	96	274
15	236	96	274
14	237	96	275
14	237	97	275
14	237	97	276
13	238	97	277
13	238	97	277
12	238	98	278
-4	254	92	263
-4	254	92	263
-5	255	92	263
-6	256	91	262
-8	257	91	262
-9	259	91	262
-10	260	91	262
-12	261	91	261
-13	262	91	261
-14	263	91	261
-16	265	91	260
3	268	88	252
1	269	87	251
1	270	87	250
1	271	87	250
1	273	87	249
1	274	86	248
0	275	86	247
0	276	86	247
0	278	85	246
0	279	85	245
0	280	85	244
-7	292	88	252
-7	293	87	251
-7	295	87	250
-8	296	87	250
-8	298	87	250
-9	300	87	249
-9	302	87	249
-10	304	86	249
-11	306	86	248
-11	307	86	248
-12	309	86	248
30	244	85	243
29	245	84	242
31	243	84	242
33	242	84	241
34	240	84	240
36	238	84	240
38	236	83	239
40	234	83	239
42	232	83	238
43	230	83	237
45	228	83	237
-1	221	88	252
0	219	87	251
0	216	87	251
0	214	87	251
-1	212	88	252
-2	210	88	252
-3	207	88	252
-4	205	88	252
-5	203	88	253
-6	201	88	253
-7	198	88	253
56	272	85	243
55	269	85	243
57	271	84	242
60	273	84	242
63	275	84	242
65	277	84	241
68	279	84	241
71	281	84	241
73	283	84	240
76	285	84	240
79	287	84	240
262	257	88	252
264	258	87	251
277	259	87	251
289	259	88	252
302	259	88	252
315	259	88	252
327	259	88	253
340	259	88	253
353	260	88	253
365	260	88	254
378	260	88	254
250	256	87	248
262	256	87	248
267	256	87	248
272	255	87	248
277	255	87	248
282	255	87	248
286	255	87	248
291	255	87	247
296	255	87	247
301	255	87	247
306	255	87	247
240	261	87	248
244	260	86	247
245	261	86	247
246	261	86	247
247	261	86	247
248	261	86	247
249	262	86	247
250	262	86	247
251	262	86	247
251	262	86	247
252	262	86	247
233	261	88	252
233	261	87	251
233	261	88	252
233	261	88	252
233	261	88	252
232	261	88	252
232	261	88	252
232	261	88	253
232	261	88	253
231	262	88	253
231	262	88	253
229	265	92	263
228	265	92	263
228	265	92	263
227	265	92	264
227	265	92	265
227	266	93	266
226	266	93	266
226	266	93	267
226	266	93	268
225	267	94	268
225	267	94	269
221	275	90	258
220	275	90	258
220	275	90	258
219	276	90	258
218	277	90	258
218	277	90	258
217	278	90	258
216	279	90	258
216	279	90	258
215	280	90	258
215	281	90	258
225	280	88	252
224	280	87	252
224	281	87	251
224	281	87	251
224	282	87	250
224	282	87	250
224	283	87	250
224	284	87	249
224	284	87	249
224	285	86	249
224	285	86	248
232	281	92	263
231	281	91	262
232	281	92	263
232	282	92	263
233	282	92	263
233	282	92	264
234	282	92	264
234	283	92	265
234	283	93	265
235	283	93	266
235	283	93	266
239	279	94	268
239	279	94	268
239	279	94	268
240	279	94	269
241	279	94	269
241	279	94	270
242	279	95	270
242	279	95	271
243	279	95	271
243	279	95	272
244	279	95	272
252	281	92	263
252	280	92	263
253	281	92	263
254	281	92	263
255	281	92	263
256	281	92	263
257	281	92	263
258	281	91	263
259	281	91	262
260	281	91	262
261	281	91	262
264	287	90	258
264	287	89	257
266	287	89	257
267	287	89	257
268	288	89	256
269	288	89	256
270	288	89	256
271	289	89	255
272	289	89	255
273	290	88	255
274	290	88	254
278	290	88	252
279	290	87	251
280	290	87	251
281	291	87	250
282	291	87	250
283	291	87	249
285	292	87	249
286	292	86	248
287	292	86	248
288	292	86	247
289	293	86	247
298	300	85	243
299	300	84	242
300	301	84	241
302	301	84	241
303	302	84	240
305	303	83	239
307	303	83	239
308	304	83	238
310	305	83	237
311	305	82	236
313	306	82	236
314	302	85	243
315	302	84	242
317	303	84	242
318	303	84	241
320	303	84	241
321	304	84	241
323	304	84	240
324	305	84	240
326	305	84	240
327	305	84	240
329	306	83	239
331	307	82	233
332	307	81	232
334	307	81	232
335	308	81	231
337	308	81	230
338	309	81	230
340	309	80	229
341	309	80	228
343	310	80	228
344	310	80	227
346	311	80	226
343	305	82	233
344	305	81	232
345	305	81	232
347	305	81	231
348	305	81	231
349	305	81	231
350	305	81	231
352	305	81	230
353	305	81	230
354	305	81	230
355	305	81	229
356	317	79	224
357	317	78	223
358	317	78	223
359	318	78	222
360	319	78	221
362	319	78	221
363	320	77	220
364	321	77	220
365	321	77	219
366	322	77	219
368	323	77	218
357	317	77	220
358	317	76	219
358	317	76	218
359	318	76	218
359	318	76	218
360	318	76	217
360	319	75	217
361	319	75	216
361	319	75	216
362	320	75	215
362	320	75	215
356	319	75	215
356	319	74	214
356	319	74	214
356	319	74	213
356	319	74	213
356	320	74	212
357	320	73	212
357	320	73	211
357	320	73	211
357	320	73	210
357	321	73	210
333	312	79	224
333	312	78	223
331	311	78	223
330	311	79	224
329	311	79	224
