402	320	261	304
402	320	261	304
405	323	263	306
409	326	266	309
413	329	268	312
417	332	271	315
421	335	273	318
425	338	276	321
429	342	279	325
433	345	281	328
437	348	284	331
441	351	286	334
417	320	261	304
418	320	261	304
419	320	261	304
421	320	261	304
422	320	261	304
423	320	261	304
425	320	261	304
426	320	261	304
427	320	261	304
429	320	261	304
430	320	261	304
469	323	255	298
470	323	254	297
474	323	254	297
477	323	254	297
481	323	253	296
485	323	253	296
488	323	253	296
492	324	252	295
495	324	252	295
499	324	252	295
502	324	251	294
492	315	261	304
495	315	260	303
498	314	260	303
501	314	261	304
503	314	261	304
506	313	261	304
509	313	261	304
512	312	261	304
514	312	261	304
517	312	262	305
520	311	262	305
514	318	255	298
516	317	255	298
519	317	254	297
521	317	254	297
523	317	254	297
525	317	254	297
528	317	254	297
530	317	253	296
532	317	253	296
534	317	253	296
537	317	253	296
588	325	261	304
590	324	260	303
595	325	260	303
600	325	261	304
605	326	261	304
610	326	261	304
615	327	261	304
619	327	262	305
624	327	262	305
629	328	262	305
634	328	262	305
710	321	250	292
714	321	250	292
723	321	249	291
732	321	249	291
741	321	248	290
750	321	248	290
759	321	247	289
768	321	247	288
776	321	246	288
785	321	246	287
794	321	245	287
726	309	245	286
734	308	244	285
739	308	243	284
744	307	243	284
748	306	242	283
753	306	242	283
757	305	241	282
762	304	241	281
766	304	240	281
771	303	240	280
775	302	239	280
733	308	241	280
737	307	240	279
739	306	240	278
741	306	239	278
743	306	239	277
745	305	238	277
747	305	238	276
749	305	237	276
751	304	237	275
752	304	237	274
754	303	236	274
762	279	241	280
763	278	240	279
766	276	240	279
768	275	240	278
770	273	240	278
772	271	239	278
774	269	239	278
777	268	239	278
779	266	239	277
781	264	239	277
783	263	239	277
776	245	250	292
778	243	249	291
779	240	250	292
781	237	250	292
783	235	251	293
784	232	251	294
786	230	252	294
788	227	252	295
789	224	252	295
791	222	253	296
793	219	253	297
791	244	260	303
792	241	260	303
794	240	261	304
795	239	261	305
796	237	262	306
798	236	263	307
799	235	264	308
801	234	265	308
802	233	265	309
804	232	266	310
805	231	267	311
781	250	250	292
782	248	250	292
782	248	250	292
782	248	250	292
782	248	250	292
782	248	249	291
782	248	249	291
782	248	249	291
782	248	249	291
782	248	248	290
782	248	248	290
734	232	241	280
734	231	240	279
731	231	240	278
728	230	239	278
725	229	238	277
723	228	238	276
720	227	237	275
717	226	236	274
715	225	236	273
712	224	235	273
709	223	234	272
719	233	241	280
716	232	240	279
714	231	240	278
712	231	239	278
710	230	239	278
708	230	239	277
706	230	238	277
704	229	238	277
702	229	238	276
700	229	238	276
698	228	237	275
693	216	231	269
690	215	230	268
688	214	230	267
686	213	229	267
684	212	228	266
682	211	228	265
679	210	227	265
677	209	226	264
675	208	226	263
673	207	225	262
671	206	224	262
671	216	222	259
668	214	221	258
666	214	220	257
664	214	219	256
662	213	219	255
660	213	218	254
658	212	217	253
656	212	216	253
654	211	215	252
652	211	215	251
650	210	214	250
624	218	227	264
621	217	226	263
618	217	226	263
615	217	226	263
611	217	226	262
608	217	226	262
604	217	226	262
601	217	226	262
598	217	226	262
594	217	225	262
591	217	225	262
602	222	227	264
598	221	226	263
595	222	226	263
593	222	227	263
590	222	227	263
588	222	227	264
585	223	227	264
582	223	227	264
580	223	227	264
577	223	227	264
574	224	227	264
632	235	218	254
629	235	218	254
630	236	217	253
630	236	217	252
631	237	216	252
632	238	216	251
632	239	215	251
633	240	215	250
634	241	214	250
634	241	214	249
635	242	213	249
617	245	222	259
617	245	221	258
617	246	221	258
616	247	221	258
616	248	221	258
616	249	221	258
615	250	221	258
615	251	221	258
615	252	221	258
614	253	221	258
614	254	221	258
619	290	218	254
618	290	218	254
618	293	217	253
618	296	217	253
618	299	217	253
618	302	217	253
618	305	217	252
618	308	216	252
617	310	216	252
617	313	216	252
617	316	216	251
534	320	218	254
533	322	217	253
529	325	217	253
524	328	217	253
519	331	217	253
514	334	217	253
510	337	217	253
505	340	217	253
500	343	217	253
496	345	217	252
491	348	217	252
579	300	209	244
574	302	208	243
574	302	208	243
574	302	207	242
575	302	207	242
575	302	206	241
576	302	206	240
576	303	205	240
576	303	205	239
577	303	204	239
577	303	204	238
575	278	201	235
575	278	200	234
575	276	199	233
575	275	199	232
576	273	198	232
576	272	197	231
576	271	197	230
576	269	196	229
576	268	195	229
577	267	195	228
577	265	194	227
587	270	209	244
587	268	208	243
587	267	208	243
588	266	208	243
589	265	208	243
590	264	209	244
590	263	209	244
591	262	209	244
592	261	209	244
593	260	209	244
593	259	209	244
450	231	201	235
450	229	201	235
443	227	200	234
436	224	200	234
428	222	200	234
421	219	199	233
414	217	199	233
407	214	199	232
399	212	198	232
392	209	198	232
385	206	198	231
458	235	209	244
450	232	208	243
447	231	208	243
444	230	209	244
442	229	209	244
439	228	209	244
436	228	210	245
433	227	210	245
430	226	210	245
427	225	210	246
425	224	211	246
435	228	214	249
432	227	214	249
430	226	214	249
427	225	215	250
425	225	215	250
423	224	215	251
421	224	216	251
419	223	216	251
417	222	217	252
415	222	217	252
412	221	218	253
360	210	209	244
357	209	209	244
352	208	209	244
347	206	209	244
343	205	209	244
338	204	209	244
333	203	208	243
328	201	208	243
323	200	208	243
318	199	208	243
313	198	208	243
301	197	218	254
296	195	217	253
290	194	218	254
285	193	218	254
279	192	219	255
274	190	219	255
269	189	220	256
263	188	220	256
258	187	220	257
253	185	221	257
247	184	221	258
436	256	209	244
430	254	209	244
435	257	209	244
441	260	208	243
446	263	208	243
452	265	208	243
457	268	207	242
462	271	207	242
468	274	207	242
473	277	207	241
478	279	206	241
466	278	214	249
471	280	213	248
475	283	213	248
480	285	213	248
484	288	214	248
488	290	214	249
493	293	214	249
497	296	214	249
501	298	214	249
506	301	214	249
510	303	214	249
455	272	218	254
459	274	218	254
460	275	218	254
461	275	218	254
462	276	218	255
463	277	219	255
464	277	219	255
465	278	219	256
466	279	220	256
467	279	220	256
468	280	220	257
462	262	214	249
463	262	214	249
463	262	214	249
464	261	214	249
464	261	213	248
465	261	213	248
466	260	213	248
466	260	213	248
467	259	213	248
467	259	213	248
468	258	213	248
574	296	222	259
574	295	221	258
580	297	222	259
587	298	222	259
593	300	223	260
600	302	223	260
606	303	223	261
613	305	224	261
619	307	224	262
625	308	224	262
632	310	225	263
566	285	214	249
572	286	214	249
574	286	214	249
577	286	213	248
579	287	213	248
582	287	213	248
584	287	213	247
586	287	212	247
589	287	212	247
591	287	212	246
593	288	211	246
550	184	214	249
552	184	213	248
552	178	213	248
552	172	213	248
551	167	213	248
551	161	213	247
551	156	213	247
551	150	212	247
551	144	212	247
550	139	212	247
550	133	212	247
570	225	205	239
569	219	204	238
570	219	204	238
571	218	203	237
572	218	203	236
573	218	202	236
574	218	202	235
575	217	201	235
576	217	201	234
576	217	200	233
577	217	199	233
632	270	214	249
632	269	213	248
636	272	213	248
640	275	213	248
644	277	214	249
648	280	214	249
652	283	214	249
655	285	215	250
659	288	215	250
663	291	215	250
667	294	215	250
664	256	209	244
667	258	209	244
671	259	209	244
674	259	209	244
678	260	208	243
681	260	208	243
685	260	208	243
688	261	208	243
691	261	208	243
695	262	208	243
698	262	208	243
706	269	218	254
709	269	217	253
713	270	218	254
716	270	218	254
720	271	219	255
724	272	219	255
727	273	220	256
731	274	220	256
734	274	220	257
738	275	221	257
742	276	221	258
734	280	214	249
737	280	214	249
740	281	214	249
743	282	214	249
746	283	214	249
749	284	214	249
752	285	214	249
755	286	214	249
758	287	214	249
761	288	214	249
764	289	214	249
766	277	218	254
768	277	217	253
771	278	218	254
774	278	218	254
777	278	218	254
780	278	218	254
783	278	218	255
786	279	219	255
789	279	219	255
792	279	219	255
795	279	219	255
754	294	209	244
756	294	209	244
757	295	208	243
757	296	208	243
758	297	207	242
758	298	207	242
759	299	207	241
759	300	206	241
760	301	206	241
760	302	205	240
761	303	205	240
767	310	218	254
767	310	217	253
768	312	217	253
768	313	218	254
769	314	218	254
770	316	218	254
771	317	219	255
772	318	219	255
772	320	219	255
773	321	220	256
774	322	220	256
777	304	214	249
777	305	214	249
778	305	214	249
779	305	214	249
780	305	214	249
781	306	214	248
782	306	213	248
782	306	213	248
783	306	213	248
784	306	213	248
785	307	213	248
758	289	218	254
758	289	217	253
758	288	218	254
757	287	218	254
756	286	218	254
756	285	218	254
755	285	218	254
754	284	218	255
753	283	219	255
753	282	219	255
752	281	219	255
771	306	227	264
770	305	227	264
770	305	227	264
770	306	228	265
771	306	228	266
771	307	229	266
772	308	230	267
772	308	230	268
772	309	231	268
773	309	231	269
773	310	232	270
724	294	231	269
724	294	231	269
721	294	232	270
719	293	232	270
717	293	232	271
714	293	233	271
712	292	233	272
709	292	234	273
707	292	234	273
705	291	235	274
702	291	235	274
691	331	241	280
688	330	241	280
685	332	242	281
682	334	242	282
679	336	243	283
676	338	244	283
673	339	245	284
671	341	245	285
668	343	246	286
665	345	247	287
662	347	248	287
675	352	245	286
672	353	245	286
670	355	246	287
667	357	246	288
665	359	247	288
663	361	247	289
661	363	248	290
659	365	248	290
657	367	249	291
655	369	249	292
653	371	250	292
695	316	255	298
692	318	255	298
693	316	256	299
693	315	257	300
693	314	257	301
694	313	258	302
694	312	259	303
695	310	259	304
695	309	260	305
695	308	261	306
696	307	262	306
686	346	245	286
686	344	245	286
686	345	245	286
685	346	245	286
685	347	245	286
685	348	244	285
685	349	244	285
685	350	244	285
684	351	243	284
684	352	243	284
684	353	243	284
745	353	241	280
744	354	240	279
747	354	240	279
751	355	239	278
754	356	239	278
757	357	239	277
760	358	238	277
763	359	238	276
766	360	238	276
769	361	237	275
773	362	237	275
712	297	241	280
715	297	240	279
714	295	240	279
714	292	240	279
713	289	240	278
713	286	240	278
713	284	239	278
712	281	239	278
712	278	239	277
711	275	239	277
711	273	239	277
749	269	241	280
748	266	240	279
750	263	240	279
751	260	240	279
753	257	240	279
755	254	240	279
757	252	240	279
758	249	240	279
760	246	240	279
762	243	240	279
763	240	240	279
744	262	231	269
745	259	230	268
746	257	230	268
746	256	229	267
747	254	229	267
747	253	228	266
748	251	228	265
748	250	227	265
749	248	226	264
749	247	226	263
750	245	225	263
686	243	231	269
686	241	230	268
683	239	230	268
680	238	229	267
677	236	229	267
674	235	229	267
671	233	229	266
667	232	228	266
664	230	228	266
661	229	228	266
658	227	228	265
563	277	236	275
559	275	235	274
551	276	235	274
543	277	236	275
535	279	236	275
527	280	236	275
518	281	236	275
510	283	236	276
502	284	237	276
494	285	237	276
485	286	237	276
562	312	231	269
553	313	231	269
550	315	231	269
546	318	230	268
543	321	230	268
539	323	230	268
535	326	230	268
532	328	230	267
528	331	229	267
525	334	229	267
521	336	229	267
570	308	231	269
566	310	230	268
565	311	230	268
565	312	230	268
564	313	230	268
563	314	230	268
563	314	230	268
562	315	230	268
561	316	230	268
561	317	230	267
560	318	230	267
541	296	227	264
540	296	226	263
538	296	226	263
536	296	226	263
535	295	226	262
533	295	225	262
531	294	225	262
530	294	225	262
528	293	225	261
526	293	224	261
524	293	224	261
482	310	218	254
480	309	217	253
476	310	217	253
472	310	216	252
468	311	215	251
464	311	215	250
460	312	214	250
456	312	214	249
452	313	213	248
448	313	212	248
444	314	212	247
474	278	209	244
469	278	208	243
467	277	207	242
465	275	206	241
463	274	206	240
461	272	205	239
459	270	204	239
457	269	203	238
455	267	203	237
452	266	202	236
450	264	201	235
428	252	205	239
425	250	204	238
422	248	203	237
419	246	203	236
416	244	202	236
412	241	202	235
409	239	201	235
406	237	201	234
402	235	200	233
399	233	200	233
396	231	199	232
447	245	197	230
443	242	196	229
443	241	195	228
443	240	195	227
442	239	194	227
442	237	193	226
442	236	193	225
441	235	192	225
441	234	192	224
441	232	191	223
441	231	190	222
466	283	197	230
465	281	196	229
466	283	196	228
467	285	195	228
469	286	195	228
470	288	195	228
471	290	195	227
472	291	194	227
473	293	194	227
474	295	194	226
475	296	194	226
407	273	190	221
408	274	189	220
405	274	189	220
402	275	188	219
399	275	188	218
397	275	187	218
394	275	187	217
391	276	186	217
388	276	186	216
386	276	186	216
383	277	185	215
445	235	186	217
442	235	185	216
443	233	185	215
443	231	184	215
444	229	184	215
445	226	183	214
446	224	183	214
447	222	183	213
447	220	182	213
448	218	182	212
449	216	181	212
405	282	186	217
405	279	185	216
404	281	185	216
402	283	185	216
400	284	185	216
399	286	184	215
397	288	184	215
395	289	184	215
393	291	184	215
392	293	184	215
390	294	184	214
429	286	179	208
427	287	178	207
427	288	178	207
428	289	177	206
428	290	177	206
429	291	177	205
429	293	176	205
430	294	176	204
430	295	175	203
431	296	175	203
432	297	174	202
474	294	182	212
474	295	181	211
477	295	181	211
480	296	181	211
482	297	181	211
485	298	181	211
488	299	181	211
491	300	181	211
494	300	181	211
497	301	181	211
499	302	181	211
504	329	175	204
506	329	174	203
509	332	174	203
512	334	174	203
515	336	173	202
518	338	173	202
521	341	173	201
524	343	172	201
527	345	172	201
529	347	172	200
532	350	171	200
467	354	175	204
469	356	174	203
469	358	174	203
468	360	174	203
467	363	174	203
466	365	173	202
465	367	173	202
464	370	173	202
463	372	173	202
462	375	173	202
461	377	173	201
478	336	172	200
477	338	171	199
477	338	171	199
477	338	171	199
477	338	171	198
477	338	170	198
477	337	170	198
477	337	170	198
477	337	170	197
477	337	170	197
477	337	169	197
499	346	179	208
499	345	178	207
500	346	179	208
501	346	179	208
502	347	179	208
503	347	179	209
505	347	180	209
506	348	180	209
507	348	180	210
508	349	181	210
510	349	181	210
654	327	175	204
655	327	175	204
664	326	175	204
673	325	175	204
682	324	175	204
691	323	174	204
700	323	174	204
710	322	174	203
719	321	174	203
728	320	174	203
737	319	174	203
687	342	168	196
696	341	167	195
702	341	167	195
707	341	167	194
713	342	166	194
719	342	166	193
725	343	165	193
731	343	165	193
737	344	164	192
742	344	164	192
748	344	163	191
667	324	165	192
672	324	164	191
673	323	164	191
674	322	163	190
675	322	163	190
676	321	163	189
677	320	162	189
678	319	162	188
679	319	162	188
680	318	161	188
681	317	161	187
629	328	159	185
630	327	158	184
628	327	158	184
626	326	157	183
624	326	157	182
622	326	156	182
620	326	156	181
618	326	155	181
616	326	155	180
614	326	154	180
612	325	154	179
658	327	155	181
655	326	154	180
656	326	154	179
657	326	153	179
657	326	153	179
658	326	152	178
659	326	152	178
659	326	152	177
660	326	151	177
661	326	151	176
661	326	150	176
690	348	149	174
690	347	148	173
692	349	148	173
695	350	147	172
697	351	147	171
699	352	146	171
701	353	146	170
703	354	145	170
705	355	145	169
708	357	144	169
710	358	144	168
651	338	155	181
653	339	154	180
651	339	154	180
650	339	154	180
649	339	154	180
648	338	155	181
647	338	155	181
645	338	155	181
644	338	155	181
643	338	155	181
642	338	155	181
637	324	159	185
635	323	159	185
634	323	159	185
632	322	159	185
631	321	160	186
629	320	160	186
628	319	160	186
627	318	161	187
625	317	161	187
624	317	161	187
622	316	161	188
673	352	152	178
671	351	152	178
672	352	152	178
674	353	151	177
675	354	151	177
677	355	151	177
678	356	151	177
680	358	150	176
681	359	150	176
682	360	150	176
684	361	149	176
698	342	159	185
699	343	158	184
701	343	158	185
703	343	159	185
705	343	159	185
707	343	159	185
709	343	160	186
712	343	160	186
714	343	160	186
716	343	160	186
718	343	161	187
709	340	162	189
711	340	162	189
712	339	162	189
714	339	162	189
715	339	163	190
716	339	163	190
718	339	163	191
719	338	164	191
721	338	164	191
722	338	164	192
724	338	164	192
758	347	155	181
759	346	155	181
762	347	155	181
765	347	154	180
769	347	154	180
772	348	154	180
775	348	153	179
778	348	153	179
782	349	153	179
785	349	153	178
788	349	152	178
774	325	162	189
777	325	161	188
779	324	161	188
781	323	162	189
784	322	162	189
786	321	162	189
788	319	162	190
790	318	163	190
793	317	163	190
795	316	163	191
797	315	163	191
698	353	168	196
700	351	168	196
696	352	168	196
693	354	169	197
690	355	169	197
686	356	170	198
683	357	170	198
679	358	171	199
676	359	171	200
673	360	171	200
669	361	172	201
671	363	175	204
667	364	175	204
664	365	176	205
661	366	176	205
658	367	177	206
655	368	177	207
651	369	178	207
648	370	178	208
645	371	179	209
642	372	180	209
639	373	180	210
678	374	182	212
674	375	182	212
674	376	183	213
673	377	183	214
672	378	184	214
671	379	185	215
670	380	185	216
669	381	186	216
669	382	186	217
668	383	187	218
667	384	188	219
597	379	186	217
596	380	186	217
591	380	187	218
586	381	187	218
582	382	188	219
577	382	188	219
572	383	188	220
568	384	189	221
563	384	189	221
558	385	190	222
554	386	190	222
470	375	186	217
465	375	186	217
456	375	186	217
447	375	186	217
438	375	186	218
428	375	187	218
419	375	187	218
410	375	187	218
401	375	187	219
392	375	187	219
383	375	188	219
401	384	182	212
391	384	182	212
384	384	182	211
376	384	181	211
369	385	181	211
361	385	181	211
353	386	181	211
346	386	181	210
338	387	180	210
330	387	180	210
323	388	180	210
348	342	186	217
340	342	185	216
334	340	185	216
328	338	186	217
322	336	186	217
317	334	186	217
311	331	186	217
305	329	186	217
299	327	186	217
293	325	186	218
287	323	187	218
231	307	193	225
225	304	193	225
216	301	193	225
207	299	194	226
199	296	194	226
190	293	194	227
181	290	195	227
173	287	195	228
164	284	196	228
155	281	196	229
147	278	197	229
238	319	186	217
229	316	186	217
226	315	186	217
222	315	186	217
219	314	185	216
216	314	185	216
213	313	185	216
210	312	185	216
207	312	185	216
204	311	184	215
200	311	184	215
209	310	193	225
205	309	192	224
203	308	193	225
200	308	193	225
198	307	193	225
195	307	193	226
193	306	194	226
190	306	194	226
188	305	194	227
185	304	195	227
183	304	195	227
157	308	197	230
154	307	197	230
150	307	197	230
146	306	197	231
142	306	198	231
139	306	198	232
135	305	199	232
131	305	199	232
127	305	199	233
123	304	200	233
119	304	200	234
152	303	193	225
148	302	193	225
146	302	193	225
144	301	193	225
142	301	193	225
140	301	193	225
138	300	192	224
137	300	192	224
135	299	192	224
133	299	192	224
131	299	192	224
207	315	197	230
205	314	196	229
207	315	197	230
210	315	197	230
212	316	197	230
214	316	197	230
217	317	197	230
219	317	197	231
222	318	198	231
224	318	198	231
227	319	198	231
251	310	205	239
253	310	205	239
257	310	205	239
260	310	206	240
264	310	206	240
267	310	207	241
271	310	207	242
275	310	208	242
278	310	208	243
282	310	209	243
286	310	209	244
290	271	209	244
293	270	209	244
297	268	209	245
300	266	210	245
304	264	210	246
308	262	211	246
311	259	211	247
315	257	212	247
319	255	212	248
322	253	213	248
326	251	213	249
261	303	209	244
264	300	209	244
264	301	209	244
264	302	209	244
264	303	209	245
263	303	210	245
263	304	210	245
263	305	210	245
263	306	210	245
263	307	210	246
262	307	210	246
313	372	214	249
312	372	214	249
315	377	214	249
317	381	214	249
320	385	215	250
323	389	215	250
325	394	215	250
328	398	216	251
330	402	216	251
333	407	216	251
336	411	217	252
353	306	218	254
355	310	218	254
358	308	218	254
362	306	219	255
365	304	219	255
369	303	219	256
372	301	220	256
375	299	220	256
379	297	220	257
382	296	221	257
386	294	221	258
373	315	209	244
376	313	209	244
378	312	209	244
381	312	208	243
383	311	208	243
386	311	207	242
388	310	207	242
391	309	207	242
393	309	206	241
396	308	206	241
398	308	206	240
416	308	201	235
418	307	200	234
421	306	200	233
425	306	199	233
428	305	198	232
431	305	198	231
434	304	197	231
438	304	196	230
441	303	196	229
444	303	195	229
448	302	195	228
458	305	193	225
461	304	192	224
464	304	191	223
468	303	190	222
472	303	190	221
475	302	189	220
479	302	188	220
483	302	188	219
486	301	187	218
490	301	186	217
494	301	186	216
451	305	186	217
454	304	185	216
455	304	184	215
456	304	183	214
457	304	183	213
458	304	182	213
459	303	181	212
461	303	181	211
462	303	180	210
463	303	179	209
464	303	179	209
473	345	193	225
474	344	192	224
475	347	192	224
477	349	192	224
478	351	192	224
480	353	192	224
481	355	192	224
482	357	193	225
484	360	193	225
485	362	193	225
487	364	193	225
669	352	201	235
670	354	201	235
681	355	201	235
693	356	202	236
704	358	202	237
716	359	203	237
727	361	203	238
739	362	204	239
750	363	204	239
762	365	205	240
773	366	205	241
681	308	193	225
692	309	193	225
698	307	193	225
703	305	193	225
709	303	192	224
715	301	192	224
721	299	192	224
726	297	192	224
732	295	192	223
738	293	191	223
743	291	191	223
664	325	190	221
669	323	189	220
670	323	189	220
671	323	189	219
672	323	188	219
673	323	188	219
674	323	188	218
675	323	188	218
676	322	187	218
677	322	187	217
678	322	187	217
739	335	186	217
739	334	185	216
744	335	185	216
748	336	185	215
752	336	184	215
756	337	184	215
761	338	184	214
765	338	183	214
769	339	183	213
774	340	182	213
778	340	182	213
718	343	190	221
722	343	189	220
722	344	189	220
723	345	189	220
724	345	189	220
725	346	190	220
725	347	190	220
726	348	190	221
727	348	190	221
727	349	190	221
728	350	190	221
708	329	190	221
708	329	190	221
708	329	190	221
707	328	190	221
707	328	190	221
706	327	190	221
706	327	190	221
705	326	190	221
705	326	190	221
704	325	190	221
704	325	190	221
733	343	182	212
732	342	182	212
733	343	181	211
734	343	181	211
735	344	180	210
737	344	180	210
738	345	179	209
739	345	179	209
740	346	179	208
741	346	178	208
742	347	178	207
725	358	190	221
726	358	189	220
726	359	189	220
726	360	190	221
726	361	190	221
726	362	190	221
726	363	190	221
726	365	191	222
726	366	191	222
726	367	191	222
726	368	191	223
677	350	190	221
677	351	190	221
674	351	190	221
671	351	190	221
669	351	190	221
666	351	190	221
663	351	190	222
660	351	191	222
658	351	191	222
655	351	191	222
652	351	191	222
656	378	193	225
653	377	193	225
650	379	193	225
648	380	193	225
646	382	193	225
643	383	193	226
641	385	194	226
639	386	194	226
636	388	194	227
634	389	194	227
631	391	195	227
609	381	201	235
606	382	201	235
603	383	201	235
599	384	202	236
596	385	202	237
592	385	203	237
589	386	203	238
585	387	204	239
582	388	204	239
578	389	205	240
575	390	205	241
515	379	205	239
511	379	205	239
504	380	205	240
498	380	206	240
491	380	206	241
484	380	207	241
478	380	207	242
471	380	208	242
464	381	208	243
458	381	209	243
451	381	209	244
482	358	214	249
475	358	214	249
470	357	215	250
466	355	215	250
461	354	216	251
456	353	217	252
452	352	217	253
447	351	218	253
443	350	219	254
438	349	219	255
433	347	220	256
414	366	205	239
409	364	205	239
403	364	205	239
398	364	205	239
393	364	204	238
387	364	204	238
382	364	204	238
376	364	204	238
371	364	204	237
365	364	203	237
360	364	203	237
302	361	201	235
296	360	200	234
288	360	200	234
279	360	200	233
271	360	199	233
263	359	199	233
254	359	198	232
246	359	198	232
237	359	198	232
229	358	197	231
221	358	197	231
249	356	209	244
240	355	208	243
234	355	208	243
227	354	209	244
221	354	209	244
215	354	209	245
208	353	210	245
202	353	210	245
195	353	210	246
189	352	211	246
183	352	211	246
231	338	205	239
224	337	205	239
221	336	205	239
217	335	205	239
214	334	205	239
211	333	205	238
207	331	204	238
204	330	204	238
201	329	204	238
197	328	204	238
194	327	204	238
254	327	197	230
250	325	196	229
250	324	196	229
250	323	195	228
250	322	195	228
251	321	194	227
251	320	194	227
251	319	193	226
251	318	193	225
251	317	193	225
251	315	192	224
271	319	193	225
271	317	192	224
272	317	192	223
273	316	191	223
274	315	191	222
275	314	190	222
277	313	190	221
278	312	189	221
279	311	189	220
280	310	189	220
281	310	188	219
302	307	201	235
303	306	200	234
305	305	200	234
307	304	201	235
309	303	201	235
312	302	201	235
314	301	201	236
316	300	202	236
318	299	202	236
321	298	202	237
323	297	203	237
323	301	197	230
325	300	197	230
327	299	197	230
329	298	197	230
331	297	197	230
333	297	196	229
335	296	196	229
337	295	196	229
339	294	196	229
342	294	196	229
344	293	196	229
344	307	193	225
346	306	192	224
348	306	192	224
350	306	192	224
352	306	192	223
353	306	191	223
355	306	191	223
357	306	191	222
359	306	191	222
361	306	190	222
363	306	190	221
359	311	193	225
360	311	192	224
362	311	192	224
364	311	192	224
365	311	192	224
367	312	192	224
368	312	192	223
370	312	192	223
372	313	191	223
373	313	191	223
375	313	191	223
399	301	186	217
400	301	185	216
403	300	185	216
406	300	185	215
409	300	184	215
411	299	184	214
414	299	183	214
417	298	183	213
420	298	182	213
423	297	182	212
425	297	182	212
437	323	179	208
439	322	178	207
443	323	178	206
446	324	177	206
449	325	176	205
452	326	176	204
456	327	175	203
459	328	175	203
462	329	174	202
466	330	174	201
469	331	173	201
490	330	179	208
493	331	178	207
497	331	178	206
501	332	177	206
505	333	177	206
510	334	177	206
514	335	177	205
518	336	177	205
522	337	176	205
527	337	176	204
531	338	176	204
631	354	186	217
635	354	185	216
644	356	186	217
654	358	186	217
663	359	186	217
673	361	187	218
682	363	187	218
692	364	187	219
701	366	187	219
711	368	188	219
720	369	188	220
627	303	179	208
636	304	179	208
640	302	179	208
644	300	178	207
647	298	178	207
651	296	178	207
655	293	178	206
659	291	177	206
663	289	177	206
666	287	177	206
670	285	177	205
664	323	172	200
667	320	171	199
670	320	171	199
674	320	170	198
677	321	170	197
680	321	169	197
683	321	169	196
687	321	168	196
690	321	168	195
693	321	167	194
696	321	167	194
679	342	168	196
682	342	167	195
684	343	167	194
686	344	166	194
688	345	166	193
690	346	165	193
692	348	165	193
694	349	164	192
696	350	164	192
698	351	163	191
700	352	163	191
647	330	172	200
649	331	171	199
648	331	171	199
646	330	171	199
645	330	171	199
644	330	171	199
643	330	171	199
642	330	171	199
641	330	171	199
640	330	172	199
639	330	172	199
674	353	172	200
672	352	172	200
673	354	172	200
674	355	172	200
675	356	172	200
676	357	172	200
677	358	172	200
678	359	172	200
679	360	172	200
680	362	172	200
681	363	172	200
684	338	179	208
684	339	179	208
685	338	179	208
686	338	179	208
687	338	180	209
689	337	180	209
690	337	181	210
691	337	181	210
692	336	181	211
693	336	182	211
694	336	182	212
688	326	172	200
689	325	172	200
689	324	172	200
690	323	171	199
690	323	171	199
691	322	171	199
692	321	171	199
692	320	171	199
693	319	170	198
694	318	170	198
694	317	170	198
713	313	175	204
713	312	174	203
715	311	174	203
716	309	174	203
718	308	174	204
720	307	174	204
721	306	175	204
723	305	175	204
724	304	175	204
726	303	175	204
728	302	175	204
747	324	175	204
748	322	175	204
751	323	175	204
753	323	175	204
756	323	175	204
758	323	175	204
761	323	175	204
764	323	175	204
766	324	175	204
769	324	175	204
771	324	175	204
742	332	179	208
744	332	179	208
745	332	179	208
746	333	179	208
746	333	179	208
747	334	179	209
748	335	180	209
749	335	180	209
750	336	180	209
750	336	180	209
751	337	181	210
734	351	182	212
734	351	182	212
734	352	182	212
734	354	182	212
734	355	183	213
733	356	183	213
733	358	183	213
733	359	183	214
733	360	184	214
732	362	184	214
732	363	184	215
766	361	182	212
765	362	182	212
767	363	182	212
768	364	182	212
770	365	182	212
772	366	182	212
773	367	182	212
775	368	182	213
777	370	183	213
778	371	183	213
780	372	183	213
796	352	186	217
797	353	186	217
800	353	186	217
802	352	186	217
804	352	186	218
807	352	187	218
809	352	187	218
812	352	187	219
814	352	187	219
816	352	188	219
819	352	188	219
842	353	179	208
844	352	179	208
847	352	178	207
851	352	178	207
854	352	178	207
858	352	178	206
862	352	177	206
865	352	177	206
869	352	177	205
872	352	177	205
876	352	176	205
770	352	182	212
773	351	181	211
771	351	181	211
768	351	181	211
765	351	181	211
763	351	181	211
760	351	181	211
758	351	181	211
755	351	181	211
753	351	181	211
750	351	181	212
792	329	190	221
789	328	190	221
789	327	190	221
789	326	190	222
789	325	191	222
788	323	191	223
788	322	192	223
788	321	192	224
788	319	193	224
788	318	193	225
788	317	194	225
781	315	190	221
780	313	190	221
780	312	190	221
779	310	190	222
779	309	191	222
778	308	191	222
778	306	191	222
777	305	191	222
777	304	191	223
776	302	192	223
776	301	192	223
755	318	190	221
754	316	190	221
752	316	190	221
751	315	190	221
749	315	190	221
747	315	190	221
746	314	190	221
744	314	190	221
742	314	190	221
741	313	190	221
739	313	190	221
776	326	182	212
774	325	182	212
774	325	181	211
775	326	181	211
775	326	180	210
776	327	180	210
776	327	179	209
777	327	179	209
777	328	179	208
777	328	178	208
778	328	178	207
811	334	175	204
811	334	174	203
813	334	173	202
815	335	173	202
818	336	172	201
820	336	172	200
822	337	171	200
824	338	171	199
827	338	170	198
829	339	169	198
831	339	169	197
900	348	168	196
902	348	167	195
908	349	166	194
914	350	166	193
919	351	165	193
925	352	164	192
931	353	164	191
937	354	163	191
943	355	163	190
949	356	162	189
955	357	161	188
909	295	162	189
914	296	161	188
917	293	160	187
920	291	160	186
923	288	159	186
926	286	159	185
929	283	158	184
932	280	157	184
935	278	157	183
938	275	156	182
942	273	156	182
899	298	162	189
902	295	161	188
902	294	161	188
902	293	160	187
903	292	160	187
903	291	160	187
904	290	160	187
904	289	160	186
905	288	159	186
905	287	159	186
906	286	159	186
934	318	165	192
934	316	164	191
936	317	164	191
938	318	164	191
940	319	165	192
942	320	165	192
944	320	165	192
946	321	165	192
948	322	165	192
950	323	165	192
952	324	165	192
912	320	168	196
913	320	168	196
913	321	168	196
913	321	168	196
912	322	168	196
912	322	168	197
912	323	169	197
911	323	169	197
911	324	169	198
911	324	169	198
910	325	170	198
915	317	162	189
914	317	162	189
914	317	161	189
914	317	161	188
914	317	161	188
914	317	161	188
914	317	161	187
913	317	160	187
913	317	160	187
913	317	160	187
913	317	160	186
853	297	168	196
852	297	167	195
849	295	167	195
845	294	168	196
842	293	168	196
839	292	168	196
835	291	168	196
832	290	169	197
828	289	169	197
825	287	169	197
821	286	169	197
741	291	168	196
737	289	168	196
729	289	168	196
722	288	168	196
714	287	168	196
706	286	168	196
698	285	168	196
691	284	168	197
683	284	168	197
675	283	169	197
667	282	169	197
679	294	175	204
671	293	175	204
664	293	175	204
657	292	175	205
651	292	176	205
644	292	176	206
637	292	177	206
631	292	177	207
624	292	178	207
617	292	178	208
610	291	178	208
638	304	175	204
631	303	175	204
626	304	175	204
621	304	175	204
616	305	175	205
611	306	176	205
607	306	176	205
602	307	176	205
597	307	176	205
592	308	176	206
587	308	177	206
586	321	168	196
581	321	168	196
576	322	167	195
571	323	167	195
567	325	167	195
562	326	166	194
557	327	166	194
553	328	166	193
548	329	165	193
543	331	165	193
539	332	165	192
520	335	165	192
515	336	164	191
509	337	164	191
504	338	164	190
498	340	163	190
493	341	163	190
488	342	163	189
482	343	162	189
477	345	162	188
471	346	162	188
466	347	161	188
459	338	172	200
453	339	171	199
447	339	171	199
442	340	172	200
436	341	172	200
431	341	172	200
425	342	172	201
420	343	173	201
414	343	173	201
409	344	173	201
403	345	174	202
438	338	179	208
432	338	179	208
429	338	179	208
425	339	180	209
422	339	180	210
419	339	181	210
415	339	181	211
412	340	182	211
409	340	182	212
405	340	183	213
402	340	183	213
387	328	182	212
383	328	182	212
379	327	182	213
375	327	183	213
371	326	183	214
367	326	184	214
363	325	184	214
359	325	184	215
355	324	185	215
351	324	185	216
347	323	185	216
387	298	190	221
382	297	190	221
381	295	190	222
379	293	191	222
378	291	192	223
376	289	192	224
374	288	193	224
373	286	193	225
371	284	194	226
370	282	195	226
368	280	195	227
341	240	197	230
339	238	197	230
336	234	198	231
333	230	198	232
330	226	199	232
327	221	200	233
324	217	200	234
321	213	201	235
318	209	201	236
315	205	202	236
312	201	203	237
343	292	201	235
339	287	201	235
338	289	202	236
337	290	202	236
336	291	203	237
335	292	203	238
334	293	203	238
333	295	204	239
331	296	204	239
330	297	205	240
329	298	205	241
341	302	197	230
339	303	197	230
339	304	197	230
338	305	197	230
338	307	197	230
338	308	197	230
337	309	197	230
337	311	197	230
336	312	197	230
336	313	197	230
335	315	197	230
386	340	201	235
385	341	200	234
387	343	201	235
390	346	201	235
392	349	201	235
394	351	201	235
397	354	201	236
399	357	201	236
402	359	202	236
404	362	202	236
406	364	202	236
473	330	197	230
475	332	197	230
481	333	197	230
487	333	196	229
493	334	196	229
498	334	196	229
504	335	196	229
510	335	196	229
516	336	196	228
522	336	196	228
528	337	195	228
532	356	190	221
537	356	189	220
543	358	189	220
549	359	188	219
555	361	188	219
560	362	188	218
566	364	187	217
572	365	187	217
578	367	186	216
584	368	186	216
589	370	185	215
568	346	182	212
573	347	181	211
578	347	180	210
582	347	180	209
586	347	179	209
590	347	178	208
594	348	178	207
599	348	177	206
603	348	177	206
607	348	176	205
611	348	175	204
622	338	179	208
626	338	178	207
630	337	177	206
635	337	177	206
639	336	177	205
644	336	176	205
649	335	176	204
653	335	175	204
658	334	175	203
662	334	174	203
667	333	174	202
628	329	172	200
632	328	171	199
634	327	171	198
636	327	170	198
638	326	169	197
641	325	169	196
643	324	168	196
645	324	168	195
647	323	167	195
649	322	167	194
651	322	166	193
645	301	179	208
647	300	178	207
648	298	178	207
650	296	178	207
652	294	178	207
653	292	179	208
655	291	179	208
656	289	179	208
658	287	179	208
660	285	179	208
661	283	179	209
677	270	179	208
678	268	179	208
681	265	179	208
683	263	179	208
685	260	179	208
688	258	179	208
690	255	179	208
692	253	179	208
695	250	179	209
697	248	180	209
700	245	180	209
717	238	172	200
719	235	172	200
722	232	171	199
725	229	171	199
728	227	171	198
732	224	170	198
735	221	170	198
738	218	170	197
741	215	169	197
744	213	169	196
748	210	168	196
756	271	165	192
759	268	164	191
762	268	164	190
766	269	163	190
769	270	162	189
772	271	162	189
776	271	161	188
779	272	161	187
783	273	160	187
786	274	160	186
790	274	159	185
746	277	159	185
749	277	158	184
750	278	157	183
751	279	157	183
751	280	156	182
752	280	156	181
753	281	155	181
754	282	155	180
755	283	154	179
755	284	153	179
756	285	153	178
773	385	152	178
773	385	151	177
775	392	150	176
777	398	150	176
778	404	149	175
780	411	149	174
782	417	148	174
783	423	147	173
785	429	147	172
787	436	146	172
788	442	145	171
767	347	159	185
768	353	158	184
769	354	158	184
769	354	158	184
769	355	158	184
770	356	158	184
770	356	159	185
770	357	159	185
771	357	159	185
771	358	159	185
771	359	159	185
756	404	152	178
756	404	152	178
755	407	151	177
755	410	151	177
754	413	151	177
754	417	151	176
753	420	150	176
753	423	150	176
752	426	150	176
752	429	149	175
751	432	149	175
743	388	159	185
742	391	158	184
741	391	158	184
740	392	159	185
739	392	159	185
738	392	159	185
737	393	159	185
736	393	160	186
735	394	160	186
734	394	160	186
733	395	160	186
721	375	165	192
720	375	165	192
718	374	165	192
716	374	166	193
715	373	166	193
713	372	167	194
711	372	167	194
710	371	168	195
708	370	168	195
706	369	168	196
705	369	169	196
706	369	168	196
704	368	168	196
702	367	168	196
701	366	169	197
699	366	169	197
698	365	169	198
696	364	170	198
695	364	170	199
693	363	170	199
692	362	171	200
690	362	171	200
529	403	175	204
527	402	175	204
517	403	175	205
506	405	176	205
496	407	176	206
485	408	177	206
475	410	177	207
465	412	178	208
454	413	179	208
444	415	179	209
433	416	180	209
416	339	179	208
405	340	179	208
394	337	179	209
383	335	180	209
373	332	180	210
362	329	181	210
351	326	181	210
340	323	182	211
329	321	182	211
319	318	182	212
308	315	183	212
347	356	179	208
336	353	179	208
328	352	179	208
320	352	179	208
311	352	179	208
303	351	180	209
295	351	180	209
287	350	180	209
279	350	180	209
271	350	180	209
263	349	180	210
292	377	186	217
283	376	186	217
277	377	186	217
271	378	187	218
265	380	187	218
259	381	187	219
253	382	188	219
247	383	188	220
241	384	189	221
235	385	189	221
229	386	190	222
216	367	190	221
209	368	190	221
203	368	190	222
197	368	191	222
190	368	191	222
184	368	192	223
177	368	192	223
171	368	192	224
164	368	193	224
158	367	193	225
151	367	194	225
189	340	186	217
182	339	186	217
178	338	186	217
174	336	186	217
170	335	186	217
166	333	186	217
162	332	186	217
158	330	186	217
154	328	185	217
150	327	185	217
146	325	185	217
171	333	186	217
166	331	185	216
164	330	185	216
162	329	185	216
159	328	185	216
157	327	185	216
154	325	185	216
152	324	185	216
149	323	185	216
147	322	185	216
145	321	185	216
182	329	193	225
179	327	192	224
179	327	193	225
179	326	193	225
178	326	194	226
178	325	194	226
178	324	194	227
178	324	195	227
177	323	195	227
177	322	195	228
177	322	196	228
37	340	201	235
36	339	201	235
28	339	201	236
20	340	202	236
12	340	203	237
4	340	203	238
-3	341	204	239
-11	341	205	239
-19	342	205	240
-27	342	206	241
-35	342	206	242
-2	339	197	230
-10	339	197	230
-15	339	197	230
-21	339	197	230
-27	339	197	230
-32	340	197	230
-38	340	197	230
-44	340	197	230
-50	340	197	230
-55	340	197	231
-61	340	197	231
-47	372	201	235
-52	372	201	235
-57	374	201	235
-61	375	201	235
-66	377	201	235
-71	379	201	236
-75	381	202	236
-80	383	202	236
-84	385	202	236
-89	387	202	237
-94	389	202	237
34	345	205	239
29	346	205	239
32	346	205	239
34	345	205	239
37	344	206	240
40	344	206	240
43	343	206	240
45	342	207	241
48	342	207	241
51	341	207	241
54	340	207	242
122	326	209	244
124	325	209	244
131	323	209	244
137	322	210	245
143	320	210	245
150	319	210	245
156	318	211	246
162	316	211	246
169	315	211	247
175	313	212	247
182	312	212	248
126	318	218	254
132	316	218	254
135	315	218	255
138	314	219	255
141	313	220	256
144	312	220	257
146	311	221	258
149	310	222	258
152	309	222	259
155	308	223	260
158	307	224	260
122	348	218	254
124	346	218	254
125	348	218	255
126	349	219	255
127	350	219	255
127	352	219	255
128	353	219	256
129	354	220	256
129	355	220	256
130	357	220	257
131	358	221	257
164	352	218	254
164	353	218	254
167	354	218	254
169	354	218	254
172	355	218	254
174	356	218	254
177	357	218	254
179	358	218	254
182	359	218	254
184	360	218	255
187	360	219	255
172	349	209	244
174	349	209	244
176	349	208	243
177	350	208	243
179	350	207	242
180	350	207	241
182	350	206	241
183	350	206	240
185	350	205	240
186	350	205	239
188	351	204	239
227	348	218	254
228	348	217	253
232	348	217	253
235	348	218	254
239	348	218	254
242	347	218	254
246	347	218	255
250	347	219	255
253	347	219	255
257	347	219	255
260	347	220	256
246	358	222	259
249	357	222	259
252	358	222	259
254	359	223	260
257	359	223	260
259	360	223	261
262	360	224	261
265	361	224	261
267	361	224	262
270	362	225	262
272	362	225	263
251	398	231	269
253	398	231	269
254	400	232	270
256	403	232	270
257	405	233	271
258	408	233	272
259	410	234	273
260	413	235	273
262	415	235	274
263	418	236	275
264	420	237	276
198	395	236	275
199	397	236	275
196	398	237	276
194	399	237	277
191	400	238	277
189	401	238	278
186	401	239	278
184	402	239	279
181	403	240	280
178	404	241	280
176	405	241	281
52	353	231	269
49	353	231	269
40	351	231	269
30	349	231	269
21	347	231	269
12	345	231	269
3	343	231	269
-6	341	231	269
-15	339	231	269
-24	337	230	268
-34	335	230	268
56	385	231	269
46	382	230	268
42	383	230	268
39	384	230	268
35	385	230	268
31	386	230	268
27	386	230	268
23	387	230	268
20	388	230	268
16	389	230	268
12	390	230	268
3	318	236	275
0	318	235	274
-4	315	236	275
-8	312	236	275
-13	309	236	275
-17	305	236	276
-21	302	237	276
-25	299	237	276
-29	296	237	277
-33	292	237	277
-37	289	238	277
55	337	245	286
50	333	245	286
52	333	245	287
53	332	246	287
54	332	247	288
55	331	247	289
57	331	248	290
58	331	248	290
59	330	249	291
60	330	250	292
62	329	250	293
-68	356	236	275
-66	355	236	275
-72	356	236	275
-78	357	236	275
-84	358	235	274
-90	359	235	274
-96	360	235	274
-102	361	235	274
-108	362	234	273
-114	363	234	273
-120	364	234	273
-184	431	231	269
-190	432	230	268
-199	436	230	268
-208	441	229	267
-217	445	229	267
-226	450	229	266
-235	455	228	266
-245	459	228	265
-254	464	227	265
-263	469	227	264
-272	473	226	264
-115	351	241	280
-124	355	240	279
-124	353	240	279
-124	350	241	280
-124	348	241	280
-123	346	242	281
-123	343	242	281
-123	341	242	281
-123	338	243	282
-123	336	243	282
-123	333	244	283
-11	302	231	269
-10	299	231	269
-4	295	231	269
1	291	230	268
7	287	230	268
14	283	229	267
20	279	229	267
26	275	229	266
33	271	228	266
39	267	228	266
45	263	228	265
21	320	241	280
27	315	240	279
31	315	241	279
36	314	241	280
41	313	241	280
45	313	242	281
50	312	242	281
54	311	242	282
59	311	243	282
64	310	243	282
68	309	243	283
45	304	250	292
49	303	250	292
52	302	251	293
55	301	251	294
58	300	252	295
61	299	253	295
64	298	253	296
67	297	254	297
70	296	255	298
73	295	255	299
76	294	256	300
77	296	255	298
80	295	255	298
82	294	256	299
85	293	256	300
88	292	257	300
91	291	257	301
94	290	258	302
97	290	259	303
100	289	259	303
102	288	260	304
105	287	260	305
113	264	266	310
115	263	266	310
118	261	267	311
122	258	268	312
125	256	269	313
128	254	269	314
131	252	270	315
134	250	271	316
137	248	272	317
140	246	273	318
143	244	273	319
183	270	255	298
186	267	255	298
191	267	255	298
196	266	255	298
201	266	255	298
206	265	254	297
211	265	254	297
216	264	254	297
221	264	253	296
226	263	253	296
232	262	253	296
188	279	266	310
193	278	265	309
195	278	266	310
197	279	266	310
200	279	267	311
202	279	267	311
205	280	267	312
207	280	268	312
209	281	268	313
212	281	269	313
214	281	269	314
183	252	276	322
185	252	276	322
185	251	277	323
186	249	277	324
186	248	278	325
187	247	279	326
187	245	280	326
188	244	281	327
188	243	281	328
189	241	282	329
189	240	283	330
222	234	288	335
222	232	288	335
224	231	289	336
226	229	290	338
229	227	291	339
231	226	292	340
233	224	293	341
235	223	294	342
238	221	295	343
240	219	296	344
242	218	297	345
219	243	282	329
221	241	282	330
222	241	283	330
222	241	283	330
223	240	283	330
224	240	283	330
225	240	283	330
226	240	283	330
226	240	283	330
227	240	283	330
228	240	283	331
187	270	282	329
187	269	282	329
186	271	282	329
184	272	282	329
183	274	281	329
181	275	281	329
180	277	281	329
178	278	281	329
177	280	281	329
175	282	281	328
173	283	281	328
166	281	271	316
164	282	270	315
162	283	270	315
160	285	269	314
158	286	269	313
156	287	268	313
154	289	267	312
153	290	267	311
151	291	266	310
149	292	265	310
147	294	265	309
172	291	282	329
170	292	281	328
169	293	281	328
169	294	282	329
168	295	282	329
168	296	282	329
167	297	283	330
167	298	283	330
167	299	283	331
166	300	284	331
166	301	284	331
191	287	288	335
190	288	288	335
191	288	288	335
192	288	289	336
193	288	289	337
194	288	290	337
195	288	290	338
196	289	291	338
197	289	291	339
198	289	292	339
199	289	292	340
213	283	276	322
213	283	276	322
215	282	276	322
217	282	275	321
218	282	275	321
220	282	274	320
222	282	274	320
224	281	273	319
225	281	273	319
227	281	272	318
229	281	272	318
215	274	282	329
216	273	281	328
217	273	281	328
218	272	281	328
219	271	281	328
219	271	281	329
220	270	282	329
221	270	282	329
222	269	282	329
223	268	282	329
223	268	282	329
209	262	293	342
209	261	293	342
209	260	293	342
209	259	294	343
209	258	295	344
209	257	295	345
209	256	296	346
209	255	297	346
209	254	297	347
209	254	298	348
209	253	299	349
209	256	293	342
208	255	293	342
208	254	293	343
208	253	294	343
208	252	294	343
208	252	294	344
208	251	295	344
208	250	295	344
208	250	295	345
208	249	296	345
208	248	296	345
212	265	288	335
211	264	288	335
212	264	288	335
212	264	287	334
212	264	287	334
212	265	287	334
212	265	287	333
212	265	287	333
212	265	287	333
213	266	286	333
213	266	286	332
206	288	288	335
206	288	287	334
205	289	287	334
205	291	287	334
205	292	287	334
205	293	287	334
204	295	287	334
204	296	287	333
204	298	287	333
203	299	287	333
203	301	286	333
200	287	288	335
199	288	287	334
199	288	287	334
198	289	287	334
198	290	287	334
197	290	287	334
197	291	287	334
196	291	287	334
196	292	287	334
196	292	287	334
195	293	287	334
191	295	293	342
190	295	292	341
189	296	293	342
189	296	293	342
188	297	293	343
187	298	294	343
187	298	294	343
186	299	294	344
185	299	294	344
185	300	295	344
184	301	295	345
180	301	293	342
179	301	293	342
178	302	293	342
177	302	293	342
176	303	293	342
175	303	293	343
174	304	293	343
173	305	293	343
173	305	294	343
172	306	294	343
171	306	294	343
175	318	282	329
174	318	282	329
173	319	281	328
172	320	280	327
172	322	280	327
171	323	279	326
170	324	279	325
170	325	278	325
169	326	278	324
169	327	277	323
168	329	276	323
178	327	276	322
177	328	275	321
177	329	274	320
177	330	274	319
177	331	273	319
177	332	273	318
177	333	272	317
176	334	271	317
176	335	271	316
176	336	270	315
176	337	270	315
175	340	271	316
174	340	270	315
174	342	269	314
174	343	269	314
174	344	268	313
174	345	268	312
174	346	267	312
173	347	267	311
173	348	266	311
173	349	266	310
173	350	265	309
170	323	282	329
169	324	281	328
169	323	281	328
169	323	282	329
168	322	282	329
168	322	283	330
168	321	283	330
167	321	283	331
167	320	284	331
167	320	284	332
166	319	285	332
122	331	288	335
121	330	288	335
118	330	288	336
116	330	289	336
113	330	290	337
110	331	290	337
107	331	291	338
104	331	291	339
102	331	292	339
99	331	292	340
96	331	293	340
122	313	299	349
119	313	299	349
117	312	300	350
116	311	301	351
115	310	302	352
114	309	302	353
113	308	303	354
111	307	304	355
110	306	305	356
109	305	306	357
108	305	307	358
125	322	293	342
123	321	293	343
123	321	293	343
123	321	293	343
123	321	293	343
122	321	293	343
122	321	293	343
122	321	293	343
122	321	293	343
121	321	293	343
121	321	293	343
125	328	282	329
124	328	282	329
124	328	281	328
124	328	280	327
124	329	280	326
124	329	279	325
124	330	278	325
124	330	278	324
124	331	277	323
124	331	276	322
124	331	276	322
112	332	276	322
111	332	275	321
111	332	274	320
110	333	274	319
109	333	273	319
109	334	272	318
108	334	272	317
107	334	271	316
106	335	270	316
106	335	270	315
105	336	269	314
90	325	288	335
89	325	287	334
87	325	287	334
86	324	288	335
84	324	288	335
83	324	289	336
81	324	289	336
80	324	289	336
78	323	290	337
76	323	290	337
75	323	291	338
82	323	282	329
80	322	282	329
79	322	282	329
78	322	282	329
77	322	282	329
76	321	281	329
75	321	281	328
73	321	281	328
72	321	281	328
71	320	281	328
70	320	281	328
93	335	271	316
91	334	270	315
92	335	270	315
92	335	269	314
92	336	268	313
92	337	268	312
92	337	267	311
93	338	266	311
93	338	266	310
93	339	265	309
93	339	264	308
76	339	282	329
76	339	281	328
75	340	281	328
74	340	281	328
73	341	282	329
73	341	282	329
72	342	282	330
71	342	283	330
70	343	283	330
69	343	283	331
69	343	284	331
76	333	293	342
75	333	293	342
74	333	294	343
74	333	294	344
74	333	295	345
73	332	296	346
73	332	297	347
73	332	298	347
72	332	298	348
72	332	299	349
71	332	300	350
50	335	299	349
49	334	299	349
48	334	300	350
46	334	301	351
44	334	301	352
43	334	302	353
41	334	303	353
40	334	303	354
38	334	304	355
37	334	305	356
35	335	305	356
17	338	305	356
15	338	305	356
12	338	306	357
10	338	306	358
7	338	307	358
5	338	308	359
2	338	308	360
0	339	309	360
-2	339	309	361
-4	339	310	362
-7	339	310	362
3	341	299	349
0	341	299	349
-1	341	299	349
-3	341	299	349
-4	341	299	349
-6	342	299	349
-8	342	299	349
-10	342	298	348
-12	342	298	348
-13	343	298	348
-15	343	298	348
9	318	299	349
7	318	298	348
6	317	298	348
6	315	298	348
6	314	298	348
5	313	298	348
5	312	298	348
5	311	298	348
4	310	298	348
4	308	298	348
4	307	298	348
21	342	311	363
20	340	310	362
21	341	311	363
21	342	312	364
22	343	312	365
23	343	313	365
23	344	314	366
24	345	314	367
24	346	315	368
25	347	315	368
26	347	316	369
39	360	311	363
39	360	311	363
40	362	311	364
42	363	312	364
43	365	312	364
44	366	312	365
46	367	313	365
47	369	313	365
48	370	313	366
49	372	313	366
51	373	314	366
121	285	299	349
122	286	299	349
127	282	298	348
132	279	298	348
137	275	297	347
142	272	297	346
147	268	296	346
152	265	295	345
157	261	295	344
163	257	294	343
168	254	294	343
71	233	305	356
76	229	304	355
75	224	304	355
74	220	304	355
74	215	304	355
73	211	304	355
73	206	304	355
72	202	304	355
72	197	304	355
71	192	304	355
70	188	304	355
93	234	293	342
92	229	293	342
93	227	292	341
93	225	291	340
