1.583740
0.029599
0.029869
0.029898
0.029913
0.029928
0.029943
0.029957
0.029971
0.029986
0.030008
0.030023
0.034009
0.034286
0.034308
0.034327
0.034345
0.034364
0.034382
0.034399
0.034417
0.034436
0.034453
0.026813
0.027050
0.027068
0.027083
0.027097
0.027111
0.027145
0.027168
0.027183
0.027197
0.027211
0.028049
0.028269
0.028297
0.028311
0.028324
0.028337
0.028351
0.028364
0.028377
0.028390
0.028403
0.024506
0.024732
0.024749
0.024764
0.024777
0.024791
0.024804
0.024817
0.024830
0.024843
0.024856
0.024671
0.024900
0.024918
0.024934
0.024947
0.024961
0.024974
0.024987
0.025000
0.025013
0.025026
0.025446
0.025672
0.025690
0.025704
0.025717
0.025731
0.025754
0.025768
0.025781
0.025794
0.025807
0.023975
0.024202
0.024219
0.024233
0.024246
0.024260
0.024273
0.024286
0.024299
0.024312
0.024324
0.024670
0.024896
0.024914
0.024928
0.024941
0.024957
0.024972
0.024989
0.025006
0.025021
0.025036
0.049268
0.049500
0.049520
0.049537
0.049553
0.049568
0.049584
0.049602
0.049617
0.049633
0.049648
0.023945
0.024172
0.024189
0.024203
0.024217
0.024231
0.024244
0.024257
0.024271
0.024283
0.024297
0.024395
0.024623
0.024639
0.024653
0.024667
0.024683
0.024696
0.024709
0.024722
0.024735
0.024748
0.024137
0.024364
0.024381
0.024396
0.024410
0.024423
0.024436
0.024450
0.024462
0.024483
0.024496
0.024678
0.024905
0.024923
0.024937
0.024951
0.024966
0.024979
0.024992
0.025006
0.025018
0.025032
0.024220
0.024450
0.024468
0.024482
0.024496
0.024509
0.024522
0.024535
0.024548
0.024561
0.024574
0.024644
0.024869
0.024885
0.024900
0.024913
0.024926
0.024939
0.024952
0.024967
0.024981
0.024994
0.024447
0.024674
0.024692
0.024706
0.024719
0.024732
0.024745
0.024758
0.024770
0.024783
0.024796
0.024537
0.024766
0.024784
0.024798
0.024811
0.024824
0.024838
0.024851
0.024864
0.024877
0.024890
0.026308
0.026534
0.026550
0.026577
0.026591
0.026604
0.026617
0.026630
0.026643
0.026655
0.026668
0.048398
0.048626
0.048644
0.048658
0.048671
0.048685
0.048697
0.048711
0.048724
0.048737
0.048749
0.023862
0.024080
0.024106
0.024120
0.024133
0.024146
0.024159
0.024172
0.024185
0.024198
0.024212
0.024822
0.025045
0.025066
0.025081
0.025094
0.025107
0.025120
0.025134
0.025147
0.025160
0.025173
0.024555
0.024785
0.024802
0.024817
0.024830
0.024843
0.024856
0.024869
0.024883
0.024896
0.024909
0.023876
0.024094
0.024121
0.024135
0.024148
0.024162
0.024174
0.024188
0.024200
0.024214
0.024226
0.023594
0.023821
0.023839
0.023853
0.023866
0.023883
0.023896
0.023909
0.023922
0.023935
0.023948
0.023663
0.023889
0.023906
0.023920
0.023933
0.023947
0.023963
0.023981
0.023997
0.024013
0.024029
0.025795
0.026030
0.026050
0.026068
0.026085
0.026103
0.026119
0.026135
0.026150
0.026166
0.026183
0.024506
0.024736
0.024756
0.024774
0.024791
0.024806
0.024822
0.024838
0.024853
0.024869
0.024884
0.023559
0.023797
0.023817
0.023835
0.023853
0.023869
0.023885
0.023901
0.023917
0.023933
0.023948
0.049428
0.049652
0.049669
0.049684
0.049697
0.049711
0.049724
0.049737
0.049750
0.049763
0.049776
0.027294
0.027528
0.027546
0.027561
0.027574
0.027587
0.027600
0.027614
0.027627
0.027640
0.027653
0.028189
0.028417
0.028435
0.028448
0.028461
0.028475
0.028488
0.028501
0.028514
0.028527
0.028540
0.023913
0.024152
0.024188
0.024214
0.024240
0.024265
0.024290
0.024313
0.024338
0.024362
0.024386
0.023937
0.024181
0.024210
0.024238
0.024265
0.024291
0.024315
0.024340
0.024364
0.024388
0.024412
0.023655
0.023884
0.023901
0.023916
0.023930
0.023944
0.023957
0.023971
0.023984
0.023997
0.024010
0.023523
0.023750
0.023767
0.023782
0.023795
0.023808
0.023822
0.023835
0.023849
0.023862
0.023875
0.023628
0.023855
0.023873
0.023888
0.023902
0.023916
0.023929
0.023942
0.023955
0.023971
0.023984
0.023970
0.024198
0.024216
0.024230
0.024246
0.024264
0.024280
0.024297
0.024312
0.024328
0.024343
0.024446
0.024664
0.024693
0.024711
0.024728
0.024745
0.024760
0.024777
0.024793
0.024809
0.024824
0.049192
0.049422
0.049444
0.049461
0.049477
0.049493
0.049508
0.049524
0.049540
0.049555
0.049571
0.023937
0.024168
0.024189
0.024206
0.024224
0.024240
0.024256
0.024271
0.024287
0.024303
0.024318
0.025954
0.026185
0.026206
0.026223
0.026239
0.026255
0.026270
0.026285
0.026300
0.026316
0.026331
0.024991
0.025219
0.025240
0.025257
0.025274
0.025289
0.025305
0.025320
0.025336
0.025351
0.025366
0.024846
0.025082
0.025102
0.025119
0.025135
0.025151
0.025167
0.025183
0.025198
0.025214
0.025229
0.024590
0.024819
0.024839
0.024855
0.024871
0.024888
0.024904
0.024919
0.024935
0.024950
0.024966
0.024679
0.024911
0.024931
0.024948
0.024964
0.024981
0.024997
0.025012
0.025028
0.025044
0.025060
0.024347
0.024575
0.024595
0.024611
0.024628
0.024643
0.024659
0.024674
0.024690
0.024705
0.024721
0.024358
0.024587
0.024607
0.024624
0.024641
0.024657
0.024673
0.024688
0.024704
0.024723
0.024739
0.025910
0.026132
0.026150
0.026164
0.026178
0.026191
0.026207
0.026225
0.026241
0.026257
0.026273
0.051923
0.052143
0.052172
0.052189
0.052204
0.052220
0.052236
0.052251
0.052267
0.052283
0.052298
0.024863
0.025097
0.025118
0.025136
0.025152
0.025168
0.025184
0.025199
0.025215
0.025231
0.025246
0.024975
0.025205
0.025225
0.025242
0.025260
0.025276
0.025292
0.025308
0.025324
0.025340
0.025356
0.024846
0.025077
0.025097
0.025114
0.025131
0.025147
0.025164
0.025181
0.025197
0.025213
0.025228
0.024681
0.024908
0.024928
0.024945
0.024961
0.024976
0.024993
0.025010
0.025025
0.025041
0.025057
0.024067
0.024296
0.024314
0.024328
0.024348
0.024363
0.024378
0.024391
0.024404
0.024417
0.024430
0.027025
0.027238
0.027265
0.027279
0.027296
0.027313
0.027329
0.027344
0.027359
0.027375
0.027391
0.025224
0.025455
0.025472
0.025486
0.025500
0.025513
0.025527
0.025540
0.025553
0.025567
0.025580
0.025479
0.025716
0.025733
0.025747
0.025761
0.025774
0.025788
0.025801
0.025814
0.025827
0.025840
0.024737
0.024963
0.024981
0.024996
0.025009
0.025023
0.025037
0.025050
0.025063
0.025076
0.025089
0.050844
0.051070
0.051087
0.051101
0.051115
0.051128
0.051141
0.051154
0.051167
0.051180
0.051193
0.025878
0.026112
0.026129
0.026143
0.026157
0.026170
0.026184
0.026197
0.026211
0.026223
0.026236
0.025732
0.025955
0.025973
0.025987
0.026000
0.026013
0.026026
0.026039
0.026055
0.026068
0.026081
0.025091
0.025320
0.025337
0.025352
0.025365
0.025378
0.025392
0.025405
0.025419
0.025432
0.025444
0.025764
0.025982
0.026008
0.026022
0.026036
0.026050
0.026063
0.026076
0.026089
0.026102
0.026115
0.024498
0.024729
0.024747
0.024761
0.024774
0.024787
0.024801
0.024814
0.024827
0.024840
0.024853
0.025542
0.025769
0.025787
0.025801
0.025815
0.025828
0.025841
0.025854
0.025867
0.025880
0.025893
0.025461
0.025699
0.025717
0.025731
0.025745
0.025759
0.025772
0.025785
0.025798
0.025811
0.025825
0.024715
0.024942
0.024961
0.024975
0.024989
0.025002
0.025015
0.025028
0.025040
0.025053
0.025066
0.025105
0.025335
0.025352
0.025366
0.025380
0.025393
0.025407
0.025419
0.025433
0.025446
0.025459
0.050999
0.051223
0.051240
0.051255
0.051268
0.051281
0.051294
0.051307
0.051320
0.051333
0.051346
0.025323
0.025563
0.025582
0.025596
0.025610
0.025624
0.025637
0.025650
0.025663
0.025693
0.025716
0.025764
0.025990
0.026008
0.026022
0.026035
0.026048
0.026061
0.026074
0.026087
0.026100
0.026113
0.026092
0.026369
0.026392
0.026423
0.026443
0.026462
0.026480
0.026499
0.026517
0.026537
0.026556
0.024974
0.025213
0.025234
0.025248
0.025262
0.025275
0.025288
0.025301
0.025315
0.025327
0.025340
0.025375
0.025603
0.025620
0.025635
0.025649
0.025661
0.025675
0.025688
0.025701
0.025714
0.025727
0.025073
0.025303
0.025321
0.025335
0.025348
0.025361
0.025375
0.025388
0.025401
0.025414
0.025426
0.025145
0.025374
0.025392
0.025407
0.025420
0.025434
0.025448
0.025461
0.025474
0.025487
0.025500
0.025537
0.025766
0.025784
0.025798
0.025815
0.025849
0.025877
0.025904
0.025931
0.025958
0.025984
0.025914
0.026141
0.026158
0.026172
0.026189
0.026207
0.026224
0.026240
0.026256
0.026271
0.026286
0.054219
0.054450
0.054471
0.054488
0.054503
0.054523
0.054538
0.054554
0.054569
0.054584
0.054599
0.026115
0.026350
0.026372
0.026390
0.026404
0.026418
0.026434
0.026448
0.026464
0.026478
0.026490
0.025980
0.026209
0.026227
0.026242
0.026255
0.026268
0.026281
0.026294
0.026307
0.026320
0.026335
0.025505
0.025742
0.025761
0.025778
0.025795
0.025810
0.025826
0.025842
0.025858
0.025873
0.025888
0.025912
0.026132
0.026151
0.026176
0.026193
0.026208
0.026225
0.026241
0.026257
0.026270
0.026283
0.026385
0.026625
0.026653
0.026679
0.026703
0.026728
0.026753
0.026776
0.026800
0.026824
0.026848
0.026236
0.026470
0.026498
0.026522
0.026547
0.026572
0.026596
0.026619
0.026643
0.026667
0.026691
0.025400
0.025627
0.025652
0.025678
0.025703
0.025727
0.025751
0.025775
0.025800
0.025823
0.025847
0.025323
0.025565
0.025597
0.025622
0.025648
0.025673
0.025697
0.025720
0.025744
0.025768
0.025793
0.025344
0.025572
0.025610
0.025638
0.025662
0.025684
0.025703
0.025723
0.025743
0.025764
0.025784
0.053851
0.054080
0.054106
0.054131
0.054154
0.054179
0.054203
0.054226
0.054251
0.054275
