1.893507
0.032470
0.032767
0.032786
0.032801
0.032816
0.032830
0.032845
0.032858
0.032873
0.032887
0.032900
0.026573
0.026879
0.026903
0.026922
0.026942
0.026962
0.026981
0.027000
0.027019
0.027040
0.027061
0.025789
0.026028
0.026046
0.026061
0.026076
0.026089
0.026103
0.026116
0.026130
0.026144
0.026157
0.025468
0.025700
0.025718
0.025733
0.025746
0.025760
0.025774
0.025787
0.025800
0.025813
0.025827
0.025496
0.025728
0.025745
0.025759
0.025773
0.025786
0.025800
0.025813
0.025827
0.025840
0.025853
0.025037
0.025314
0.025347
0.025369
0.025388
0.025407
0.025427
0.025448
0.025469
0.025490
0.025510
0.023983
0.024209
0.024226
0.024240
0.024253
0.024267
0.024283
0.024296
0.024309
0.024322
0.024335
0.024337
0.024565
0.024583
0.024597
0.024610
0.024623
0.024636
0.024649
0.024662
0.024675
0.024687
0.023957
0.024184
0.024201
0.024215
0.024229
0.024242
0.024255
0.024267
0.024280
0.024293
0.024306
0.050169
0.050392
0.050409
0.050423
0.050437
0.050450
0.050463
0.050478
0.050491
0.050504
0.050517
0.024067
0.024291
0.024309
0.024323
0.024337
0.024350
0.024364
0.024377
0.024390
0.024402
0.024415
0.024521
0.024751
0.024770
0.024784
0.024797
0.024812
0.024825
0.024838
0.024851
0.024864
0.024877
0.024347
0.024569
0.024586
0.024600
0.024613
0.024626
0.024639
0.024652
0.024665
0.024678
0.024691
0.024380
0.024598
0.024624
0.024638
0.024652
0.024668
0.024680
0.024693
0.024708
0.024721
0.024734
0.023425
0.023647
0.023664
0.023679
0.023692
0.023705
0.023718
0.023731
0.023744
0.023757
0.023770
0.023358
0.023567
0.023592
0.023606
0.023619
0.023633
0.023646
0.023660
0.023675
0.023688
0.023701
0.023265
0.023485
0.023502
0.023516
0.023530
0.023543
0.023556
0.023569
0.023582
0.023595
0.023608
0.023879
0.024102
0.024119
0.024133
0.024147
0.024160
0.024174
0.024187
0.024200
0.024213
0.024225
0.024659
0.024879
0.024897
0.024913
0.024926
0.024940
0.024953
0.024966
0.024979
0.024992
0.025005
0.051924
0.052148
0.052165
0.052179
0.052194
0.052207
0.052220
0.052233
0.052247
0.052260
0.052273
0.025182
0.025412
0.025429
0.025444
0.025458
0.025471
0.025484
0.025497
0.025510
0.025523
0.025536
0.023939
0.024180
0.024204
0.024220
0.024234
0.024247
0.024260
0.024273
0.024286
0.024299
0.024312
0.023697
0.023924
0.023941
0.023955
0.023969
0.023982
0.023995
0.024008
0.024021
0.024033
0.024046
0.023656
0.023882
0.023900
0.023914
0.023928
0.023941
0.023954
0.023968
0.023980
0.023994
0.024007
0.024236
0.024466
0.024483
0.024498
0.024511
0.024527
0.024541
0.024554
0.024567
0.024580
0.024594
0.024284
0.024498
0.024525
0.024539
0.024553
0.024566
0.024579
0.024592
0.024605
0.024618
0.024631
0.023779
0.024005
0.024022
0.024037
0.024051
0.024064
0.024077
0.024090
0.024103
0.024117
0.024130
0.023677
0.023889
0.023915
0.023930
0.023944
0.023957
0.023970
0.023984
0.023997
0.024009
0.024022
0.024172
0.024397
0.024415
0.024430
0.024443
0.024457
0.024469
0.024482
0.024496
0.024510
0.024523
0.052990
0.053211
0.053229
0.053243
0.053257
0.053271
0.053283
0.053296
0.053309
0.053322
0.053335
0.024256
0.024482
0.024500
0.024515
0.024529
0.024542
0.024555
0.024568
0.024582
0.024595
0.024608
0.024462
0.024690
0.024707
0.024722
0.024736
0.024749
0.024762
0.024776
0.024789
0.024802
0.024815
0.023896
0.024117
0.024137
0.024152
0.024166
0.024179
0.024193
0.024207
0.024220
0.024233
0.024246
0.023694
0.023919
0.023936
0.023950
0.023964
0.023977
0.023990
0.024003
0.024017
0.024030
0.024043
0.023448
0.023669
0.023687
0.023701
0.023715
0.023729
0.023742
0.023756
0.023769
0.023782
0.023795
0.023603
0.023814
0.023831
0.023854
0.023867
0.023880
0.023894
0.023907
0.023919
0.023932
0.023945
0.023808
0.024033
0.024050
0.024065
0.024079
0.024092
0.024106
0.024119
0.024132
0.024148
0.024161
0.023576
0.023790
0.023817
0.023831
0.023845
0.023858
0.023871
0.023885
0.023898
0.023911
0.023924
0.023689
0.023904
0.023931
0.023945
0.023959
0.023972
0.023985
0.023999
0.024012
0.024025
0.024038
0.053728
0.053951
0.053968
0.053982
0.053996
0.054009
0.054022
0.054035
0.054050
0.054066
0.054080
0.024497
0.024729
0.024746
0.024760
0.024777
0.024795
0.024810
0.024827
0.024842
