1.840684
0.033573
0.033864
0.033885
0.033902
0.033919
0.033936
0.033954
0.033971
0.033987
0.034004
0.034020
0.026251
0.026501
0.026532
0.026550
0.026567
0.026585
0.026601
0.026618
0.026634
0.026651
0.026668
0.026072
0.026313
0.026332
0.026349
0.026367
0.026383
0.026399
0.026414
0.026430
0.026446
0.026463
0.033325
0.033578
0.033610
0.033630
0.033649
0.033667
0.033684
0.033702
0.033719
0.033737
0.033754
0.026769
0.026989
0.027005
0.027019
0.027042
0.027055
0.027069
0.027082
0.027095
0.027108
0.027120
0.024988
0.025223
0.025241
0.025256
0.025270
0.025283
0.025296
0.025309
0.025322
0.025335
0.025348
0.025029
0.025255
0.025272
0.025286
0.025300
0.025312
0.025327
0.025340
0.025353
0.025366
0.025379
0.025342
0.025559
0.025577
0.025590
0.025613
0.025626
0.025639
0.025652
0.025665
0.025678
0.025690
0.024337
0.024564
0.024581
0.024595
0.024609
0.024622
0.024635
0.024648
0.024662
0.024676
0.024689
0.049845
0.050069
0.050086
0.050100
0.050113
0.050126
0.050139
0.050154
0.050167
0.050180
0.050192
0.024360
0.024586
0.024603
0.024617
0.024631
0.024644
0.024657
0.024670
0.024683
0.024696
0.024709
0.024868
0.025090
0.025108
0.025121
0.025135
0.025150
0.025162
0.025175
0.025188
0.025201
0.025213
0.025282
0.025505
0.025522
0.025536
0.025549
0.025562
0.025575
0.025588
0.025601
0.025614
0.025627
0.024523
0.024746
0.024763
0.024777
0.024791
0.024807
0.024820
0.024833
0.024846
0.024860
0.024873
0.025311
0.025538
0.025555
0.025568
0.025581
0.025594
0.025608
0.025621
0.025633
0.025646
0.025659
0.026772
0.026999
0.027016
0.027030
0.027049
0.027063
0.027076
0.027090
0.027106
0.027119
0.027132
0.024428
0.024645
0.024661
0.024673
0.024702
0.024715
0.024728
0.024741
0.024754
0.024767
0.024780
0.024360
0.024587
0.024604
0.024618
0.024631
0.024645
0.024658
0.024671
0.024684
0.024697
0.024709
0.025387
0.025610
0.025628
0.025645
0.025658
0.025672
0.025685
0.025698
0.025711
0.025724
0.025737
0.049128
0.049347
0.049364
0.049378
0.049392
0.049406
0.049419
0.049432
0.049445
0.049458
0.049475
0.025640
0.025868
0.025885
0.025899
0.025912
0.025925
0.025938
0.025951
0.025964
0.025977
0.025990
0.025277
0.025501
0.025522
0.025536
0.025549
0.025562
0.025575
0.025588
0.025601
0.025614
0.025627
0.025167
0.025386
0.025403
0.025417
0.025431
0.025444
0.025457
0.025470
0.025483
0.025496
0.025509
0.024355
0.024581
0.024599
0.024613
0.024627
0.024640
0.024654
0.024667
0.024680
0.024693
0.024706
0.025390
0.025617
0.025638
0.025655
0.025671
0.025689
0.025704
0.025719
0.025734
0.025749
0.025764
0.024798
0.025023
0.025042
0.025058
0.025074
0.025089
0.025104
0.025119
0.025135
0.025149
0.025164
0.024701
0.024930
0.024951
0.024967
0.024983
0.025000
0.025016
0.025031
0.025048
0.025064
0.025079
0.024822
0.025049
0.025068
0.025084
0.025100
0.025115
0.025130
0.025145
0.025161
0.025176
0.025191
0.024599
0.024825
0.024844
0.024860
0.024875
0.024891
0.024906
0.024922
0.024937
0.024953
0.024968
0.049191
0.049412
0.049429
0.049444
0.049458
0.049471
0.049484
0.049497
0.049510
0.049523
0.049536
0.025392
0.025618
0.025636
0.025650
0.025663
0.025676
0.025690
0.025703
0.025717
0.025730
0.025743
0.024734
0.024950
0.024979
0.024995
0.025010
0.025026
0.025041
0.025056
0.025070
0.025085
0.025100
0.031874
0.032133
0.032167
0.032185
0.032203
0.032222
0.032240
0.032258
0.032276
0.032294
0.032312
0.028339
0.028569
0.028589
0.028606
0.028621
0.028637
0.028653
0.028669
0.028683
0.028698
0.028713
0.024723
0.024951
0.024969
0.024983
0.024997
0.025010
0.025024
0.025037
0.025050
0.025063
0.025076
0.024637
0.024865
0.024882
0.024897
0.024910
0.024924
0.024937
0.024950
0.024963
0.024976
0.024989
0.025027
0.025254
0.025270
0.025284
0.025299
0.025313
0.025326
0.025339
0.025352
0.025369
0.025381
0.024086
0.024313
0.024330
0.024344
0.024358
0.024371
0.024384
0.024397
0.024410
0.024422
0.024435
0.025301
0.025526
0.025543
0.025558
0.025572
0.025585
0.025598
0.025612
0.025625
0.025638
0.025651
0.052156
0.052392
0.052425
0.052452
0.052478
0.052502
0.052527
0.052551
0.052575
0.052599
0.052623
0.026758
0.026986
0.027012
0.027038
0.027062
0.027087
0.027112
0.027136
0.027159
0.027183
0.027207
0.025721
0.025959
0.025993
0.026019
0.026045
0.026069
0.026093
0.026117
0.026140
0.026164
0.026188
0.026264
0.026503
0.026535
0.026562
0.026588
0.026613
0.026637
0.026661
0.026685
0.026709
0.026732
0.025889
0.026126
0.026158
0.026192
0.026218
0.026233
0.026247
0.026260
0.026276
0.026293
0.026312
0.025596
0.025823
0.025840
0.025855
0.025868
0.025882
0.025895
0.025908
0.025921
0.025934
0.025950
0.025402
0.025635
0.025655
0.025671
0.025687
0.025703
0.025719
0.025735
0.025751
0.025766
0.025782
0.025488
0.025707
0.025736
0.025752
0.025769
0.025784
0.025800
0.025815
0.025831
0.025846
0.025863
0.025776
0.025997
0.026015
0.026029
0.026042
0.026055
0.026068
0.026082
0.026094
0.026111
0.026125
0.026137
0.026351
0.026377
0.026392
0.026406
0.026420
0.026433
0.026446
0.026459
0.026473
0.026486
0.052840
0.053059
0.053076
0.053090
0.053104
0.053117
0.053130
0.053143
0.053156
0.053169
0.053182
0.027336
0.027564
0.027582
0.027596
0.027609
0.027623
0.027636
0.027649
0.027662
0.027675
0.027687
0.026817
0.027041
0.027058
0.027072
0.027086
0.027099
0.027112
0.027126
0.027139
0.027152
0.027165
0.026298
0.026524
0.026541
0.026555
0.026569
0.026583
0.026595
0.026608
0.026622
0.026635
0.026648
0.026186
0.026408
0.026425
0.026439
0.026453
0.026466
0.026479
0.026493
0.026506
0.026519
0.026532
0.025799
0.026024
0.026042
0.026056
0.026071
