1.463729
0.029625
0.029831
0.029849
0.029866
0.029880
0.029893
0.029906
0.029919
0.029933
0.029946
0.029959
0.033294
0.033514
0.033536
0.033555
0.033573
0.033591
0.033609
0.033627
0.033644
0.033662
0.033679
0.031501
0.031726
0.031757
0.031776
0.031794
0.031812
0.031830
0.031847
0.031865
0.031883
0.031900
0.031645
0.031888
0.031911
0.031929
0.031948
0.031966
0.031984
0.032001
0.032019
0.032037
0.032054
0.031573
0.031795
0.031841
0.031865
0.031887
0.031986
0.032048
0.032109
0.032169
0.032230
0.032290
0.034319
0.034547
0.034569
0.034590
0.034608
0.034626
0.034644
0.034662
0.034680
0.034697
0.034715
0.032241
0.032456
0.032486
0.032505
0.032523
0.032541
0.032561
0.032579
0.032598
0.032616
0.032634
0.031232
0.031454
0.031475
0.031494
0.031512
0.031529
0.031546
0.031564
0.031581
0.031598
0.031615
0.038023
0.038246
0.038267
0.038286
0.038305
0.038323
0.038342
0.038359
0.038377
0.038395
0.038412
0.057884
0.058120
0.058142
0.058161
0.058181
0.058199
0.058217
0.058238
0.058257
0.058275
0.058294
0.032906
0.033134
0.033166
0.033186
0.033205
0.033223
0.033242
0.033260
0.033279
0.033297
0.033315
0.034029
0.034248
0.034268
0.034295
0.034313
0.034333
0.034351
0.034368
0.034386
0.034403
0.034420
0.033696
0.033927
0.033947
0.033964
0.033993
0.034011
0.034029
0.034047
0.034065
0.034083
0.034101
0.031429
0.031661
0.031684
0.031704
0.031723
0.031744
0.031763
0.031781
0.031800
0.031819
0.031837
0.031485
0.031733
0.031758
0.031776
0.031794
0.031813
0.031831
0.031848
0.031866
0.031884
0.031902
0.033207
0.033407
0.033437
0.033456
0.033474
0.033491
0.033510
0.033529
0.033550
0.033568
0.033585
0.033749
0.033980
0.034002
0.034029
0.034048
0.034065
0.034084
0.034101
0.034120
0.034138
0.034155
0.038555
0.038758
0.038776
0.038790
0.038805
0.038818
0.038831
0.038845
0.038858
0.038871
0.038884
0.039643
0.039874
0.039905
0.039928
0.039947
0.039965
0.039984
0.040003
0.040021
0.040039
0.040058
0.066523
0.066778
0.066804
0.066819
0.066834
0.066851
0.066873
0.066895
0.066916
0.066936
0.066957
0.039368
0.039614
0.039637
0.039657
0.039676
0.039694
0.039713
0.039731
0.039750
0.039768
0.039786
0.039388
0.039629
0.039668
0.039689
0.039708
0.039727
0.039747
0.039766
0.039786
0.039806
0.039826
0.031946
0.032202
0.032233
0.032253
0.032271
0.032290
0.032308
0.032327
0.032344
0.032362
0.032381
0.031897
0.032091
0.032119
0.032133
0.032147
0.032160
0.032174
0.032187
0.032199
0.032212
0.032229
0.026165
0.026384
0.026413
0.026438
0.026463
0.026490
0.026513
0.026538
0.026561
0.026585
0.026609
0.026301
0.026502
0.026519
0.026533
0.026547
0.026560
0.026573
0.026586
0.026599
0.026612
0.026624
0.026311
0.026506
0.026533
0.026547
0.026563
0.026577
0.026592
0.026607
0.026621
0.026634
0.026648
0.028378
0.028594
0.028621
0.028647
0.028677
0.028701
0.028726
0.028749
0.028773
0.028797
0.028820
0.037906
0.038146
0.038183
0.038203
0.038221
0.038239
0.038256
0.038275
0.038293
0.038311
0.038329
0.053273
0.053473
0.053490
0.053504
0.053518
0.053532
0.053548
0.053565
0.053580
0.053596
0.053611
0.032018
0.032231
0.032260
0.032277
0.032292
0.032309
0.032324
0.032341
0.032357
0.032373
0.032388
0.028126
0.028337
0.028358
0.028374
0.028391
0.028407
0.028422
0.028438
0.028454
0.028470
0.028486
0.026085
0.027808
0.027849
0.027882
0.027905
0.027926
0.027948
0.027970
0.027991
0.028012
0.028033
0.028889
0.029102
0.029120
0.029135
0.029149
0.029162
0.029175
0.029188
0.029202
0.029215
0.029228
0.031990
