1.818540
0.038911
0.039195
0.039214
0.039240
0.039254
0.039269
0.039283
0.039297
0.039313
0.039327
0.039341
0.033378
0.033622
0.033639
0.033654
0.033667
0.033682
0.033704
0.033720
0.033735
0.033748
0.033762
0.034140
0.034389
0.034423
0.034448
0.034475
0.034500
0.034524
0.034548
0.034572
0.034596
0.034620
0.032929
0.033169
0.033201
0.033228
0.033254
0.033280
0.033304
0.033329
0.033354
0.033378
0.033402
0.032027
0.032260
0.032281
0.032297
0.032314
0.032329
0.032345
0.032360
0.032376
0.032391
0.032407
0.031682
0.031910
0.031930
0.031948
0.031965
0.031981
0.031997
0.032013
0.032029
0.032044
0.032059
0.030265
0.030481
0.030516
0.030543
0.030566
0.030580
0.030596
0.030610
0.030623
0.030635
0.030648
0.031216
0.031442
0.031460
0.031474
0.031488
0.031502
0.031515
0.031528
0.031540
0.031553
0.031566
0.030241
0.030467
0.030484
0.030499
0.030512
0.030525
0.030539
0.030551
0.030564
