1.823129
0.030115
0.030393
0.030411
0.030427
0.030442
0.030456
0.030469
0.030483
0.030499
0.030513
0.030527
0.026619
0.026872
0.026888
0.026901
0.026919
0.026934
0.026947
0.026961
0.026975
0.026989
0.027002
0.024920
0.025154
0.025173
0.025188
0.025202
0.025215
0.025229
0.025242
0.025256
0.025270
0.025283
0.024012
0.024232
0.024258
0.024273
0.024286
0.024299
0.024312
0.024326
0.024339
0.024352
0.024365
0.024501
0.024731
0.024750
0.024764
0.024778
0.024792
0.024806
0.024819
0.024832
0.024845
0.024858
0.023471
0.023700
0.023719
0.023736
0.023752
0.023767
0.023781
0.023796
0.023811
0.023826
0.023841
0.023803
0.024036
0.024057
0.024073
0.024091
0.024107
0.024125
0.024141
0.024156
0.024172
0.024188
0.023398
0.023633
0.023654
0.023671
0.023688
0.023703
0.023719
0.023734
0.023750
0.023765
0.023780
0.023495
0.023724
0.023744
0.023760
0.023776
0.023792
0.023815
0.023830
0.023846
0.023862
0.023878
0.048203
0.048424
0.048443
0.048470
0.048486
0.048501
0.048517
0.048535
0.048551
0.048567
0.048582
0.023879
0.024104
0.024122
0.024137
0.024150
0.024163
0.024176
0.024190
0.024203
0.024216
0.024229
0.025015
0.025239
0.025256
0.025270
0.025283
0.025298
0.025311
0.025324
0.025337
0.025350
0.025363
0.024485
0.024707
0.024724
0.024738
0.024752
0.024766
0.024779
0.024792
0.024805
0.024818
0.024831
0.024461
0.024697
0.024717
0.024734
0.024751
0.024769
0.024786
0.024801
0.024817
0.024832
0.024847
0.023636
0.023870
0.023890
0.023908
0.023925
0.023942
0.023955
0.023968
0.023982
0.023995
0.024009
0.024313
0.024539
0.024556
0.024570
0.024583
0.024600
0.024617
0.024633
0.024651
0.024666
0.024682
0.024151
0.024383
0.024403
0.024420
0.024436
0.024452
0.024468
0.024484
0.024499
0.024515
0.024530
0.023734
0.023966
0.023986
0.024004
0.024019
0.024036
0.024051
0.024066
0.024082
0.024098
0.024113
0.024270
0.024502
0.024522
0.024542
0.024558
0.024574
0.024589
0.024605
0.024620
0.024635
0.024651
0.048463
0.048695
0.048716
0.048733
0.048749
0.048764
0.048780
0.048796
0.048813
0.048829
0.048844
0.023685
0.023920
0.023941
0.023958
0.023974
0.023989
0.024004
0.024020
0.024035
0.024055
0.024071
0.023416
0.023653
0.023675
0.023693
0.023709
0.023725
0.023740
0.023755
0.023770
0.023785
0.023800
0.024330
0.024551
0.024570
0.024596
0.024612
0.024628
0.024644
0.024659
0.024675
0.024690
0.024709
0.024318
0.024549
0.024569
0.024585
0.024602
0.024617
0.024633
0.024649
0.024664
0.024679
0.024695
0.023921
0.024151
0.024171
0.024188
0.024204
0.024222
0.024237
0.024253
0.024268
0.024284
0.024299
0.023760
0.023992
0.024013
0.024030
0.024046
0.024062
0.024078
0.024093
0.024109
0.024124
0.024140
0.023780
0.023999
0.024016
0.024040
0.024054
0.024067
0.024080
0.024093
0.024106
0.024119
0.024132
0.024236
0.024463
0.024481
0.024495
0.024509
0.024523
0.024535
0.024548
0.024561
0.024575
0.024587
0.027036
0.027270
0.027287
0.027302
