1.777872
0.027195
0.027442
0.027460
0.027475
0.027489
0.027503
0.027516
0.027530
0.027544
0.027557
0.027570
0.025945
0.026176
0.026193
0.026207
0.026221
0.026235
0.026248
0.026261
0.026275
0.026288
0.026301
0.025241
0.025468
0.025487
0.025503
0.025518
0.025531
0.025544
0.025558
0.025571
0.025585
0.025598
0.024771
0.025010
0.025029
0.025043
0.025057
0.025070
0.025083
0.025096
0.025109
0.025122
0.025135
0.024945
0.025177
0.025196
0.025210
0.025224
0.025237
0.025250
0.025263
0.025276
0.025289
0.025302
0.022698
0.022927
0.022944
0.022959
0.022973
0.022986
0.022999
0.023012
0.023025
0.023038
0.023051
0.023226
0.023443
0.023469
0.023483
0.023496
0.023510
0.023526
0.023539
0.023552
0.023565
0.023579
0.023266
0.023496
0.023514
0.023528
0.023541
0.023555
0.023567
0.023581
0.023594
0.023607
0.023619
0.022922
0.023147
0.023165
0.023178
0.023192
0.023205
0.023218
0.023232
0.023245
0.023258
0.023271
0.047404
0.047628
0.047645
0.047659
0.047672
0.047685
0.047698
0.047714
0.047727
0.047740
0.047753
0.023504
0.023729
0.023746
0.023761
0.023774
0.023787
0.023801
0.023815
0.023828
0.023841
0.023854
0.022823
0.023052
0.023077
0.023102
0.023125
0.023153
0.023177
0.023201
0.023224
0.023248
0.023271
0.022752
0.022985
0.023016
0.023042
0.023069
0.023095
0.023120
0.023143
0.023167
0.023190
0.023214
0.022525
0.022764
0.022794
0.022821
0.022847
0.022874
0.022898
0.022922
0.022946
0.022970
0.022994
0.022492
0.022729
0.022760
0.022788
0.022813
0.022838
0.022862
0.022886
0.022910
0.022933
0.022957
0.022722
0.022956
0.022983
0.023008
0.023032
0.023056
0.023080
0.023104
0.023130
0.023155
0.023179
0.024929
0.025168
0.025197
0.025225
0.025249
0.025274
0.025299
0.025322
0.025346
0.025369
0.025393
0.023521
0.023746
0.023764
0.023778
0.023791
0.023804
0.023817
0.023830
0.023854
0.023867
0.023880
0.024408
0.024639
0.024657
0.024674
0.024688
0.024701
0.024714
0.024727
0.024740
0.024753
0.024766
0.050845
0.051078
0.051097
0.051114
0.051130
0.051146
0.051162
0.051177
0.051193
0.051208
0.051223
0.023420
0.023646
0.023663
0.023677
0.023691
0.023704
0.023717
0.023731
0.023744
0.023757
0.023770
0.023031
0.023541
0.023565
0.023579
0.023593
0.023607
0.023621
0.023633
0.023647
0.023660
0.023673
0.023476
0.023713
0.023731
0.023745
0.023759
0.023772
0.023786
0.023799
0.023812
0.023825
0.023838
0.023413
0.023643
0.023660
0.023674
0.023688
0.023702
0.023715
0.023728
0.023741
0.023754
0.023767
0.024820
0.025048
0.025066
0.025080
0.025094
