1.444685
0.028851
0.029133
0.029155
0.029174
0.029192
0.029210
0.029227
0.029244
0.029262
0.029279
0.029298
0.027694
0.027923
0.027945
0.027963
0.027981
0.028000
0.028017
0.028034
0.028052
0.028069
0.028087
0.027742
0.027972
0.027996
0.028016
0.028035
0.028053
0.028072
0.028090
0.028108
0.028127
0.028145
0.028114
0.028346
0.028368
0.028395
0.028414
0.028432
0.028450
0.028467
0.028485
0.028502
0.028519
0.027975
0.028197
0.028227
0.028245
0.028263
0.028281
0.028298
0.028316
0.028333
0.028350
0.028368
0.029894
0.030108
0.030138
0.030158
0.030176
0.030194
0.030211
0.030229
0.030247
0.030264
0.030283
0.029708
0.029948
0.029970
0.029989
0.030006
0.030023
0.030044
0.030061
0.030078
0.030096
0.030113
0.028966
0.029195
0.029216
0.029233
0.029251
0.029269
0.029287
0.029305
0.029323
0.029340
0.029358
0.027886
0.028114
0.028136
0.028154
0.028171
0.028188
0.028206
0.028223
0.028240
0.028257
0.028275
0.047714
0.047923
0.047953
0.047971
0.047990
0.048008
0.048025
0.048046
0.048063
0.048082
0.048101
0.028082
0.028308
0.028330
0.028349
0.028367
0.028384
0.028402
0.028419
0.028437
0.028455
0.028472
0.029058
0.029294
0.029316
0.029335
0.029352
0.029373
0.029390
0.029407
0.029424
0.029441
0.029459
0.028820
0.029045
0.029068
0.029088
0.029107
0.029126
0.029146
0.029165
0.029184
0.029202
0.029221
0.028599
0.028829
0.028850
0.028868
0.028894
0.028914
0.028931
0.028949
0.028966
0.028984
0.029001
0.029309
0.029541
0.029562
0.029581
0.029599
0.029617
0.029635
0.029652
0.029670
0.029686
0.029704
0.028389
0.028613
0.028632
0.028659
0.028677
0.028695
0.028712
0.028729
0.028749
0.028767
0.028784
0.029317
0.029553
0.029577
0.029597
0.029616
0.029635
0.029657
0.029675
0.029693
0.029710
0.029728
0.029152
0.029375
0.029397
0.029414
0.029432
0.029450
0.029467
0.029485
0.029502
0.029519
0.029537
0.029455
0.029690
0.029712
0.029733
0.029751
0.029769
0.029787
0.029804
0.029821
0.029839
0.029856
0.049624
0.049845
0.049866
0.049884
0.049901
0.049919
0.049936
0.049954
0.049972
0.049990
0.050007
0.029024
0.029248
0.029280
0.029299
0.029316
0.029334
0.029351
0.029368
0.029386
0.029403
0.029421
0.028354
0.028579
0.028613
0.028631
0.028649
0.028666
0.028684
0.028702
0.028719
0.028736
0.028754
0.028463
0.028692
0.028717
0.028736
0.028754
0.028772
0.028789
0.028806
0.028824
0.028841
0.028859
0.030156
0.030390
0.030411
0.030430
0.030450
0.030468
0.030486
0.030504
0.030522
0.030539
0.030556
0.030206
0.030428
0.030459
0.030477
0.030496
0.030517
0.030536
0.030555
0.030573
0.030591
0.030608
0.029760
0.029969
0.029990
0.030017
0.030035
0.030053
0.030071
0.030088
0.030105
0.030123
0.030140
0.028379
0.028603
0.028625
0.028644
0.028662
0.028680
0.028697
0.028715
0.028733
0.028750
0.028768
0.029340
0.029561
0.029583
0.029602
0.029620
0.029638
0.029656
0.029689
0.029707
0.029724
0.029742
0.029020
0.029247
0.029269
0.029288
0.029305
0.029323
0.029341
0.029358
0.029376
0.029393
0.029411
0.050417
0.050621
0.050652
0.050671
0.050689
0.050706
0.050724
0.050741
0.050759
0.050776
0.050794
0.028614
0.028845
0.028866
0.028893
0.028911
0.028929
0.028946
0.028964
0.028982
0.029000
0.029017
0.029055
0.029291
0.029313
0.029332
0.029350
0.029367
0.029385
0.029403
0.029420
0.029438
0.029455
0.030194
0.030426
0.030461
0.030479
0.030498
0.030515
0.030533
0.030551
0.030569
0.030587
0.030604
0.030482
0.030695
0.030725
0.030744
0.030761
0.030779
0.030796
0.030814
0.030831
0.030849
0.030866
0.030766
0.031013
0.031035
0.031054
0.031072
0.031090
0.031108
0.031126
0.031143
0.031161
0.031179
0.028807
0.029028
0.029050
0.029069
0.029087
0.029105
0.029123
0.029141
0.029158
0.029176
0.029193
0.029300
0.029523
0.029545
0.029571
0.029589
0.029608
0.029626
0.029643
0.029661
0.029682
0.029700
0.030033
0.030262
0.030283
0.030302
0.030320
0.030337
0.030355
0.030373
0.030390
0.030409
0.030426
0.028300
0.028536
0.028558
0.028576
0.028595
0.028617
0.028636
0.028654
0.028671
0.028689
0.028706
0.051731
0.051954
0.051977
0.051995
0.052014
0.052033
0.052052
0.052075
0.052094
0.052111
0.052128
0.029474
0.029696
0.029717
0.029744
0.029763
0.029781
0.029798
0.029816
0.029834
0.029852
0.029869
0.029189
0.029430
0.029451
0.029478
0.029496
0.029514
0.029532
0.029549
0.029567
0.029584
0.029601
0.031149
0.031385
0.031416
0.031435
0.031453
0.031471
0.031489
0.031506
0.031524
0.031542
0.031559
0.029358
0.029590
0.029612
0.029631
0.029649
0.029667
0.029685
0.029703
0.029721
0.029738
0.029755
0.029191
0.029414
0.029437
0.029455
0.029473
0.029491
0.029509
0.029526
0.029544
0.029561
0.029579
0.030046
