1.734282
0.026996
0.027213
0.027244
0.027271
0.027296
0.027322
0.027347
0.027371
0.027395
0.027419
0.027444
0.025342
0.025565
0.025599
0.025623
0.025648
0.025672
0.025696
0.025720
0.025744
0.025767
0.025791
0.032011
0.032238
0.032264
0.032296
0.032317
0.032337
0.032356
0.032376
0.032396
0.032416
0.032436
0.040516
0.040739
0.040763
0.040793
0.040813
0.040834
0.040855
0.040876
0.040896
0.040917
0.040937
0.034465
0.034677
0.034698
0.034724
0.034743
0.034760
0.034778
0.034795
0.034813
0.034830
0.034848
0.032123
0.032350
0.032372
0.032392
0.032409
0.032427
0.032448
0.032465
0.032482
0.032499
0.032516
0.033785
0.033991
0.034012
0.034039
0.034057
0.034074
0.034095
0.034112
0.034129
0.034148
0.034166
0.032245
0.032469
0.032490
0.032509
0.032526
0.032544
0.032561
0.032579
0.032596
0.032613
0.032630
0.032100
0.032323
0.032344
0.032363
0.032380
0.032399
0.032416
0.032434
0.032451
0.032468
0.032486
0.060821
0.061046
0.061068
0.061086
0.061104
0.061121
0.061139
0.061159
0.061176
0.061194
0.061212
0.032003
0.032225
0.032247
0.032265
0.032283
0.032302
0.032321
0.032341
0.032359
0.032378
0.032395
0.032135
0.032358
0.032380
0.032398
0.032415
0.032436
0.032454
0.032471
0.032488
0.032506
0.032523
0.034011
0.034221
0.034242
0.034269
0.034287
0.034305
0.034323
0.034341
0.034359
0.034376
0.034393
0.034241
0.034456
0.034478
0.034495
0.034513
0.034533
0.034550
0.034567
0.034584
0.034601
0.034618
0.033688
0.033895
0.033925
0.033943
0.033962
0.033979
0.033997
0.034014
0.034032
0.034049
0.034066
0.032227
0.032438
0.032468
0.032486
0.032504
0.032521
0.032538
0.032556
0.032575
0.032593
0.032609
0.033431
0.033648
0.033669
0.033688
0.033706
0.033724
0.033742
0.033760
0.033777
0.033795
0.033812
0.032282
0.032497
0.032517
0.032545
0.032563
0.032580
0.032598
0.032615
0.032632
0.032650
0.032667
0.032271
0.032483
0.032504
0.032534
0.032552
0.032569
0.032587
0.032605
0.032622
0.032640
0.032657
0.061387
0.061595
0.061615
0.061642
0.061659
0.061681
0.061699
0.061716
0.061734
0.061752
0.061769
0.032084
0.032311
0.032333
0.032351
0.032368
0.032386
0.032403
0.032421
0.032438
0.032456
0.032473
0.032314
0.032539
0.032564
0.032583
0.032601
0.032618
0.032635
0.032653
0.032670
0.032688
0.032705
0.032305
0.032519
0.032549
0.032568
0.032585
0.032603
0.032620
0.032638
0.032655
0.032672
0.032690
0.032449
0.032676
0.032697
0.032715
0.032734
0.032752
0.032770
0.032787
0.032805
0.032822
0.032840
0.032246
0.032460
0.032490
0.032509
0.032527
0.032549
0.032566
0.032583
0.032601
0.032619
0.032636
0.033238
0.033463
0.033485
0.033504
0.033522
0.033540
0.033557
0.033575
0.033592
0.033609
0.033627
0.032462
0.032678
0.032699
0.032726
0.032744
0.032762
0.032779
0.032797
0.032815
0.032832
0.032849
0.032484
0.032708
0.032730
0.032748
0.032766
0.032784
0.032802
0.032820
0.032836
0.032854
0.032871
0.034088
0.034310
0.034331
0.034350
0.034368
0.034386
0.034404
0.034421
0.034439
0.034456
0.034474
0.063780
0.063993
0.064024
0.064042
0.064060
0.064078
0.064095
0.064113
0.064130
0.064148
0.064165
0.032540
0.032757
0.032778
0.032806
0.032824
0.032841
0.032859
0.032877
0.032895
0.032912
0.032930
0.033962
0.034185
0.034207
0.034226
0.034244
0.034261
0.034279
0.034297
0.034314
0.034331
0.034348
0.033025
0.033257
0.033282
0.033301
0.033319
0.033337
0.033355
0.033373
0.033390
0.033408
0.033426
0.034331
0.034552
0.034583
0.034601
0.034619
0.034637
0.034654
0.034671
0.034689
0.034706
0.034724
0.034715
0.034953
0.034975
0.034993
0.035012
0.035029
0.035047
0.035065
0.035083
0.035100
0.035117
0.032897
0.033110
0.033141
0.033160
0.033178
0.033195
0.033213
0.033231
0.033248
0.033265
0.033283
0.034796
0.035038
0.035059
0.035086
0.035105
0.035124
0.035141
0.035159
0.035177
0.035199
0.035216
0.032906
0.033163
0.033185
0.033204
0.033222
0.033240
0.033257
0.033274
0.033292
0.033309
0.033326
0.034346
0.034560
0.034582
0.034601
0.034619
0.034637
0.034655
0.034672
0.034690
0.034708
0.034725
0.066782
0.067004
0.067027
0.067046
0.067064
0.067081
0.067099
0.067116
0.067134
0.067151
0.067168
0.033145
0.033359
0.033380
0.033408
0.033426
0.033444
0.033461
0.033479
0.033497
0.033514
0.033532
0.033160
0.033376
0.033408
0.033427
0.033445
0.033467
0.033486
0.033503
0.033521
0.033538
0.033556
0.033359
0.033588
0.033610
0.033629
0.033647
0.033665
0.033683
0.033700
0.033718
0.033735
0.033752
0.034063
0.034271
0.034303
0.034322
0.034340
0.034358
0.034376
0.034393
0.034411
0.034428
0.034446
0.033545
0.033773
0.033796
0.033814
0.033833
0.033851
0.033868
0.033886
0.033903
0.033921
0.033938
0.033179
0.033410
0.033431
0.033450
0.033467
0.033485
0.033502
0.033519
0.033536
0.033554
0.033571
0.033385
0.033598
0.033618
0.033645
0.033664
0.033681
0.033699
0.033717
0.033735
0.033752
0.033770
0.033068
0.033283
0.033313
0.033332
0.033350
0.033368
0.033386
0.033403
0.033421
0.033441
0.033459
0.033512
0.033732
0.033763
0.033782
0.033800
0.033818
0.033836
0.033853
0.033871
0.033888
0.033906
0.064682
0.064915
0.064937
0.064955
0.064973
0.064990
0.065008
0.065025
0.065042
0.065060
0.065077
0.033686
0.033911
0.033934
0.033952
0.033970
0.033988
0.034006
0.034023
0.034041
0.034058
0.034075
0.033616
0.033830
0.033851
0.033879
0.033896
0.033914
0.033931
0.033949
0.033967
0.033985
0.034002
0.034398
0.034625
0.034648
0.034666
0.034684
0.034702
0.034720
0.034737
0.034755
0.034772
0.034790
0.032562
0.032783
0.032804
0.032823
0.032841
0.032858
0.032876
0.032894
0.032912
0.032929
0.032947
0.032577
0.032786
0.032816
0.032835
0.032856
0.032874
0.032891
0.032908
0.032926
0.032943
0.032961
0.032565
0.032779
0.032800
0.032828
0.032846
0.032864
0.032881
0.032899
0.032917
0.032934
0.032952
0.032694
0.032919
0.032941
0.032960
0.032979
0.032997
0.033015
0.033032
0.033050
0.033067
0.033085
0.035313
0.035526
0.035546
0.035573
0.035591
0.035609
0.035631
0.035648
0.035666
0.035683
0.035700
0.036452
0.036682
0.036704
0.036723
0.036741
0.036759
0.036776
0.036794
0.036811
0.036828
0.036846
0.065249
0.065477
0.065497
0.065515
0.065541
0.065559
0.065576
0.065594
0.065611
0.065629
0.065646
0.033664
0.033883
0.033914
0.033934
0.033952
0.033970
0.033988
0.034006
0.034023
0.034041
0.034059
0.036525
0.036741
0.036772
0.036791
0.036809
0.036826
0.036844
0.036862
0.036882
0.036899
0.036917
0.034327
0.034558
0.034579
0.034598
0.034616
0.034637
0.034656
0.034673
0.034691
0.034708
0.034726
0.036357
0.036590
0.036612
0.036630
0.036648
0.036666
