1.255217
0.037803
0.038129
0.038151
0.038168
0.038188
0.038207
0.038225
0.038245
0.038265
0.038283
0.038302
0.031136
0.031382
0.031399
0.031412
0.031440
0.031475
0.031502
0.031528
0.031554
0.031579
0.031605
0.024455
0.024683
0.024698
0.024712
0.024737
0.024754
0.024767
0.024781
0.024795
0.024809
0.024822
0.024251
0.024483
0.024499
0.024513
0.024525
0.024539
0.024553
0.024566
0.024579
0.024592
0.024606
0.024674
0.024902
0.024920
0.024934
0.024948
0.024961
0.024974
0.024988
0.025001
0.025014
0.025027
0.023925
0.024156
0.024174
0.024189
0.024203
0.024216
0.024230
0.024242
0.024255
0.024268
0.024281
0.023652
0.023877
0.023895
0.023909
0.023922
0.023935
0.023951
0.023965
0.023979
0.023992
0.024005
0.023544
0.023771
0.023787
0.023802
0.023815
0.023828
0.023841
0.023854
0.023867
0.023880
0.023892
0.023641
0.023870
0.023888
0.023901
0.023915
0.023929
0.023942
0.023956
0.023968
0.023982
0.023995
0.048246
0.048469
0.048487
0.048501
0.048514
0.048527
0.048541
0.048556
0.048568
0.048581
0.048594
0.023742
0.023974
0.023991
0.024005
0.024019
0.024032
0.024045
0.024058
0.024071
0.024085
0.024097
0.024576
0.024806
0.024823
0.024837
0.024851
0.024866
0.024879
0.024892
0.024905
0.024918
0.024931
0.024076
0.024305
0.024322
0.024336
0.024349
0.024363
0.024375
0.024388
0.024401
0.024415
0.024427
0.023497
0.023727
0.023745
0.023758
0.023771
0.023787
0.023800
0.023813
0.023826
0.023839
0.023853
0.023587
0.023815
0.023833
0.023847
0.023860
0.023874
0.023887
0.023900
0.023913
0.023926
0.023939
0.023760
0.023987
0.024004
0.024018
0.024031
0.024044
0.024058
0.024071
0.024086
0.024099
0.024113
0.023943
0.024172
0.024189
0.024204
0.024218
0.024238
0.024254
0.024267
0.024280
0.024293
0.024306
0.023763
0.023988
0.024005
0.024019
0.024032
0.024045
0.024059
0.024072
0.024085
0.024098
0.024111
0.024653
0.024866
0.024892
0.024908
0.024922
0.024935
0.024948
0.024961
0.024975
0.024987
0.025000
0.049767
0.049999
0.050029
0.050053
0.050078
0.050102
0.050127
0.050153
0.050176
0.050200
0.050224
0.023797
0.024023
0.024050
0.024076
0.024101
0.024125
0.024149
0.024173
0.024197
0.024220
0.024244
0.024594
0.024837
0.024874
0.024899
0.024926
0.024950
0.024975
0.025000
0.025024
0.025048
0.025072
0.024430
0.024671
0.024704
0.024732
0.024758
0.024783
0.024808
0.024832
0.024856
0.024879
0.024904
0.023953
0.024183
0.024200
0.024215
0.024229
0.024243
0.024256
0.024270
0.024283
0.024296
0.024309
0.023639
0.023868
0.023885
0.023900
0.023913
0.023930
0.023943
0.023956
0.023969
0.023982
0.023995
0.023791
0.024019
0.024037
0.024052
0.024065
0.024078
0.024091
0.024105
0.024118
0.024131
0.024144
0.028116
0.028355
0.028373
0.028387
0.028401
0.028414
0.028427
0.028440
0.028454
0.028468
0.028481
0.022840
0.023069
0.023086
0.023101
0.023114
0.023128
0.023141
0.023154
0.023167
0.023180
0.023193
0.023372
0.023591
0.023617
0.023631
0.023644
0.023657
0.023670
0.023683
0.023697
0.023710
0.023723
0.049728
0.049954
0.049971
0.049986
0.050000
0.050013
0.050026
0.050039
0.050052
0.050065
0.050078
0.024688
0.024920
0.024938
0.024952
0.024966
0.024978
0.024992
0.025005
0.025018
0.025032
0.025044
0.024610
0.024841
0.024859
0.024873
0.024886
0.024899
0.024912
0.024925
