1.191680
0.039745
0.039975
0.039995
0.040013
0.040030
0.040046
0.040064
0.040080
0.040097
0.040112
0.040128
0.029676
0.029878
0.029898
0.029914
0.029929
0.029945
0.029962
0.029978
0.029993
0.030008
0.030023
0.037348
0.037592
0.037619
0.037654
0.037680
0.037705
0.037728
0.037750
0.037773
0.037797
0.037822
0.028731
0.028928
0.028946
0.028961
0.028975
0.028989
0.029002
0.029016
0.029029
0.029042
0.029055
0.030610
0.030808
0.030826
0.030841
0.030854
0.030868
0.030881
0.030894
0.030907
0.030920
0.030932
0.038568
0.038773
0.038791
0.038806
0.038819
0.038832
0.038845
0.038858
0.038872
0.038885
0.038898
0.028345
0.028554
0.028572
0.028586
0.028599
0.028612
0.028627
0.028640
0.028653
0.028666
0.028679
0.027283
0.027498
0.027515
0.027529
0.027543
0.027556
0.027570
0.027584
0.027597
0.027611
0.027624
0.034015
0.034228
0.034245
0.034259
0.034272
0.034286
0.034298
0.034311
0.034324
0.034337
0.034350
0.064369
0.064598
0.064619
0.064638
0.064656
0.064674
0.064692
0.064712
0.064729
0.064747
0.064764
0.046081
0.046295
0.046312
0.046326
0.046340
0.046353
0.046366
0.046379
0.046391
0.046404
0.046417
0.029140
0.029344
0.029362
0.029377
0.029390
0.029406
0.029419
0.029433
0.029445
0.029459
0.029471
0.037298
0.037528
0.037550
0.037569
0.037586
0.037604
0.037621
0.037639
0.037656
0.037674
0.037691
0.034588
0.034817
0.034839
0.034857
0.034875
0.034896
0.034913
0.034930
0.034948
0.034965
0.034983
0.034796
0.035018
0.035048
0.035066
0.035084
0.035102
0.035119
0.035136
0.035154
0.035172
0.035189
0.036152
0.036376
0.036397
0.036416
0.036434
0.036451
0.036469
0.036486
0.036510
0.036528
0.036546
0.033697
0.033915
0.033945
0.033963
0.033981
0.033999
0.034017
0.034035
0.034053
0.034070
0.034088
0.035376
0.035601
0.035623
0.035641
0.035658
0.035676
0.035694
0.035712
0.035729
0.035746
0.035763
0.034410
0.034629
0.034649
0.034681
0.034700
0.034718
0.034735
0.034753
0.034770
0.034787
0.034805
0.064249
0.064465
0.064495
0.064512
0.064532
0.064549
0.064567
0.064584
0.064601
0.064618
0.064636
0.034559
0.034789
0.034812
0.034832
0.034851
0.034868
0.034888
0.034905
0.034923
0.034941
0.034959
0.035026
0.035247
0.035273
0.035291
0.035310
0.035328
0.035346
0.035363
0.035381
0.035399
0.035417
0.041729
0.041948
0.041982
0.042003
0.042024
0.042045
0.042066
0.042085
0.042104
0.042125
0.042145
0.035963
0.036178
0.036199
0.036226
0.036244
0.036262
0.036279
0.036297
0.036315
0.036333
0.036350
0.037434
0.037637
0.037658
0.037685
0.037703
0.037724
0.037742
0.037760
0.037777
0.037795
0.037812
0.036108
0.036329
0.036350
0.036369
0.036386
0.036405
0.036423
0.036441
0.036459
0.036476
0.036494
0.037488
0.037702
0.037723
0.037750
0.037769
0.037786
0.037805
0.037822
0.037839
0.037856
0.037874
0.035809
0.036033
0.036053
0.036080
0.036099
0.036117
0.036134
0.036152
0.036170
0.036188
0.036205
0.035663
0.035895
0.035917
0.035936
0.035954
0.035972
0.035990
0.036009
0.036026
0.036045
0.036062
0.078288
0.078545
0.078577
0.078601
0.078627
0.078652
0.078677
0.078702
0.078726
0.078751
0.078776
0.035510
0.035737
0.035758
0.035777
0.035796
0.035814
0.035832
0.035850
0.035868
0.035886
0.035903
0.035556
0.035779
0.035810
0.035828
0.035847
0.035865
0.035882
0.035900
0.035917
0.035934
0.035952
0.036036
0.036258
0.036292
0.036310
0.036329
0.036346
0.036364
0.036383
0.036400
0.036418
0.036436
0.040803
0.041012
0.041041
0.041069
0.041095
0.041121
0.041146
0.041170
