1.647076
0.032920
0.033164
0.033185
0.033204
0.033222
0.033240
0.033258
0.033275
0.033293
0.033310
0.033328
0.032120
0.032334
0.032353
0.032379
0.032397
0.032415
0.032433
0.032450
0.032468
0.032485
0.032503
0.033760
0.033972
0.033988
0.034002
0.034014
0.034031
0.034045
0.034060
0.034073
0.034087
0.034101
0.024974
0.025171
0.025189
0.025204
0.025217
0.025230
0.025243
0.025256
0.025269
0.025282
0.025295
0.024996
0.025194
0.025221
0.025235
0.025249
0.025265
0.025278
0.025290
0.025304
0.025317
0.025330
0.024622
0.024824
0.024841
0.024857
0.024871
0.024885
0.024899
0.024912
0.024925
0.024938
0.024951
0.024931
0.025139
0.025156
0.025170
0.025184
0.025197
0.025213
0.025227
0.025239
0.025253
0.025266
0.024540
0.024739
0.024757
0.024771
0.024785
0.024799
0.024812
0.024825
0.024838
0.024851
0.024863
0.024521
0.024733
0.024750
0.024765
0.024778
0.024791
0.024804
0.024817
0.024830
0.024843
0.024856
0.046236
0.046450
0.046467
0.046481
0.046495
0.046508
0.046521
0.046536
0.046549
0.046562
0.046575
0.024944
0.025141
0.025158
0.025172
0.025186
0.025199
0.025212
0.025225
0.025238
0.025251
0.025265
0.024619
0.024831
0.024848
0.024862
0.024875
0.024892
0.024905
0.024918
0.024934
0.024951
0.024965
0.024740
0.024947
0.024966
0.024982
0.024999
0.025015
0.025032
0.025048
0.025064
0.025080
0.025095
0.024655
0.024868
0.024888
0.024904
0.024920
0.024939
0.024955
0.024971
0.024987
0.025002
0.025017
0.025271
0.025486
0.025506
0.025523
0.025541
0.025557
0.025573
0.025589
0.025605
0.025621
0.025636
0.025292
0.025491
0.025510
0.025527
0.025542
0.025558
0.025573
0.025589
0.025607
0.025623
0.025639
0.026514
0.026721
0.026742
0.026759
0.026777
0.026792
0.026807
0.026823
0.026839
0.026854
0.026870
0.025773
0.025985
0.026006
0.026021
0.026037
0.026052
0.026068
0.026083
0.026099
0.026114
0.026129
0.025132
0.025345
0.025365
0.025383
0.025398
0.025415
0.025431
0.025446
0.025462
0.025477
0.025492
0.047669
0.047879
0.047909
0.047927
0.047944
0.047960
0.047976
0.047992
0.048007
0.048023
0.048038
0.026610
0.026815
0.026845
0.026861
0.026879
0.026895
0.026911
0.026927
0.026942
0.026958
0.026974
0.025857
0.026057
0.026080
0.026096
0.026113
0.026129
0.026145
0.026161
0.026176
0.026192
0.026207
0.025496
0.025682
0.025708
0.025722
0.025736
0.025749
0.025762
0.025775
0.025788
0.025800
0.025813
0.024970
0.025182
0.025200
0.025213
0.025227
0.025240
0.025253
0.025267
0.025280
0.025293
0.025305
0.025150
0.025348
0.025365
0.025379
0.025393
0.025409
0.025422
0.025435
0.025448
0.025460
0.025474
0.025245
0.025455
0.025473
0.025487
0.025501
0.025514
0.025527
0.025540
0.025553
0.025567
0.025579
0.027512
0.027719
0.027735
0.027749
0.027772
0.027786
0.027798
0.027811
0.027824
0.027838
0.027851
0.025715
0.025924
0.025942
0.025956
0.025970
0.025983
0.025996
0.026010
0.026022
0.026035
0.026048
0.025915
0.026118
0.026135
0.026150
0.026164
0.026177
0.026190
0.026203
0.026217
0.026230
0.026243
0.047886
0.048085
0.048103
0.048117
0.048131
0.048144
0.048157
0.048170
0.048183
0.048195
0.048208
0.026281
0.026494
0.026528
0.026552
0.026577
0.026602
0.026625
0.026650
0.026674
0.026698
0.026721
0.025900
0.026126
0.026158
0.026186
0.026211
0.026235
0.026259
0.026283
0.026306
0.026330
0.026354
0.025483
0.025692
0.025727
0.025755
0.025781
0.025806
0.025831
0.025856
0.025880
0.025904
0.025928
0.025053
0.025258
0.025284
0.025319
0.025347
0.025370
0.025394
0.025418
0.025442
0.025465
0.025488
0.025150
0.025359
0.025388
0.025414
0.025440
0.025466
0.025490
0.025514
0.025538
0.025563
0.025586
0.025637
0.025839
0.025872
0.025896
0.025919
0.025944
0.025967
0.025992
0.026015
0.026039
0.026063
0.026783
0.026985
0.027003
0.027018
0.027032
0.027045
0.027058
0.027072
0.027086
0.027102
0.027115
0.025875
0.026072
0.026091
0.026105
0.026118
0.026131
0.026145
0.026158
0.026171
0.026184
0.026196
0.025097
