1.501565
0.037174
0.037384
0.037405
0.037433
0.037451
0.037469
0.037486
0.037504
0.037523
0.037540
0.037557
0.031974
0.032200
0.032222
0.032240
0.032258
0.032276
0.032294
0.032311
0.032330
0.032347
0.032365
0.031210
0.031413
0.031434
0.031465
0.031484
0.031503
0.031521
0.031538
0.031556
0.031573
0.031591
0.039789
0.039989
0.040006
0.040021
0.040035
0.040048
0.040062
0.040079
0.040097
0.040113
0.040129
0.024290
0.024491
0.024511
0.024527
0.024543
0.024558
0.024573
0.024594
0.024622
0.024641
0.024663
0.023849
0.024057
0.024084
0.024112
0.024137
0.024161
0.024185
0.024209
0.024233
0.024256
0.024280
0.024243
0.024453
0.024481
0.024517
0.024542
0.024567
0.024594
0.024617
0.024642
0.024665
0.024689
0.024980
0.025180
0.025211
0.025238
0.025265
0.025291
0.025316
0.025340
0.025364
0.025388
0.025412
0.023940
0.024155
0.024184
0.024212
0.024237
0.024262
0.024287
0.024310
0.024334
0.024358
0.024382
0.049254
0.049458
0.049477
0.049491
0.049505
0.049518
0.049531
0.049546
0.049559
0.049574
0.049587
0.023880
0.024078
0.024105
0.024129
0.024154
0.024178
0.024201
0.024225
0.024248
0.024272
0.024296
0.023704
0.023914
0.023940
0.023958
0.023975
0.023994
0.024010
0.024026
0.024041
0.024057
0.024072
0.023959
0.024156
0.024174
0.024189
0.024205
0.024220
0.024236
0.024251
0.024266
0.024282
0.024297
0.024398
0.024611
0.024630
0.024647
0.024663
0.024682
0.024697
0.024712
0.024775
0.024793
0.024808
0.023768
0.023965
0.023984
0.024000
0.024016
0.024032
0.024049
0.024064
0.024079
0.024094
0.024109
0.023705
0.023908
0.023927
0.023943
0.023960
0.023976
0.023992
0.024007
0.024025
0.024040
0.024056
0.024695
0.024896
0.024916
0.024934
0.024951
0.024966
0.024982
0.024998
0.025013
0.025028
0.025044
0.023705
0.023901
0.023919
0.023935
0.023969
0.023995
0.024020
0.024046
0.024074
0.024091
0.024104
0.024208
0.024398
0.024415
0.024432
0.024446
0.024458
0.024472
0.024488
0.024501
0.024514
0.024529
0.050140
0.050333
0.050350
0.050364
0.050378
0.050391
0.050404
0.050417
0.050430
0.050443
0.050457
0.023916
0.024121
0.024141
0.024158
0.024175
0.024191
0.024207
0.024222
0.024238
0.024253
0.024268
0.023579
0.023774
0.023797
0.023813
0.023829
0.023844
0.023859
0.023875
0.023891
0.023906
0.023921
0.022635
0.022835
0.022855
0.022871
0.022887
0.022902
0.022918
0.022934
0.022950
0.022966
0.022982
0.024158
0.024346
0.024366
0.024393
0.024410
0.024426
0.024442
0.024458
0.024474
0.024490
0.024506
0.024132
0.024329
0.024348
0.024365
0.024382
0.024400
0.024416
0.024431
0.024447
0.024473
0.024493
0.023854
0.024048
0.024066
0.024081
0.024095
0.024108
0.024122
0.024135
0.024150
0.024163
0.024176
0.023233
0.023427
0.023445
0.023462
0.023476
0.023490
0.023503
0.023516
0.023529
0.023542
0.023555
0.025752
0.025946
0.025963
0.025977
0.025991
0.026004
0.026018
0.026033
0.026050
0.026066
0.026081
0.023290
0.023497
0.023517
0.023534
0.023549
0.023565
0.023580
0.023595
0.023610
0.023626
0.023641
0.050321
0.050520
0.050540
0.050557
0.050573
0.050588
0.050603
0.050618
0.050633
0.050647
0.050662
0.025253
0.025455
0.025474
0.025492
0.025508
0.025523
0.025540
0.025556
0.025572
0.025588
0.025604
0.023799
0.024001
0.024022
0.024039
0.024055
0.024070
0.024085
0.024100
0.024115
0.024130
0.024146
0.024693
0.024892
0.024916
0.024933
0.024950
0.024966
0.024981
