1.535924
0.036560
0.036792
0.036819
0.036846
0.036869
0.036894
0.036920
0.036944
0.036969
0.036993
0.037017
0.031825
0.032071
0.032102
0.032120
0.032138
0.032156
0.032174
0.032192
0.032210
0.032227
0.032245
0.028536
0.028755
0.028773
0.028788
0.028801
0.028815
0.028829
0.028842
0.028855
0.028868
0.028881
0.025245
0.025461
0.025478
0.025493
0.025507
0.025521
0.025534
0.025548
0.025562
0.025575
0.025588
0.022887
0.023093
0.023110
0.023124
0.023148
0.023162
0.023176
0.023189
0.023202
0.023215
0.023229
0.022930
0.023139
0.023156
0.023172
0.023196
0.023209
0.023222
0.023235
0.023248
0.023260
0.023273
0.023245
0.023744
0.023824
0.023840
0.023853
0.023867
0.023882
0.023895
0.023909
0.023922
0.023935
0.022135
0.022347
0.022365
0.022379
0.022393
0.022407
0.022420
0.022433
0.022446
0.022460
0.022473
0.023322
0.023537
0.023552
0.023565
0.023577
0.023606
0.023633
0.023660
0.023684
0.023710
0.023734
0.052604
0.052824
0.052841
0.052855
0.052868
0.052881
0.052894
0.052909
0.052922
0.052935
0.052948
0.023235
0.023456
0.023483
0.023497
0.023510
0.023523
0.023536
0.023549
0.023562
0.023576
0.023588
0.022966
0.023183
0.023200
0.023213
0.023227
0.023243
0.023256
0.023268
0.023282
0.023295
0.023308
0.023214
0.023430
0.023447
0.023461
0.023474
0.023487
0.023501
0.023514
0.023527
0.023540
0.023553
0.022644
0.022859
0.022877
0.022891
0.022904
0.022919
0.022932
0.022945
0.022958
0.022970
0.022984
0.022866
0.023084
0.023102
0.023117
0.023131
0.023144
0.023158
0.023170
0.023183
0.023196
0.023209
0.023702
0.023921
0.023938
0.023952
0.023965
0.023978
0.023991
0.024005
0.024019
0.024032
0.024045
0.022905
0.023123
0.023140
0.023154
0.023168
0.023181
0.023195
0.023208
0.023221
0.023234
0.023247
0.023420
0.023660
0.023678
0.023692
0.023705
0.023718
0.023731
0.023744
0.023757
0.023770
0.023783
0.022721
0.022936
0.022953
0.022969
0.022983
0.022996
0.023010
0.023023
0.023036
0.023049
0.023062
0.051032
0.051256
0.051273
0.051286
0.051300
0.051313
0.051326
0.051339
0.051352
0.051366
0.051379
0.023004
0.023222
0.023238
0.023252
0.023265
0.023278
0.023291
0.023304
0.023317
0.023330
0.023343
0.023304
0.023522
0.023543
0.023556
0.023570
0.023583
0.023597
0.023610
0.023623
0.023636
0.023649
0.023831
0.024053
0.024070
0.024085
0.024098
0.024111
0.024124
0.024138
0.024151
0.024163
0.024177
0.027177
0.027406
0.027423
0.027437
0.027451
0.027465
0.027478
0.027491
0.027505
0.027518
0.027531
0.023858
0.024067
0.024093
0.024107
0.024121
0.024137
0.024151
0.024164
0.024177
0.024190
0.024203
0.027931
0.028158
0.028176
0.028190
0.028204
0.028217
0.028230
0.028244
0.028257
0.028270
0.028284
0.023668
0.023889
0.023906
0.023920
0.023934
0.023947
0.023961
0.023974
0.023986
0.023999
0.024012
0.023812
0.024030
