1.746509
0.037610
0.037892
0.037911
0.037926
0.037943
0.037958
0.037973
0.037987
0.038002
0.038016
0.038030
0.028966
0.029262
0.029285
0.029304
0.029322
0.029342
0.029361
0.029379
0.029397
0.029415
0.029433
0.028178
0.028439
0.028472
0.028492
0.028511
0.028530
0.028548
0.028567
0.028585
0.028603
0.028621
0.027506
0.027761
0.027783
0.027802
0.027820
0.027838
0.027856
0.027874
0.027891
0.027909
0.027927
0.023900
0.024112
0.024130
0.024145
0.024158
0.024172
0.024186
0.024198
0.024211
0.024224
0.024237
0.020349
0.020559
0.020577
0.020592
0.020606
0.020619
0.020632
0.020645
0.020658
0.020670
0.020683
0.019858
0.020058
0.020075
0.020095
0.020115
0.020131
0.020149
0.020163
0.020179
0.020193
0.020209
0.020538
0.020743
0.020761
0.020778
0.020794
0.020809
0.020824
0.020838
0.020854
0.020869
0.020884
0.020719
0.020926
0.020944
0.020960
0.020975
0.020991
0.021007
0.021022
0.021037
0.021053
0.021067
0.042769
0.042986
0.043007
0.043024
0.043040
0.043056
0.043071
0.043089
0.043104
0.043120
0.043135
0.021536
0.021761
0.021779
0.021793
0.021806
0.021820
0.021835
0.021848
0.021861
0.021874
0.021887
0.020565
0.020792
0.020809
0.020823
0.020836
0.020851
0.020864
0.020877
0.020890
0.020902
0.020915
0.020481
0.020697
0.020715
0.020730
0.020743
0.020756
0.020770
0.020783
0.020796
0.020809
0.020822
0.020272
0.020478
0.020494
0.020508
0.020521
0.020536
0.020550
0.020562
0.020575
0.020588
0.020601
0.020802
0.021016
0.021048
0.021075
0.021100
0.021124
0.021148
0.021172
0.021195
0.021219
0.021242
0.021435
0.021641
0.021658
0.021672
0.021685
0.021698
0.021711
0.021724
0.021739
0.021752
0.021766
0.020920
0.021134
0.021152
0.021166
0.021179
0.021193
0.021206
0.021219
0.021232
0.021245
0.021259
0.020437
0.020650
0.020667
0.020680
0.020694
0.020708
0.020720
0.020734
0.020747
0.020760
0.020773
0.020878
0.021094
0.021111
0.021128
0.021142
0.021155
0.021168
0.021181
0.021194
0.021206
0.021219
0.044468
0.044679
0.044697
0.044711
0.044725
0.044738
0.044752
0.044765
0.044777
0.044790
0.044803
0.022083
0.022288
0.022306
0.022320
0.022333
0.022346
0.022359
0.022372
0.022385
0.022398
0.022411
0.021757
0.021969
0.021989
0.022004
0.022018
0.022031
0.022044
0.022057
