1.668352
0.024620
0.024828
0.024858
0.024884
0.024909
0.024934
0.024959
0.024983
0.025008
0.025032
0.025053
0.026297
0.026507
0.026523
0.026537
0.026551
0.026564
0.026577
0.026590
0.026603
0.026616
0.026629
0.023089
0.023298
0.023315
0.023331
0.023345
0.023359
0.023372
0.023386
0.023399
0.023412
0.023426
0.023635
0.023826
0.023846
0.023865
0.023892
0.023923
0.023953
0.023970
0.023983
0.023996
0.024009
0.024693
0.024889
0.024907
0.024921
0.024935
0.024949
0.024962
0.024976
0.024989
0.025002
0.025015
0.023531
0.023716
0.023742
0.023759
0.023772
0.023786
0.023798
0.023811
0.023824
0.023837
0.023850
0.024336
0.024550
0.024580
0.024608
0.024633
0.024658
0.024686
0.024710
0.024738
0.024762
0.024787
0.023774
0.023978
0.024003
0.024027
0.024050
0.024075
0.024099
0.024122
0.024146
0.024171
0.024194
0.024722
0.024930
0.024953
0.024977
0.025000
0.025025
0.025049
0.025074
0.025098
0.025123
0.025147
0.057830
0.058045
0.058075
0.058102
0.058126
0.058151
0.058175
0.058202
0.058225
0.058249
0.058273
0.029778
0.030002
0.030029
0.030056
0.030082
0.030108
0.030134
0.030158
0.030183
0.030206
0.030231
0.024193
0.024405
0.024436
0.024464
0.024490
0.024517
0.024542
0.024566
0.024590
0.024614
0.024637
0.023794
0.024008
0.024038
0.024067
0.024095
0.024121
0.024146
0.024171
0.024196
0.024220
0.024244
0.029217
0.029520
0.029569
0.029612
0.029648
0.029680
0.029701
0.029720
0.029740
0.029759
0.029778
0.036663
0.036896
0.036920
0.036950
0.036971
0.036992
0.037011
0.037031
0.037050
0.037070
0.037089
0.030449
0.030681
0.030703
0.030721
0.030739
0.030757
0.030774
0.030792
0.030812
0.030830
0.030847
0.031373
0.031596
0.031618
0.031637
0.031654
0.031672
0.031690
0.031707
0.031724
0.031741
0.031758
0.031271
0.031504
0.031526
0.031544
0.031562
0.031579
0.031602
0.031621
0.031642
0.031659
0.031677
0.031099
0.031319
0.031341
0.031363
0.031381
0.031399
0.031416
0.031433
0.031450
0.031467
0.031484
0.058663
0.058885
0.058916
0.058935
0.058953
0.058972
0.058990
0.059007
0.059024
0.059042
0.059059
0.032938
0.033144
0.033164
0.033190
0.033208
0.033226
0.033244
0.033261
0.033278
0.033296
0.033314
0.032523
0.032738
0.032763
0.032782
0.032800
0.032818
0.032835
0.032853
0.032870
0.032888
0.032906
0.026477
0.026679
0.026697
0.026711
0.026725
0.026738
0.026752
0.026765
0.026777
0.026790
0.026804
0.023998
0.024215
0.024252
0.024271
0.024291
0.024311
0.024330
0.024350
0.024369
0.024391
0.024412
0.024259
0.024496
0.024515
0.024535
0.024556
0.024583
0.024603
0.024620
0.024636
0.024652
0.024668
0.030902
0.031133
0.031156
0.031174
0.031193
0.031210
0.031228
0.031246
0.031263
0.031281
0.031298
0.031113
0.031351
0.031372
0.031390
0.031409
0.031426
0.031443
0.031467
0.031485
0.031502
0.031520
0.031490
0.031716
0.031738
0.031756
0.031775
0.031792
0.031810
0.031827
0.031845
0.031862
0.031879
0.032273
0.032501
0.032523
0.032541
0.032559
0.032578
0.032595
0.032613
0.032630
0.032648
0.032666
0.059889
0.060110
0.060140
0.060159
0.060177
0.060195
0.060212
0.060230
0.060247
0.060265
0.060282
0.031959
0.032193
0.032215
0.032234
0.032252
0.032270
0.032288
0.032306
0.032331
0.032349
0.032367
0.032840
0.033055
0.033085
0.033105
0.033123
0.033141
0.033159
0.033176
0.033194
0.033212
0.033229
0.032142
0.032353
0.032388
0.032407
0.032425
0.032442
0.032460
0.032478
0.032496
0.032514
0.032531
0.031769
0.032004
0.032026
0.032045
0.032063
0.032081
0.032098
0.032116
0.032133
0.032151
0.032168
0.032910
0.033131
0.033153
0.033172
0.033190
0.033207
0.033226
0.033243
0.033261
0.033279
0.033296
0.032267
0.032485
0.032516
0.032534
0.032552
0.032570
0.032587
0.032605
0.032622
0.032640
0.032657
0.031732
0.031964
0.031986
0.032005
0.032024
0.032042
0.032060
0.032078
0.032096
0.032117
0.032135
0.032952
0.033173
0.033195
0.033214
0.033231
0.033249
0.033267
0.033284
0.033302
0.033319
0.033336
0.031889
0.032111
0.032134
0.032153
0.032176
0.032194
0.032212
0.032230
0.032248
0.032265
0.032283
0.061591
0.061805
0.061836
0.061855
0.061873
0.061891
0.061909
0.061926
0.061944
0.061961
0.061979
0.032925
0.033137
0.033168
0.033188
0.033207
0.033225
0.033243
0.033261
0.033279
