1.539664
0.028993
0.029237
0.029267
0.029285
0.029305
0.029322
0.029340
0.029357
0.029376
0.029393
0.029411
0.033261
0.033484
0.033515
0.033533
0.033552
0.033570
0.033588
0.033605
0.033623
0.033641
0.033658
0.033000
0.033231
0.033253
0.033272
0.033291
0.033309
0.033327
0.033345
0.033363
0.033381
0.033400
0.035312
0.035542
0.035565
0.035583
0.035602
0.035620
0.035638
0.035655
0.035673
0.035690
0.035708
0.042165
0.042505
0.042567
0.042619
0.042667
0.042712
0.042758
0.042803
0.042848
0.042894
0.042938
0.035625
0.035899
0.035934
0.035963
0.035990
0.036015
0.036039
0.036061
0.036081
0.036100
0.036122
0.036651
0.036880
0.036904
0.036933
0.036953
0.036973
0.036995
0.037014
0.037034
0.037055
0.037075
0.039279
0.039510
0.039535
0.039555
0.039584
0.039604
0.039623
0.039643
0.039662
0.039682
0.039702
0.033202
0.033406
0.033425
0.033441
0.033456
0.033473
0.033488
0.033502
0.033517
0.033533
0.033548
0.065251
0.065485
0.065513
0.065531
0.065551
0.065570
0.065589
0.065610
0.065627
0.065646
0.065663
0.034137
0.034377
0.034400
0.034419
0.034438
0.034457
0.034475
0.034493
0.034511
0.034529
0.034547
0.036457
0.036664
0.036694
0.036714
0.036738
0.036758
0.036777
0.036795
0.036814
0.036834
0.036852
0.034717
0.034941
0.034963
0.034982
0.035001
0.035018
0.035037
0.035057
0.035075
0.035093
0.035110
0.032969
0.033211
0.033231
0.033259
0.033276
0.033297
0.033315
0.033333
0.033350
0.033367
0.033386
0.030552
0.030787
0.030808
0.030837
0.030855
0.030873
0.030890
0.030908
0.030926
0.030943
0.030960
0.031350
0.031588
0.031610
0.031639
0.031662
0.031683
0.031705
0.031727
0.031749
0.031770
0.031792
0.031993
0.032216
0.032248
0.032267
0.032286
0.032304
0.032322
0.032341
0.032359
0.032377
0.032394
0.033180
0.033383
0.033403
0.033430
0.033449
0.033466
0.033484
0.033501
0.033518
0.033535
0.033553
0.031896
0.032124
0.032146
0.032167
0.032185
0.032202
0.032221
0.032238
0.032255
0.032273
0.032290
0.057593
0.057823
0.057851
0.057885
0.057909
0.057933
0.057957
0.057980
0.058005
0.058028
0.058053
0.034638
0.034859
0.034889
0.034907
0.034925
0.034942
0.034959
0.034976
0.034994
0.035012
0.035029
0.033304
0.033535
0.033568
0.033587
0.033604
0.033622
0.033639
0.033658
0.033675
0.033693
0.033712
0.033908
0.034137
0.034159
0.034177
0.034195
0.034212
0.034230
0.034247
0.034265
0.034282
0.034300
0.030251
0.030479
0.030511
0.030531
0.030550
0.030570
0.030589
0.030607
0.030625
0.030643
0.030661
0.031441
0.031680
0.031701
0.031720
0.031738
0.031759
0.031776
0.031794
0.031811
0.031830
0.031847
0.030329
0.030569
0.030592
0.030611
0.030630
0.030649
0.030668
0.030686
0.030704
0.030724
0.030742
0.030561
0.030797
0.030819
0.030837
0.030855
0.030873
0.030891
0.030908
0.030926
0.030943
0.030961
0.030426
0.030657
0.030680
0.030699
0.030717
0.030736
0.030754
0.030772
0.030790
0.030809
0.030827
0.030365
0.030591
0.030612
0.030631
0.030649
0.030666
0.030684
0.030702
0.030719
0.030737
0.030755
0.056513
0.056732
0.056763
0.056782
0.056800
0.056818
0.056835
0.056853
0.056870
0.056887
0.056905
0.033229
0.033459
0.033479
0.033506
0.033524
0.033542
0.033560
0.033577
0.033596
0.033613
0.033635
0.030892
0.031123
0.031147
0.031167
0.031186
0.031204
0.031222
0.031241
0.031259
0.031277
0.031296
0.032041
0.032260
0.032295
0.032327
0.032349
0.032371
0.032393
0.032477
0.032502
0.032524
0.032546
0.034449
0.034656
0.034677
0.034704
0.034722
0.034740
0.034758
0.034776
0.034793
0.034811
0.034828
0.035964
0.036182
0.036212
0.036231
0.036249
0.036266
0.036285
0.036303
0.036320
0.036338
0.036355
0.033006
0.033232
0.033255
0.033274
0.033292
0.033309
0.033327
0.033345
0.033363
0.033380
0.033397
0.034410
0.034649
0.034671
0.034689
0.034707
0.034725
0.034744
0.034761
0.034780
0.034801
0.034819
0.031713
0.031954
0.031989
0.032015
0.032037
0.032062
0.032081
0.032099
0.032117
0.032136
0.032154
0.030402
0.030638
0.030661
0.030680
0.030699
0.030718
0.030737
0.030755
0.030773
0.030792
0.030810
0.057608
0.057831
0.057854
0.057872
0.057891
0.057909
0.057927
0.057944
0.057962
0.057980
0.057997
0.035195
0.035420
0.035457
0.035477
0.035496
0.035514
0.035532
0.035550
0.035567
0.035585
0.035603
0.032225
0.032449
0.032473
0.032493
0.032512
0.032531
0.032549
0.032567
0.032586
0.032604
0.032622
0.036101
0.036332
0.036354
0.036373
0.036391
0.036409
0.036427
0.036444
0.036462
0.036480
0.036497
0.035054
0.035279
0.035299
0.035327
0.035345
0.035362
0.035380
0.035397
0.035415
0.035433
0.035450
0.037375
0.037599
0.037621
0.037640
0.037659
0.037677
0.037695
0.037712
0.037730
0.037747
0.037765
0.036983
0.037214
