1.843551
0.042042
0.042372
0.042396
0.042416
0.042435
0.042454
0.042473
0.042491
0.042511
0.042529
0.042548
0.030078
0.030346
0.030364
0.030379
0.030392
0.030407
0.030421
0.030434
0.030448
0.030461
0.030475
0.030618
0.030891
0.030921
0.030941
0.030960
0.030978
0.030996
0.031014
0.031032
0.031050
0.031068
0.030563
0.030838
0.030861
0.030880
0.030898
0.030916
0.030934
0.030952
0.030970
0.030988
0.031006
0.030913
0.031179
0.031202
0.031220
0.031239
0.031257
0.031274
0.031292
0.031310
0.031328
0.031346
0.030293
0.030524
0.030540
0.030556
0.030571
0.030584
0.030597
0.030611
0.030623
0.030636
0.030649
0.024361
0.024584
0.024601
0.024614
0.024637
0.024650
0.024666
0.024679
0.024692
0.024705
0.024717
0.023004
0.023227
0.023244
0.023258
0.023272
0.023285
0.023298
0.023311
0.023324
0.023337
0.023350
0.023349
0.023569
0.023587
0.023601
0.023614
0.023627
0.023640
0.023653
0.023666
0.023679
0.023692
0.051323
0.051548
0.051565
0.051579
0.051593
0.051606
0.051622
0.051642
0.051659
0.051675
0.051691
0.023902
0.024132
0.024152
0.024169
0.024186
0.024201
0.024217
0.024232
0.024248
0.024263
0.024279
0.023494
0.023727
0.023748
0.023764
0.023780
0.023799
0.023814
0.023830
0.023845
0.023861
0.023876
0.022835
0.023065
0.023086
0.023103
0.023120
0.023138
0.023155
0.023171
0.023187
0.023202
0.023218
0.023102
0.023318
0.023344
0.023358
0.023371
0.023386
0.023399
0.023412
0.023425
0.023438
0.023451
0.023108
0.023330
0.023348
0.023362
0.023376
0.023389
0.023402
0.023415
0.023427
0.023440
0.023453
0.024079
0.024300
0.024317
0.024331
0.024344
0.024357
0.024370
0.024384
0.024399
0.024411
0.024425
0.023435
0.023663
0.023681
0.023695
0.023709
0.023722
0.023736
0.023749
0.023762
0.023775
0.023788
0.023286
0.023505
0.023523
0.023536
0.023550
0.023563
0.023575
0.023589
0.023602
0.023615
0.023628
0.022666
0.022888
0.022906
0.022922
0.022935
0.022949
0.022962
0.022975
0.022988
0.023001
0.023014
0.052373
0.052599
0.052619
0.052633
0.052649
0.052667
0.052682
0.052699
0.052716
0.052733
0.052748
0.023882
0.024103
0.024132
0.024149
0.024166
0.024183
0.024199
0.024214
0.024230
0.024245
0.024260
0.023725
0.023953
0.023975
0.023992
0.024009
0.024025
0.024042
