1.616824
0.039109
0.039397
0.039417
0.039432
0.039448
0.039463
0.039478
0.039491
0.039507
0.039521
0.039535
0.031880
0.032175
0.032197
0.032216
0.032234
0.032255
0.032274
0.032293
0.032311
0.032329
0.032347
0.031920
0.032176
0.032197
0.032217
0.032235
0.032253
0.032271
0.032290
0.032309
0.032327
0.032346
0.030247
0.030504
0.030525
0.030543
0.030561
0.030579
0.030597
0.030615
0.030632
0.030650
0.030668
0.030337
0.030584
0.030603
0.030630
0.030659
0.030678
0.030696
0.030713
0.030731
0.030749
0.030767
0.029071
0.029316
0.029334
0.029361
0.029383
0.029402
0.029420
0.029438
0.029455
0.029473
0.029491
0.022759
0.022979
0.022997
0.023011
0.023024
0.023037
0.023054
0.023067
0.023080
0.023093
0.023106
0.023224
0.023445
0.023462
0.023476
0.023490
0.023504
0.023516
0.023529
0.023542
0.023555
0.023568
0.022892
0.023112
0.023129
0.023143
0.023156
0.023170
0.023182
0.023196
0.023208
0.023221
0.023234
0.048926
0.049143
0.049160
0.049175
0.049188
0.049201
0.049215
0.049229
0.049242
0.049256
0.049268
0.022959
0.023186
0.023203
0.023217
0.023231
0.023244
0.023257
0.023270
0.023283
0.023296
0.023309
0.022010
0.022235
0.022253
0.022267
0.022280
0.022295
0.022308
0.022321
0.022334
0.022347
0.022360
0.022255
0.022473
0.022490
0.022503
0.022517
0.022530
0.022543
0.022556
0.022569
0.022583
0.022596
0.022891
0.023126
0.023154
0.023173
0.023187
0.023204
0.023217
0.023230
0.023243
0.023256
0.023268
0.023121
0.023327
0.023353
0.023368
0.023381
0.023394
0.023411
0.023436
0.023469
0.023493
0.023508
0.024036
0.024255
0.024272
0.024286
0.024299
0.024312
0.024326
0.024339
0.024354
0.024367
0.024380
0.024312
0.024534
0.024551
0.024565
0.024579
0.024592
0.024606
0.024619
0.024632
0.024645
0.024658
0.023518
0.023740
0.023757
0.023771
0.023784
0.023797
0.023810
0.023823
0.023836
0.023849
0.023863
0.023317
0.023545
0.023572
0.023589
0.023602
0.023616
0.023629
0.023642
0.023655
0.023668
0.023681
0.049524
0.049736
0.049752
0.049775
0.049788
0.049801
0.049814
0.049826
0.049840
0.049853
0.049866
0.023728
0.023961
0.023994
0.024020
0.024046
0.024071
0.024095
0.024118
0.024143
0.024167
0.024191
0.024293
0.024527
0.024563
0.024591
0.024617
0.024642
0.024667
0.024691
0.024715
0.024739
0.024762
0.023620
0.023838
0.023865
0.023889
0.023923
0.023947
0.023972
0.023996
0.024020
0.024043
0.024068
0.023349
0.023578
0.023606
0.023631
0.023656
0.023681
0.023706
0.023731
0.023754
0.023778
0.023802
0.023356
0.023578
0.023603
0.023628
0.023650
0.023678
0.023703
0.023727
0.023751
0.023774
0.023798
0.023223
0.023446
0.023463
0.023477
0.023491
0.023508
0.023525
0.023541
0.023557
0.023572
0.023588
0.024111
0.024331
0.024350
0.024368
0.024384
0.024400
0.024417
0.024432
0.024448
0.024465
0.024481
0.024389
0.024608
0.024627
0.024644
0.024660
0.024675
0.024690
0.024705
0.024720
0.024736
0.024751
0.024324
0.024556
0.024577
0.024595
0.024612
0.024629
0.024644
0.024660
0.024676
0.024692
0.024709
0.053142
0.053368
0.053389
0.053406
0.053423
0.053440
0.053455
0.053471
0.053487
0.053503
0.053518
0.023839
0.024069
0.024090
0.024107
0.024124
0.024140
0.024156
0.024171
0.024189
0.024205
0.024221
0.023622
0.023840
0.023869
0.023885
0.023901
0.023917
0.023933
0.023948
0.023964
0.023979
0.023995
0.023898
0.024123
0.024145
0.024162
0.024178
0.024194
0.024210
0.024226
0.024242
