1.469103
0.025071
0.025297
0.025317
0.025334
0.025350
0.025367
0.025383
0.025398
0.025414
0.025430
0.025456
0.032538
0.032776
0.032798
0.032817
0.032836
0.032855
0.032873
0.032891
0.032909
0.032927
0.032945
0.032072
0.032296
0.032329
0.032349
0.032367
0.032386
0.032405
0.032435
0.032455
0.032475
0.032493
0.037139
0.037349
0.037367
0.037381
0.037395
0.037408
0.037421
0.037434
0.037447
0.037461
0.037473
0.024390
0.024608
0.024642
0.024669
0.024697
0.024717
0.024733
0.024749
0.024765
0.024782
0.024798
0.032293
0.032522
0.032543
0.032562
0.032581
0.032598
0.032616
0.032633
0.032650
0.032667
0.032684
0.031053
0.031262
0.031293
0.031311
0.031329
0.031346
0.031367
0.031385
0.031403
0.031421
0.031439
0.031279
0.031492
0.031513
0.031540
0.031558
0.031575
0.031593
0.031611
0.031628
0.031645
0.031663
0.032253
0.032465
0.032496
0.032515
0.032534
0.032552
0.032571
0.032590
0.032608
0.032625
0.032643
0.060925
0.061138
0.061157
0.061173
0.061189
0.061206
0.061222
0.061240
0.061256
0.061272
0.061287
0.033565
0.033795
0.033814
0.033828
0.033843
0.033859
0.033873
0.033886
0.033899
0.033912
0.033926
0.030940
0.031138
0.031159
0.031176
0.031191
0.031210
0.031225
0.031241
0.031255
0.031271
0.031286
0.024400
0.024602
0.024632
0.024648
0.024664
0.024680
0.024694
0.024709
0.024725
0.024740
0.024753
0.024671
0.024873
0.024889
0.024903
0.024916
0.024932
0.024945
0.024958
0.024971
0.024984
0.024997
0.024173
0.024373
0.024391
0.024405
0.024419
0.024432
0.024445
0.024458
0.024471
0.024484
0.024497
0.026633
0.026925
0.026958
0.026997
0.027025
0.027053
0.027080
0.027108
0.027142
0.027170
0.027200
0.032315
0.032559
