1.872824
0.047243
0.047567
0.047591
0.047611
0.047631
0.047651
0.047670
0.047688
0.047708
0.047726
0.047745
0.033900
0.034175
0.034199
0.034230
0.034250
0.034272
0.034294
0.034319
0.034340
0.034359
0.034379
0.028966
0.029202
0.029217
0.029231
0.029244
0.029259
0.029273
0.029287
0.029301
0.029315
0.029328
0.026391
0.026627
0.026647
0.026663
0.026679
0.026695
0.026711
0.026726
0.026741
0.026756
0.026771
0.027902
0.028129
0.028147
0.028162
0.028176
0.028189
0.028203
0.028216
0.028230
0.028243
0.028256
0.025501
0.025724
0.025741
0.025757
0.025770
0.025783
0.025796
0.025810
0.025823
0.025836
0.025849
0.033817
0.034079
0.034100
0.034118
0.034136
0.034154
0.034175
0.034193
0.034211
0.034229
0.034246
0.036581
0.036803
0.036820
0.036835
0.036849
0.036862
0.036875
0.036888
0.036901
0.036914
0.036926
0.032206
0.032454
0.032485
0.032503
0.032521
0.032538
0.032555
0.032573
0.032591
0.032613
0.032630
0.062322
0.062545
0.062562
0.062577
0.062590
0.062604
0.062617
0.062632
0.062645
0.062658
0.062670
0.025068
0.025289
0.025307
0.025321
0.025334
0.025347
0.025360
0.025373
0.025386
0.025400
0.025414
0.026063
0.026286
0.026303
0.026318
0.026331
0.026346
0.026360
0.026373
0.026386
0.026399
0.026412
0.024451
0.024673
0.024690
0.024705
0.024718
0.024731
0.024745
0.024758
0.024771
0.024784
0.024796
0.028341
0.028596
0.028615
0.028634
0.028650
0.028667
0.028682
0.028697
0.028712
0.028727
0.028742
0.024582
0.024803
0.024833
0.024857
0.024872
0.024886
0.024899
0.024912
0.024925
0.024938
0.024953
0.029352
0.029593
0.029624
0.029651
0.029678
0.029703
0.029727
0.029752
0.029777
0.029801
0.029825
0.025198
0.025427
0.025447
0.025463
0.025477
0.025493
0.025507
0.025522
0.025537
0.025552
0.025567
0.024564
0.024790
0.024808
0.024824
0.024840
0.024856
0.024870
0.024885
0.025185
0.025208
0.025283
0.024456
0.024684
0.024703
0.024720
0.024733
0.024746
0.024759
0.024772
0.024785
0.024799
0.024811
0.052934
0.053162
0.053183
0.053201
0.053217
0.053234
0.053249
0.053265
0.053280
0.053295
0.053311
0.027071
0.027302
0.027324
0.027347
0.027362
0.027375
0.027388
0.027401
0.027414
0.027432
0.027453
0.024101
0.024327
0.024346
0.024361
0.024375
0.024388
0.024401
0.024414
0.024426
0.024439
0.024452
0.024781
0.025007
0.025024
0.025038
0.025051
0.025064
0.025077
0.025090
0.025104
0.025116
0.025129
0.023777
0.023989
0.024015
0.024030
0.024043
0.024056
0.024069
0.024082
0.024096
0.024109
0.024122
0.024386
0.024606
0.024645
0.024671
0.024696
0.024723
0.024746
0.024769
0.024794
0.024816
0.024840
0.024803
0.025037
0.025067
0.025095
0.025119
0.025144
0.025168
0.025192
0.025216
0.025239
0.025263
0.025267
0.025500
0.025530
0.025558
0.025583
0.025608
0.025633
0.025656
0.025680
0.025704
0.025729
0.024908
0.025130
0.025147
0.025161
0.025175
0.025188
0.025201
0.025214
0.025227
0.025239
0.025252
0.025383
0.025606
0.025624
0.025638
0.025651
0.025664
0.025677
0.025691
0.025704
0.025717
0.025730
0.049559
0.049778
0.049796
0.049810
0.049823
0.049836
0.049849
0.049862
0.049875
0.049888
0.049901
0.024206
0.024429
0.024447
0.024461
0.024474
0.024487
0.024501
0.024514
0.024527
0.024540
0.024554
0.023845
0.024064
0.024081
0.024095
0.024108
0.024122
0.024135
0.024148
0.024161
0.024174
0.024187
0.023599
0.023828
0.023849
0.023863
0.023876
0.023890
0.023903
0.023916
0.023929
0.023942
0.023956
0.025133
0.025356
0.025373
0.025388
0.025401
0.025414
0.025428
0.025440
0.025453
0.025466
0.025479
0.024504
0.024730
0.024748
0.024761
0.024775
0.024788
0.024801
0.024815
0.024828
0.024841
0.024854
0.024813
0.025025
0.025042
0.025055
0.025078
0.025091
0.025104
0.025117
0.025130
0.025143
0.025156
0.024522
0.024740
0.024756
0.024770
0.024784
0.024798
0.024811
0.024824
0.024837
0.024854
0.024867
0.023771
0.023992
0.024010
0.024024
0.024038
0.024051
0.024064
0.024077
0.024090
0.024103
0.024116
0.024754
0.024976
0.024993
0.025007
0.025021
0.025034
0.025048
0.025061
0.025074
0.025086
0.025099
0.049600
0.049819
0.049837
0.049851
0.049865
0.049878
0.049891
0.049904
0.049917
0.049929
0.049942
0.024863
0.025133
0.025160
0.025181
0.025202
0.025221
0.025240
0.025259
0.025278
0.025297
0.025317
0.024431
0.024658
0.024676
0.024690
0.024703
0.024716
0.024729
0.024742
0.024755
0.024768
0.024781
0.023896
0.024121
0.024140
0.024154
0.024168
0.024181
0.024194
0.024208
0.024221
0.024234
0.024247
0.024533
0.024764
0.024795
0.024821
0.024848
0.024871
