1.776435
0.029951
0.030157
0.030188
0.030207
0.030225
0.030243
0.030261
0.030279
0.030297
0.030314
0.030332
0.031262
0.031482
0.031504
0.031523
0.031540
0.031559
0.031577
0.031595
0.031612
0.031629
0.031646
0.033081
0.033306
0.033329
0.033348
0.033366
0.033384
0.033402
0.033419
0.033437
0.033454
0.033472
0.031747
0.031958
0.031989
0.032008
0.032027
0.032044
0.032062
0.032079
0.032097
0.032114
0.032131
0.030992
0.031211
0.031233
0.031251
0.031270
0.031287
0.031305
0.031322
0.031339
0.031356
0.031374
0.033181
0.033394
0.033424
0.033444
0.033462
0.033479
0.033498
0.033517
0.033534
0.033553
0.033571
0.032054
0.032269
0.032291
0.032309
0.032327
0.032345
0.032365
0.032382
0.032399
0.032416
0.032438
0.031932
0.032151
0.032172
0.032191
0.032210
0.032228
0.032245
0.032263
0.032280
0.032297
0.032314
0.032254
0.032487
0.032509
0.032527
0.032545
0.032563
0.032580
0.032598
0.032615
0.032633
0.032650
0.057947
0.058174
0.058205
0.058223
0.058241
0.058259
0.058276
0.058297
0.058314
0.058331
0.058349
0.031575
0.031805
0.031827
0.031845
0.031863
0.031881
0.031898
0.031916
0.031933
0.031950
0.031968
0.031180
0.031396
0.031427
0.031446
0.031464
0.031485
0.031502
0.031525
0.031543
0.031561
0.031578
0.031110
0.031324
0.031354
0.031372
0.031390
0.031407
0.031424
0.031441
0.031459
0.031477
0.031494
0.031095
0.031304
0.031333
0.031351
0.031369
0.031389
0.031406
0.031424
0.031441
0.031459
0.031476
0.032404
0.032609
0.032629
0.032656
0.032674
0.032691
0.032710
0.032727
0.032745
0.032762
0.032779
0.031150
0.031361
0.031391
0.031410
0.031427
0.031445
0.031462
0.031480
0.031499
0.031516
0.031534
0.031260
0.031486
0.031507
0.031526
0.031545
0.031562
0.031580
0.031597
0.031615
0.031632
0.031649
0.031948
0.032188
0.032209
0.032228
0.032245
0.032263
0.032280
0.032298
0.032315
0.032332
0.032349
0.031660
0.031875
0.031897
0.031919
0.031937
0.031955
0.031972
0.031990
0.032007
0.032025
0.032042
0.058240
0.058451
0.058481
0.058499
0.058517
0.058535
0.058552
0.058569
0.058587
0.058604
0.058622
0.032899
0.033116
0.033137
0.033164
0.033182
0.033199
0.033217
0.033234
0.033252
0.033269
0.033286
0.033093
0.033307
0.033341
0.033359
0.033377
0.033400
0.033417
0.033435
0.033454
0.033471
0.033489
0.032375
0.032594
0.032614
0.032641
0.032658
0.032676
0.032694
0.032712
0.032729
0.032747
0.032764
0.032190
0.032408
0.032438
0.032457
0.032475
0.032492
0.032510
0.032527
0.032544
0.032562
0.032579
0.024153
0.024354
0.024381
0.024396
0.024410
0.024426
0.024439
0.024452
0.024469
0.024487
0.024503
0.040380
0.040662
0.040693
0.040718
0.040744
0.040770
0.040794
0.040819
0.040843
0.040867
0.040890
0.033813
0.034044
0.034066
0.034084
0.034102
0.034120
0.034137
0.034155
0.034172
0.034189
0.034207
0.039804
0.040071
0.040102
0.040127
0.040151
0.040174
0.040198
0.040222
0.040246
0.040270
0.040294
0.031483
0.031711
0.031742
0.031760
0.031778
0.031796
0.031813
0.031831
0.031848
0.031866
0.031883
0.052280
0.052497
0.052518
0.052535
0.052551
0.052567
0.052583
0.052599
0.052614
0.052630
0.052645
0.032243
0.032460
0.032480
0.032507
0.032526
0.032544
0.032561
0.032579
0.032597
0.032615
0.032633
0.032058
0.032283
0.032305
0.032323
0.032341
0.032359
0.032376
0.032394
0.032411
0.032429
0.032446
0.031914
0.032125
0.032149
0.032177
0.032195
0.032212
0.032230
