1.824134
0.032275
0.032553
0.032571
0.032583
0.032596
0.032611
0.032626
0.032640
0.032655
0.032669
0.032683
0.025976
0.026213
0.026240
0.026255
0.026269
0.026283
0.026299
0.026313
0.026327
0.026341
0.026355
0.024606
0.024842
0.024860
0.024875
0.024889
0.024904
0.024918
0.024931
0.024945
0.024959
0.024973
0.024718
0.024946
0.024963
0.024976
0.024988
0.025004
0.025017
0.025031
0.025044
0.025058
0.025071
0.026238
0.026461
0.026488
0.026502
0.026515
0.026528
0.026542
0.026555
0.026568
0.026582
0.026595
0.024017
0.024248
0.024266
0.024282
0.024297
0.024310
0.024323
0.024337
0.024349
0.024362
0.024375
0.024291
0.024525
0.024542
0.024557
0.024570
0.024583
0.024599
0.024612
0.024625
0.024638
0.024651
0.023993
0.024219
0.024246
0.024261
0.024275
0.024288
0.024301
0.024314
0.024327
0.024341
0.024354
0.023749
0.023983
0.023999
0.024013
0.024027
0.024040
0.024053
0.024066
0.024080
0.024093
0.024107
0.050690
0.050921
0.050948
0.050963
0.050976
0.050989
0.051002
0.051018
0.051031
0.051044
0.051057
0.025633
0.025870
0.025887
0.025901
0.025914
0.025928
0.025941
0.025954
0.025968
0.025982
0.025995
0.024141
0.024374
0.024391
0.024406
0.024419
0.024435
0.024449
0.024462
0.024475
0.024488
0.024501
0.024239
0.024473
0.024490
0.024505
0.024519
0.024532
0.024546
0.024560
0.024573
0.024586
0.024599
0.027037
0.027292
0.027310
0.027324
0.027338
0.027354
0.027367
0.027380
0.027393
0.027406
0.027419
0.028329
0.028560
0.028577
0.028601
0.028615
0.028628
0.028641
0.028655
0.028668
0.028681
0.028694
0.025971
0.026205
0.026222
0.026236
0.026249
0.026262
0.026275
0.026288
0.026302
0.026315
0.026328
0.026377
0.026614
0.026632
0.026646
0.026660
0.026673
0.026687
0.026700
0.026713
0.026726
0.026739
0.024859
0.025094
0.025111
0.025126
0.025140
0.025153
0.025166
0.025179
0.025192
0.025205
0.025219
0.025970
0.026206
0.026224
0.026241
0.026255
0.026268
0.026281
0.026294
0.026308
0.026320
0.026333
0.056499
0.056730
0.056748
0.056762
0.056775
0.056788
0.056801
0.056814
0.056827
0.056840
0.056853
0.024905
0.025139
0.025157
0.025171
0.025184
0.025198
0.025210
0.025223
0.025237
0.025250
0.025262
0.025744
0.025980
0.026001
0.026015
0.026028
0.026042
0.026055
0.026068
0.026081
0.026093
0.026106
0.026544
0.026853
0.026893
0.026916
0.026937
0.026958
0.026979
0.027001
0.027024
0.027045
0.027065
0.025735
0.025969
0.025987
0.026001
0.026016
0.026030
0.026043
0.026056
0.026069
0.026083
0.026096
0.025050
0.025280
0.025298
0.025312
0.025325
0.025342
0.025355
0.025367
0.025381
0.025393
0.025406
0.026343
0.026563
0.026581
0.026594
0.026618
0.026631
0.026644
0.026657
0.026670
0.026683
0.026696
0.026087
0.026428
0.026467
0.026500
0.026544
0.026577
0.026609
0.026642
0.026675
0.026708
0.026741
0.025181
0.025446
0.025467
0.025488
0.025503
0.025516
0.025530
0.025543
0.025564
0.025579
0.025592
0.028567
0.028806
0.028823
