1.506012
0.035583
0.035810
0.035840
0.035859
0.035877
0.035894
0.035911
0.035929
0.035947
0.035964
0.035981
0.034513
0.034735
0.034756
0.034783
0.034801
0.034819
0.034837
0.034854
0.034872
0.034889
0.034907
0.032925
0.033247
0.033313
0.033376
0.033437
0.033498
0.033558
0.033619
0.033679
0.033738
0.033799
0.033073
0.033306
0.033329
0.033348
0.033366
0.033384
0.033403
0.033421
0.033439
0.033457
0.033475
0.027780
0.027980
0.027998
0.028013
0.028026
0.028039
0.028053
0.028066
0.028079
0.028092
0.028105
0.041352
0.041585
0.041609
0.041641
0.041662
0.041682
0.041702
0.041721
0.041740
0.041759
0.041778
0.039632
0.039864
0.039887
0.039916
0.039936
0.039957
0.039981
0.040001
0.040020
0.040039
0.040058
0.031506
0.031711
0.031728
0.031743
0.031757
0.031770
0.031783
0.031796
0.031808
0.031821
0.031834
0.031186
0.031398
0.031415
0.031430
0.031443
0.031456
0.031469
0.031483
0.031496
0.031509
0.031522
0.057465
0.057742
0.057776
0.057803
0.057841
0.057868
0.057893
0.057924
0.057952
0.057980
0.058010
0.048291
0.048562
0.048594
0.048622
0.048648
0.048673
0.048697
0.048722
0.048745
0.048766
0.048787
0.038522
0.038726
0.038745
0.038761
0.038776
0.038795
0.038810
0.038825
0.038841
0.038855
0.038870
0.040474
0.040701
0.040721
0.040737
0.040753
0.040769
0.040785
0.040802
0.040817
0.040832
0.040847
0.042590
0.042826
0.042848
0.042872
0.042891
0.042912
0.042929
0.042947
0.042965
0.042982
0.043000
0.036363
0.036589
0.036612
0.036631
0.036649
0.036666
0.036684
0.036701
0.036719
0.036736
0.036754
0.039776
0.039999
0.040019
0.040046
0.040064
0.040081
0.040098
0.040116
0.040135
0.040152
0.040170
0.042716
0.042928
0.042950
0.042978
0.042996
0.043014
0.043032
0.043049
0.043067
0.043084
0.043102
0.041323
0.041533
0.041563
0.041582
0.041600
0.041617
0.041636
0.041653
0.041671
0.041688
0.041706
0.041276
0.041505
0.041528
0.041551
0.041570
0.041589
0.041608
0.041627
0.041646
0.041665
0.041684
0.065281
0.065514
0.065538
0.065557
0.065577
0.065596
0.065615
0.065634
0.065654
0.065673
0.065692
0.039556
0.039823
0.039857
0.039883
0.039917
0.039943
0.039965
0.039985
0.040005
0.040026
0.040048
0.036385
0.036613
0.036639
0.036657
0.036674
0.036693
0.036711
0.036729
0.036747
0.036765
0.036783
0.041564
0.041791
0.041822
0.041842
0.041860
0.041879
0.041897
0.041915
0.041934
0.041954
0.041972
0.048418
0.048641
0.048674
0.048694
0.048713
0.048732
0.048750
0.048768
0.048786
0.048804
0.048822
0.038013
0.038388
0.038477
0.038556
0.038633
0.038713
0.038805
0.038888
0.038969
0.039051
0.039138
0.029126
0.029381
0.029413
0.029441
0.029465
0.029490
0.029513
0.029537
0.029561
0.029586
0.029628
0.034947
0.035211
0.035236
0.035257
0.035278
0.035300
0.035323
0.035346
0.035369
0.035390
0.035411
0.039830
0.040093
0.040125
0.040150
0.040177
0.040202
0.040226
0.040251
0.040275
0.040299
0.040323
0.036840
0.037039
0.037058
0.037083
0.037098
0.037113
0.037127
0.037144
0.037159
0.037174
0.037189
0.063096
0.063290
0.063320
0.063336
0.063352
0.063367
0.063385
0.063400
0.063415
0.063431
0.063446
0.044823
0.045058
0.045092
0.045113
0.045133
0.045153
0.045173
0.045194
0.045216
0.045238
0.045258
0.046575
0.046863
0.046891
0.046912
0.046942
0.046962
0.046981
0.047002
0.047024
0.047044
0.047064
0.040773
0.040976
0.040996
0.041009
0.041022
0.041046
0.041060
0.041074
0.041087
0.041101
0.041114
0.037677
0.037897
0.037920
0.037941
0.037964
0.037986
0.038009
0.038031
0.038055
0.038076
0.038100
0.039385
0.039657
0.039694
0.039727
0.039760
0.039793
0.039821
0.039837
0.039851
0.039868
0.039885
0.033259
0.033483
0.033502
0.033517
0.033534
0.033549
0.033564
0.033580
0.033594
0.033609
0.033623
0.037032
0.037265
0.037289
0.037318
0.037339
0.037360
0.037382
0.037402
0.037423
0.037447
0.037467
0.028415
0.028632
0.028655
0.028671
0.028687
0.028703
0.028718
0.028733
0.028748
0.028763
0.028778
0.042620
0.042856
0.042888
0.042909
0.042929
0.042949
0.042970
0.042991
0.043011
0.043032
0.043052
0.073624
0.074068
0.074109
0.074150
0.074176
0.074200
0.074225
0.074249
0.074273
0.074297
0.074322
0.027291
0.027494
0.027514
0.027529
0.027545
0.027560
0.027575
0.027589
0.027604
0.027618
0.027632
0.028311
0.028515
0.028549
0.028576
0.028601
0.028626
0.028650
0.028674
0.028698
0.028721
0.028745
0.034150
0.034395
0.034418
0.034437
0.034456
0.034474
0.034492
0.034510
0.034528
0.034546
0.034563
0.037117
0.037329
0.037372
0.037399
0.037420
0.037443
0.037466
0.037490
0.037513
0.037535
0.037559
0.028818
0.029027
0.029060
0.029087
0.029123
0.029147
0.029171
0.029195
0.029217
0.029241
0.029264
0.031093
0.031399
0.031437
0.031479
0.031512
0.031545
0.031578
0.031611
0.031644
0.031677
0.031709
0.034733
0.035015
0.035045
0.035068
0.035091
0.035111
0.035131
0.035154
0.035177
0.035200
0.035223
0.034835
0.035058
0.035081
0.035105
0.035125
0.035143
0.035161
0.035179
0.035197
0.035220
0.035239
0.053725
0.053976
0.053998
0.054028
0.054052
0.054074
0.054093
0.054113
0.054133
0.054153
0.054173
0.067090
0.067299
0.067332
0.067360
0.067387
0.067412
0.067437
0.067461
0.067485
0.067509
0.067533
0.037073
0.037318
0.037341
0.037361
0.037379
0.037398
0.037416
0.037434
0.037452
0.037470
0.037488
0.034441
0.035613
0.035676
0.035747
0.035806
0.035867
0.035926
0.035986
0.036048
0.036108
0.036167
0.039664
0.039903
0.039926
0.039957
0.039977
0.039997
0.040018
0.040039
0.040060
0.040080
0.040100
0.037109
0.037309
0.037326
0.037339
0.037351
0.037381
0.037395
0.037408
0.037421
0.037435
0.037448
0.044447
0.044737
0.044775
0.044801
0.044828
0.044848
0.044867
0.044887
0.044906
0.044925
0.044945
0.042468
0.042734
0.042764
0.042789
0.042811
0.042834
0.042857
0.042882
0.042906
0.042930
0.042954
0.028828
0.029040
0.029058
0.029072
0.029086
0.029099
0.029113
0.029125
0.029139
0.029152
0.029165
0.030894
0.031164
0.031203
0.031227
0.031249
0.031271
0.031294
0.031317
0.031340
0.031363
0.031386
0.040144
0.040381
0.040413
0.040433
0.040452
0.040471
0.040489
0.040507
0.040526
0.040544
0.040562
0.058071
0.058289
0.058320
0.058348
0.058372
0.058397
0.058421
0.058445
0.058469
0.058492
0.058516
0.036052
0.036256
0.036294
0.036320
0.036345
0.036369
0.036393
0.036417
0.036441
0.036465
0.036488
0.034543
0.034755
0.034781
0.034804
0.034827
0.034852
0.034875
0.034899
0.034925
0.034949
0.034974
0.029709
0.029917
0.029951
0.029978
0.030005
0.030029
0.030053
0.030077
0.030101
0.030125
0.030149
0.030599
0.030795
0.030813
0.030827
0.030841
0.030854
0.030867
0.030880
0.030894
0.030906
0.030920
0.031955
0.032165
0.032182
0.032196
0.032210
0.032223
0.032236
0.032249
0.032265
0.032282
0.032298
0.029885
0.030087
0.030107
0.030124
0.030139
0.030155
0.030172
0.030187
0.030202
0.030218
0.030235
0.036238
0.036470
0.036500
0.036527
0.036551
0.036575
0.036600
0.036623
0.036647
0.036670
0.036695
0.031645
0.031931
0.031963
0.031988
0.032012
0.032037
0.032062
0.032089
0.032113
0.032138
0.032163
0.040158
0.040442
0.040473
0.040499
0.040525
0.040550
0.040576
0.040601
0.040626
0.040652
0.040675
0.063142
0.063346
0.063365
0.063381
0.063397
0.063412
0.063427
0.063442
0.063457
0.063472
0.063487
0.046548
0.046820
0.046847
0.046870
0.046895
0.046920
0.046941
0.046964
0.046989
0.047013
0.047036
0.045337
0.045568
0.045591
0.045619
0.045641
0.045662
0.045682
0.045702
0.045722
0.045742
0.045761
0.043348
0.043566
0.043598
0.043617
0.043636
0.043655
0.043674
0.043692
0.043711
0.043730
0.043749
0.033928
0.034161
0.034195
0.034216
0.034237
0.034258
0.034279
0.034300
0.034320
0.034339
0.034359
0.038187
0.038410
0.038453
0.038477
0.038500
0.038522
0.038544
0.038566
0.038588
0.038610
0.038632
0.035829
0.036161
0.036223
0.036292
0.036351
0.036411
0.036471
0.036530
0.036590
0.036648
0.036709
0.041392
0.041638
0.041694
