1.896413
0.032084
0.032368
0.032388
0.032403
0.032418
0.032434
0.032456
0.032474
0.032499
0.032513
0.032526
0.033577
0.033870
0.033890
0.033907
0.033926
0.033945
0.033963
0.033982
0.034000
0.034018
0.034036
0.032543
0.032809
0.032831
0.032851
0.032869
0.032887
0.032906
0.032923
0.032941
0.032959
0.032977
0.033126
0.033395
0.033417
0.033435
0.033453
0.033471
0.033489
0.033507
0.033524
0.033542
0.033559
0.032967
0.033217
0.033248
0.033266
0.033284
0.033302
0.033319
0.033337
0.033355
0.033372
0.033390
0.035069
0.035323
0.035344
0.035364
0.035383
0.035401
0.035419
0.035437
0.035455
0.035473
0.035491
0.030605
0.030840
0.030860
0.030876
0.030892
0.030909
0.030927
0.030942
0.030958
0.030973
0.030989
0.033815
0.034077
0.034099
0.034117
0.034134
0.034153
0.034171
0.034189
0.034206
0.034224
0.034241
0.029573
0.029797
0.029814
0.029828
0.029842
0.029855
0.029868
0.029881
0.029894
0.029907
0.029920
0.055073
0.055282
0.055308
0.055322
0.055335
0.055348
0.055361
0.055376
0.055388
0.055402
0.055414
0.027376
0.027598
0.027615
0.027629
0.027643
0.027656
0.027669
0.027682
0.027695
0.027708
0.027721
0.026012
0.026229
0.026255
0.026270
0.026283
0.026299
0.026312
0.026325
0.026338
0.026351
0.026364
0.026775
0.026987
0.027014
0.027028
0.027041
0.027054
0.027068
0.027081
0.027094
0.027107
0.027121
0.026957
0.027186
0.027204
0.027218
0.027231
0.027246
0.027260
0.027272
0.027286
0.027298
0.027311
0.027017
0.027245
0.027262
0.027276
0.027290
0.027303
0.027316
0.027330
0.027344
0.027357
0.027370
0.026447
0.026670
0.026688
0.026701
0.026715
0.026728
0.026741
0.026754
0.026770
0.026783
0.026795
0.025020
0.025245
0.025263
0.025277
0.025290
0.025304
0.025317
0.025331
0.025343
0.025357
0.025369
0.025145
0.025373
0.025390
0.025404
0.025418
0.025431
0.025444
0.025457
0.025470
0.025483
0.025496
0.025083
0.025313
0.025340
0.025370
0.025394
0.025418
0.025442
0.025465
0.025489
0.025513
0.025536
0.055759
0.055998
0.056016
0.056030
0.056044
0.056057
0.056070
0.056090
0.056109
0.056131
0.056145
0.025500
0.025727
0.025745
0.025759
0.025772
0.025785
0.025798
0.025810
0.025824
0.025837
0.025849
0.032170
0.032441
0.032465
0.032484
0.032502
0.032520
0.032537
0.032554
0.032572
0.032589
0.032607
0.027452
0.027684
0.027701
0.027715
0.027728
0.027741
0.027754
0.027767
0.027780
0.027793
0.027805
0.025964
0.026194
0.026212
0.026226
0.026239
0.026253
0.026266
0.026280
0.026293
0.026306
0.026319
0.029037
0.029269
0.029287
0.029301
0.029314
0.029331
0.029349
0.029371
0.029391
0.029412
0.029429
0.033727
0.033960
0.033978
0.033993
0.034006
0.034020
0.034034
0.034047
0.034060
0.034073
0.034086
0.031739
0.031968
0.031986
0.032000
0.032014
0.032027
0.032040
0.032053
0.032067
0.032079
0.032092
0.032877
0.033109
0.033127
0.033141
0.033155
0.033168
0.033181
0.033195
0.033208
0.033221
0.033233
0.029698
0.029934
0.029953
0.029970
0.029986
0.030002
0.030018
0.030037
0.030054
0.030069
0.030085
0.056236
0.056459
0.056476
0.056490
0.056504
0.056518
0.056530
0.056543
0.056556
0.056569
0.056582
0.027988
0.028218
0.028235
0.028250
0.028263
0.028276
0.028290
0.028303
0.028316
0.028330
0.028343
0.025908
0.026147
0.026178
0.026206
0.026231
0.026256
0.026280
0.026304
0.026328
0.026351
0.026375
0.027140
0.027372
0.027405
0.027431
0.027456
0.027480
0.027504
0.027529
0.027553
0.027576
0.027600
0.026525
0.026761
0.026793
0.026819
0.026844
0.026869
0.026893
0.026917
0.026940
0.026964
0.026987
0.024663
0.024900
0.024931
0.024960
0.024986
0.025012
0.025036
0.025061
0.025084
0.025109
0.025133
0.032134
0.032390
0.032411
0.032439
0.032457
0.032475
0.032492
0.032510
0.032527
0.032544
0.032562
0.040669
0.040929
0.040970
0.041000
0.041032
0.041065
0.041097
0.041129
0.041160
0.041195
0.041226
0.024954
0.025170
0.025197
0.025212
0.025225
0.025239
0.025252
0.025265
0.025278
0.025291
0.025304
0.025383
0.025610
0.025627
0.025642
0.025656
0.025669
0.025682
0.025696
0.025709
0.025722
0.025735
0.055899
0.056131
0.056148
0.056162
0.056176
0.056190
0.056203
0.056216
0.056229
0.056242
0.056255
0.026492
0.026719
0.026737
0.026751
0.026765
0.026779
0.026792
0.026805
0.026818
0.026831
0.026844
0.026104
0.026332
0.026349
0.026364
0.026377
0.026391
0.026404
0.026417
0.026430
0.026443
0.026455
0.027281
0.027512
0.027529
0.027543
0.027557
0.027570
0.027584
0.027597
0.027610
0.027623
0.027637
0.029154
0.029383
0.029400
0.029415
0.029428
0.029441
