1.828561
0.038362
0.038591
0.038610
0.038624
0.038638
0.038653
0.038666
0.038678
0.038692
0.038705
0.038718
0.050479
0.050730
0.050761
0.050786
0.050811
0.050836
0.050861
0.050887
0.050911
0.050936
0.050958
0.028008
0.028208
0.028236
0.028250
0.028264
0.028277
0.028291
0.028303
0.028316
0.028329
0.028342
0.034289
0.034506
0.034528
0.034547
0.034565
0.034583
0.034601
0.034618
0.034636
0.034653
0.034670
0.025001
0.025204
0.025232
0.025247
0.025261
0.025274
0.025287
0.025300
0.025313
0.025325
0.025338
0.027573
0.027770
0.027787
0.027802
0.027816
0.027829
0.027842
0.027858
0.027875
0.027891
0.027907
0.031992
0.032192
0.032211
0.032227
0.032243
0.032258
0.032276
0.032291
0.032306
0.032321
0.032337
0.026289
0.026483
0.026512
0.026529
0.026546
0.026561
0.026577
0.026592
0.026608
0.026623
0.026639
0.034321
0.034530
0.034553
0.034571
0.034589
0.034606
0.034625
0.034642
0.034661
0.034678
0.034696
0.064981
0.065218
0.065241
0.065271
0.065291
0.065312
0.065332
0.065355
0.065376
0.065396
0.065418
0.032374
0.032649
0.032670
0.032689
0.032706
0.032724
0.032742
0.032759
0.032776
0.032794
0.032811
0.034035
0.034294
0.034315
0.034333
0.034352
0.034373
0.034390
0.034408
0.034426
0.034443
0.034460
0.031983
0.032198
0.032219
0.032247
0.032265
0.032283
0.032300
0.032318
0.032335
0.032353
0.032371
0.032724
0.032939
0.032961
0.032979
0.032997
0.033017
0.033035
0.033052
0.033070
0.033087
0.033105
0.033077
0.033287
0.033319
0.033339
0.033357
0.033375
0.033391
0.033409
0.033426
0.033443
0.033461
0.032353
0.032567
0.032598
0.032616
0.032634
0.032652
0.032670
0.032687
0.032708
0.032725
0.032742
0.032186
0.032412
0.032434
0.032452
0.032469
0.032487
0.032505
0.032522
0.032539
0.032557
0.032574
0.032714
0.032936
0.032957
0.032976
0.032995
0.033013
0.033030
0.033048
0.033066
0.033083
0.033100
0.031658
0.031882
0.031904
0.031925
0.031943
0.031961
0.031978
0.031997
0.032015
0.032033
0.032051
0.059685
0.059911
0.059933
0.059952
0.059970
0.059988
0.060005
0.060023
0.060040
0.060057
0.060075
0.032305
0.032522
0.032544
0.032562
0.032580
0.032597
0.032615
0.032632
0.032649
0.032666
0.032684
0.030571
0.030796
0.030823
0.030841
0.030860
0.030877
0.030895
0.030912
0.030930
0.030947
0.030965
0.032031
0.032249
0.032272
0.032290
0.032309
0.032326
0.032344
0.032361
0.032378
0.032396
0.032413
0.030668
0.030880
0.030911
0.030929
0.030948
0.030966
0.030984
0.031001
0.031019
0.031037
0.031054
0.030460
0.030678
0.030709
0.030728
0.030746
0.030766
0.030784
0.030804
0.030822
0.030839
0.030857
0.031307
0.031530
0.031562
0.031581
0.031599
0.031616
0.031634
0.031651
0.031669
0.031687
0.031709
0.032951
0.033156
0.033176
0.033203
0.033221
0.033239
0.033257
0.033274
0.033291
0.033309
0.033328
0.032407
0.032619
0.032640
0.032668
0.032687
0.032705
0.032722
0.032740
0.032757
0.032774
0.032792
0.032987
0.033210
0.033231
0.033250
0.033268
0.033286
0.033303
0.033321
0.033338
0.033356
0.033374
0.061457
0.061678
0.061699
0.061726
0.061744
0.061761
0.061780
0.061797
0.061815
0.061832
0.061850
0.033577
0.033794
0.033814
0.033842
0.033859
0.033877
0.033900
0.033918
0.033937
0.033954
0.033972
0.033635
0.033850
0.033872
0.033891
0.033909
0.033927
0.033945
0.033962
0.033980
0.033998
0.034016
0.033946
0.034165
0.034190
0.034209
0.034226
0.034244
0.034262
0.034280
0.034298
0.034315
0.034333
0.032545
0.032765
0.032787
0.032806
0.032824
0.032842
0.032860
0.032877
0.032895
0.032912
0.032930
0.032968
0.033189
0.033211
0.033229
0.033247
0.033265
0.033283
0.033301
0.033319
0.033337
0.033354
0.032890
0.033116
0.033138
0.033157
0.033175
0.033192
0.033210
0.033227
0.033245
0.033262
0.033279
0.032698
0.032912
0.032943
0.032961
0.032979
0.032997
0.033015
0.033033
0.033050
0.033072
0.033089
0.034615
0.034820
0.034851
0.034869
0.034887
0.034904
0.034922
0.034939
0.034956
0.034974
0.034991
0.036398
0.036609
0.036629
0.036656
0.036674
0.036692
0.036710
0.036728
0.036746
0.036763
0.036781
0.061955
0.062187
0.062209
0.062228
0.062247
0.062264
0.062283
0.062300
0.062318
0.062335
0.062353
0.034965
0.035169
0.035201
0.035221
0.035241
0.035260
0.035278
0.035296
0.035315
0.035333
0.035351
0.032953
0.033171
0.033193
0.033222
0.033241
0.033259
0.033276
0.033294
0.033311
0.033329
0.033346
0.032148
0.032362
0.032392
0.032411
0.032429
0.032447
0.032465
0.032483
0.032501
0.032519
0.032536
0.032774
0.032998
0.033020
0.033039
0.033057
0.033075
0.033097
0.033116
0.033134
0.033153
0.033172
0.033748
0.033971
0.033993
0.034012
0.034029
0.034048
0.034065
0.034084
0.034101
0.034119
0.034137
0.032846
0.033077
0.033100
0.033119
0.033138
0.033155
0.033173
0.033191
0.033209
0.033226
0.033244
0.033534
0.033749
0.033770
0.033797
0.033815
0.033833
0.033850
0.033867
0.033885
0.033901
0.033919
0.032646
0.032867
0.032889
0.032908
0.032926
0.032944
0.032961
0.032979
0.032996
0.033017
0.033034
0.033401
0.033629
0.033652
0.033671
0.033689
0.033707
0.033724
0.033742
0.033759
0.033777
0.033794
0.060954
0.061178
0.061200
0.061219
0.061237
0.061255
0.061273
0.061290
0.061308
0.061326
0.061344
0.035269
0.035492
0.035515
0.035534
0.035552
0.035570
0.035588
0.035606
0.035624
0.035641
0.035659
0.032971
0.033192
0.033222
0.033241
0.033258
0.033276
0.033293
0.033312
0.033330
0.033349
0.033366
0.034789
0.034993
0.035023
0.035042
0.035060
0.035078
0.035095
0.035113
0.035130
0.035148
0.035165
0.033003
0.033233
0.033255
0.033274
0.033292
0.033309
0.033327
0.033345
0.033363
0.033381
0.033399
0.032990
0.033206
0.033236
0.033254
0.033275
