1.849415
0.030275
0.030538
0.030569
0.030584
0.030603
0.030622
0.030639
0.030655
0.030672
0.030688
0.030706
0.032409
0.032694
0.032714
0.032731
0.032751
0.032770
0.032788
0.032806
0.032824
0.032843
0.032862
0.023973
0.024193
0.024209
0.024234
0.024248
0.024261
0.024275
0.024288
0.024302
0.024315
0.024329
0.023690
0.023916
0.023932
0.023946
0.023958
0.023980
0.023994
0.024008
0.024021
0.024034
0.024048
0.024259
0.024484
0.024501
0.024515
0.024529
0.024542
0.024555
0.024567
0.024580
0.024593
0.024606
0.023783
0.024029
0.024047
0.024063
0.024076
0.024090
0.024103
0.024116
0.024128
0.024141
0.024153
0.023819
0.024055
0.024083
0.024102
0.024116
0.024129
0.024145
0.024158
0.024171
0.024184
0.024197
0.023742
0.023957
0.023973
0.023997
0.024012
0.024025
0.024038
0.024051
0.024064
0.024077
0.024090
0.024476
0.024699
0.024716
0.024730
0.024744
0.024757
0.024770
0.024783
0.024796
0.024809
0.024822
0.048856
0.049082
0.049100
0.049114
0.049127
0.049141
0.049154
0.049169
0.049182
0.049195
0.049208
0.024290
0.024515
0.024533
0.024546
0.024559
0.024572
0.024585
0.024599
0.024611
0.024624
0.024637
0.025108
0.025330
0.025348
0.025361
0.025375
0.025391
0.025403
0.025417
0.025430
0.025443
0.025455
0.024388
0.024613
0.024630
0.024644
0.024657
0.024671
0.024684
0.024697
0.024710
0.024724
0.024736
0.024004
0.024229
0.024246
0.024260
0.024273
0.024289
0.024302
0.024315
0.024328
0.024341
0.024354
0.023726
0.023936
0.023963
0.023977
0.023991
0.024004
0.024018
0.024031
0.024044
0.024057
0.024070
0.025990
0.026208
0.026226
0.026240
0.026253
0.026266
0.026279
0.026293
0.026309
0.026321
0.026334
0.024066
0.024289
0.024306
0.024320
0.024334
0.024347
0.024361
0.024374
0.024386
0.024399
0.024412
0.023949
0.024164
0.024191
0.024206
0.024220
0.024233
0.024246
0.024259
0.024272
0.024285
0.024297
0.024125
0.024353
0.024371
0.024389
0.024402
0.024415
0.024427
0.024441
0.024453
0.024466
0.024479
