1.965129
0.036692
0.036946
0.036974
0.036989
0.037005
0.037019
0.037033
0.037047
0.037061
0.037075
0.037089
0.030832
0.031075
0.031094
0.031108
0.031122
0.031137
0.031151
0.031165
0.031179
0.031192
0.031206
0.029725
0.029967
0.029997
0.030025
0.030052
0.030077
0.030102
0.030128
0.030152
0.030176
0.030201
0.027908
0.028130
0.028167
0.028191
0.028216
0.028240
0.028264
0.028288
0.028312
0.028336
0.028359
0.028233
0.028464
0.028482
0.028497
0.028510
0.028523
0.028537
0.028550
0.028563
0.028576
0.028598
0.027825
0.028052
0.028068
0.028084
0.028098
0.028111
0.028124
0.028137
0.028150
0.028162
0.028175
0.027540
0.027766
0.027783
0.027797
0.027810
0.027823
0.027839
0.027852
0.027865
0.027878
0.027891
0.028855
0.029087
0.029105
0.029119
0.029133
0.029146
0.029158
0.029171
0.029185
0.029197
0.029210
0.029112
0.029347
0.029365
0.029380
0.029393
0.029406
0.029419
0.029433
0.029445
0.029458
0.029472
0.054803
0.055029
0.055046
0.055060
0.055073
0.055087
0.055100
0.055115
0.055128
0.055141
0.055154
0.028802
0.029044
0.029062
0.029076
0.029089
0.029102
0.029115
0.029128
0.029142
0.029155
0.029167
0.028579
0.028804
0.028830
0.028844
0.028857
0.028872
0.028885
0.028898
0.028911
0.028924
0.028937
0.028125
0.028342
0.028369
0.028382
0.028395
0.028409
0.028422
0.028435
0.028449
0.028461
0.028475
0.028727
0.028957
0.028975
0.028989
0.029002
0.029017
0.029031
0.029044
0.029057
0.029070
0.029083
0.028413
0.028652
0.028670
0.028684
0.028698
0.028711
0.028724
0.028737
0.028750
0.028763
0.028776
0.028672
0.028900
0.028917
0.028931
0.028944
0.028958
0.028971
0.028984
0.028999
0.029011
0.029025
0.028651
0.028883
0.028901
0.028914
0.028928
0.028941
0.028954
0.028967
0.028980
0.028993
0.029005
0.028366
0.028598
0.028615
0.028629
0.028643
0.028656
0.028668
0.028681
0.028694
0.028706
0.028719
0.028173
0.028404
0.028421
0.028438
0.028451
0.028465
0.028478
0.028491
0.028504
0.028517
0.028530
0.055560
0.055803
0.055821
0.055835
0.055848
0.055861
0.055874
0.055887
0.055901
0.055914
0.055927
0.029487
0.029717
0.029734
0.029748
0.029762
0.029775
0.029787
0.029800
0.029813
0.029825
0.029838
0.027397
0.027645
0.027673
0.027692
0.027708
0.027721
0.027740
0.027754
0.027768
0.027781
0.027794
0.028140
0.028368
0.028394
0.028428
0.028452
0.028476
0.028500
0.028524
0.028547
0.028571
0.028594
0.028915
0.029154
0.029186
0.029211
0.029237
0.029262
0.029287
0.029311
0.029335
0.029359
0.029382
0.028600
0.028861
0.028881
0.028901
0.028916
0.028932
0.028946
0.028959
0.028972
0.028985
0.028998
0.030071
0.030304
0.030322
0.030337
0.030351
0.030364
0.030377
0.030390
0.030403
0.030415
0.030428
0.028913
0.029156
0.029174
0.029187
0.029211
0.029224
