1.815377
0.031982
0.032213
0.032235
0.032255
0.032273
0.032290
0.032308
0.032326
0.032343
0.032361
0.032378
0.030450
0.030672
0.030702
0.030720
0.030738
0.030757
0.030775
0.030793
0.030811
0.030828
0.030846
0.029807
0.030005
0.030025
0.030041
0.030059
0.030076
0.030091
0.030107
0.030123
0.030138
0.030154
0.035944
0.036201
0.036232
0.036266
0.036290
0.036312
0.036332
0.036353
0.036373
0.036393
0.036414
0.031762
0.031978
0.032009
0.032028
0.032046
0.032064
0.032082
0.032099
0.032117
0.032134
0.032151
0.036739
0.036970
0.037001
0.037044
0.037068
0.037090
0.037111
0.037132
0.037153
0.037174
0.037194
0.035528
0.035795
0.035828
0.035854
0.035880
0.035902
0.035926
0.035945
0.035965
0.035985
0.036005
0.032384
0.032599
0.032630
0.032650
0.032667
0.032685
0.032703
0.032722
0.032740
0.032757
0.032774
0.035238
0.035486
0.035515
0.035539
0.035560
0.035583
0.035606
0.035630
0.035653
0.035675
0.035698
0.069098
0.069323
0.069347
0.069369
0.069390
0.069412
0.069432
0.069456
0.069478
0.069499
0.069518
0.032043
0.032274
0.032295
0.032314
0.032331
0.032349
0.032367
0.032384
0.032401
0.032419
0.032436
0.037661
0.037890
0.037924
0.037944
0.037965
0.037988
0.038008
0.038028
0.038049
0.038069
0.038090
0.035635
0.035897
0.035934
0.035962
0.035986
0.036006
0.036034
0.036054
0.036073
0.036092
0.036112
0.037360
0.037627
0.037657
0.037679
0.037699
0.037724
0.037745
0.037765
0.037785
0.037807
0.037828
0.035076
0.035377
0.035427
0.035464
0.035495
0.035517
0.035537
0.035557
0.035578
0.035599
0.035619
0.023834
0.024030
0.024048
0.024061
0.024075
0.024088
0.024101
0.024114
0.024129
0.024142
0.024154
0.037525
0.037786
0.037817
0.037840
0.037865
0.037889
0.037914
0.037939
0.037961
0.037983
0.038004
0.041636
0.041902
0.041928
0.041948
0.041966
0.041994
0.042013
0.042032
0.042054
0.042078
0.042101
0.032733
0.032956
0.033013
0.033038
0.033056
0.033074
0.033092
0.033109
0.033127
0.033144
0.033162
0.067135
0.067374
0.067400
0.067422
0.067443
0.067464
0.067485
0.067505
0.067524
0.067544
0.067563
0.032829
0.033060
0.033083
0.033102
0.033120
0.033139
0.033156
0.033174
0.033192
0.033209
0.033227
0.037044
0.037315
0.037344
0.037364
0.037388
0.037410
0.037434
0.037456
0.037478
0.037501
0.037522
0.034794
0.035064
0.035097
0.035121
0.035145
0.035168
0.035192
0.035216
0.035240
0.035265
0.035290
0.031304
0.031505
0.031523
0.031537
0.031551
0.031564
0.031577
0.031591
0.031604
0.031618
0.031631
0.036691
0.036913
0.036948
0.036968
0.036989
0.037012
0.037033
0.037052
0.037072
0.037093
0.037114
0.032498
0.032719
0.032741
0.032760
0.032778
0.032796
0.032849
0.032868
0.032887
0.032904
0.032922
0.031101
0.031310
0.031341
0.031360
0.031384
0.031403
0.031421
0.031439
0.031456
0.031474
0.031492
0.032006
0.032238
0.032259
0.032278
0.032296
0.032314
0.032331
0.032349
0.032366
0.032384
0.032401
0.032070
0.032293
0.032315
0.032343
0.032362
0.032380
0.032398
0.032415
0.032433
0.032451
0.032469
0.069151
0.069419
0.069446
0.069468
0.069502
0.069527
0.069549
0.069572
0.069596
0.069618
0.069644
0.032258
0.032488
0.032510
0.032529
0.032547
0.032565
0.032582
0.032600
0.032619
0.032637
0.032655
0.036674
0.036942
0.036981
0.037012
0.037038
0.037060
0.037081
0.037100
0.037119
0.037139
0.037158
0.035598
0.035861
0.035891
0.035917
0.035951
0.035975
0.035999
0.036023
0.036048
0.036070
0.036098
0.036136
0.036398
0.036432
0.036459
0.036485
0.036510
0.036536
0.036560
0.036581
0.036600
0.036620
0.032826
0.033054
0.033076
0.033095
0.033113
0.033132
0.033150
0.033169
0.033187
0.033205
0.033222
0.033947
0.034158
0.034178
0.034205
0.034224
0.034242
0.034259
0.034276
0.034294
0.034312
0.034329
0.037636
0.037910
0.037945
0.037970
0.037995
0.038019
0.038043
0.038067
0.038093
0.038123
0.038147
0.035756
0.036041
0.036073
0.036093
0.036122
0.036142
0.036161
0.036180
0.036200
0.036218
0.036238
0.029661
0.029861
0.029879
0.029893
0.029908
0.029921
0.029935
0.029948
0.029961
0.029974
0.029987
0.080304
0.080547
0.080573
0.080595
0.080615
0.080634
0.080653
0.080672
0.080692
0.080711
0.080731
0.040728
0.040961
0.040987
0.041008
0.041028
0.041049
0.041070
0.041091
0.041112
0.041133
0.041154
0.036743
0.036985
0.037018
0.037055
0.037081
0.037105
0.037130
0.037153
0.037176
0.037198
0.037219
0.036080
0.036365
0.036399
0.036426
0.036459
0.036483
0.036506
0.036531
0.036558
0.036583
0.036608
0.031786
0.032016
0.032038
0.032058
0.032076
0.032094
0.032111
0.032129
0.032147
0.032164
0.032182
0.033997
0.034216
0.034238
0.034258
0.034276
0.034294
0.034311
0.034329
0.034347
0.034364
0.034382
0.035926
0.036178
0.036208
0.036232
0.036253
0.036273
0.036292
0.036313
0.036335
0.036354
0.036375
0.036543
0.036803
0.036830
0.036853
0.036873
0.036901
0.036920
0.036941
0.036964
0.036985
0.037006
0.035680
0.035930
0.035955
0.035988
0.036009
0.036029
0.036050
0.036071
0.036090
0.036114
0.036134
0.035867
0.036110
0.036134
0.036151
0.036176
0.036200
0.036223
0.036245
0.036267
0.036288
0.036309
0.065119
0.065347
0.065369
0.065388
0.065407
0.065424
0.065442
0.065459
0.065477
0.065495
0.065512
0.037508
0.037774
0.037802
0.037834
0.037859
0.037883
0.037906
0.037926
0.037947
0.037969
0.037990
0.026125
0.026322
0.026339
0.026354
0.026367
0.026381
0.026393
0.026407
0.026420
0.026433
0.026446
0.037028
0.037255
0.037278
0.037298
0.037327
0.037348
0.037369
0.037390
0.037410
0.037430
0.037451
0.034104
0.034334
0.034356
0.034375
0.034393
0.034411
0.034429
0.034447
0.034465
0.034482
0.034500
0.037147
0.037407
0.037435
0.037457
0.037482
0.037501
0.037519
0.037550
0.037573
0.037594
0.037617
0.036183
0.036428
0.036458
0.036483
0.036503
0.036531
0.036552
0.036576
0.036597
0.036620
0.036642
0.034078
0.034287
0.034318
0.034336
0.034355
0.034373
0.034391
0.034408
0.034426
0.034443
0.034461
0.035566
0.035817
0.035847
0.035874
0.035900
0.035924
0.035948
0.035971
0.035994
0.036018
0.036041
0.033010
0.033228
0.033251
0.033269
0.033288
0.033306
0.033324
0.033342
0.033359
0.033377
0.033394
0.071850
0.072079
0.072103
0.072134
0.072154
0.072174
0.072194
0.072213
0.072233
0.072253
0.072272
0.036618
0.036882
0.036910
0.036936
0.036958
0.036979
0.036998
0.037017
0.037039
0.037060
0.037080
0.034996
0.035267
0.035295
0.035316
0.035345
0.035365
0.035387
0.035409
0.035432
0.035452
0.035473
0.025678
0.025884
0.025903
0.025918
0.025932
0.025946
0.025959
0.025972
0.025988
0.026001
0.026015
0.026026
0.026223
0.026241
0.026255
0.026269
0.026282
0.026295
0.026309
0.026321
0.026334
0.026347
0.037337
0.037610
0.037643
0.037668
0.037693
0.037718
0.037742
0.037767
0.037791
0.037816
0.037840
0.036970
0.037225
0.037265
0.037289
0.037311
0.037334
0.037358
0.037381
0.037404
0.037426
0.037450
0.034951
0.035227
0.035260
0.035287
0.035312
0.035336
0.035357
0.035378
0.035399
0.035421
0.035445
0.036079
0.036345
0.036379
0.036404
0.036438
0.036459
0.036482
0.036507
0.036530
0.036553
0.036576
0.031773
0.031975
0.031992
0.032007
0.032020
0.032034
0.032047
0.032060
0.032073
0.032086
0.032100
0.071346
0.071574
0.071608
0.071629
0.071649
0.071669
0.071688
0.071707
0.071726
0.071745
0.071766
0.033192
0.033416
0.033438
0.033457
0.033475
0.033493
0.033510
0.033528
0.033546
