1.583798
0.034306
0.034523
0.034554
0.034574
0.034592
0.034611
0.034628
0.034647
0.034665
0.034683
0.034700
0.032897
0.033117
0.033148
0.033166
0.033184
0.033202
0.033219
0.033237
0.033254
0.033272
0.033289
0.033248
0.033491
0.033518
0.033543
0.033567
0.033591
0.033615
0.033639
0.033664
0.033689
0.033714
0.033872
0.034087
0.034107
0.034135
0.034153
0.034171
0.034189
0.034207
0.034224
0.034242
0.034259
0.039655
0.039907
0.039933
0.039959
0.039984
0.040007
0.040031
0.040055
0.040078
0.040102
0.040125
0.036510
0.036750
0.036774
0.036795
0.036824
0.036845
0.036865
0.036885
0.036905
0.036924
0.036943
0.033638
0.033859
0.033881
0.033899
0.033916
0.033934
0.033955
0.033972
0.033989
0.034006
0.034024
0.031569
0.031802
0.031824
0.031842
0.031861
0.031880
0.031898
0.031917
0.031936
0.031954
0.031972
0.040162
0.040399
0.040421
0.040441
0.040459
0.040478
0.040496
0.040514
0.040532
0.040550
0.040568
0.060182
0.060400
0.060421
0.060440
0.060458
0.060476
0.060493
0.060513
0.060531
0.060548
0.060565
0.031738
0.031962
0.031992
0.032011
0.032029
0.032046
0.032064
0.032081
0.032098
0.032115
0.032133
0.032998
0.033216
0.033238
0.033266
0.033285
0.033307
0.033325
0.033344
0.033362
0.033380
0.033398
0.032061
0.032296
0.032317
0.032336
0.032353
0.032371
0.032389
0.032406
0.032424
0.032441
0.032459
0.032712
0.032926
0.032948
0.032966
0.032984
0.033004
0.033022
0.033039
0.033056
0.033074
0.033091
0.031773
0.032003
0.032025
0.032044
0.032063
0.032081
0.032099
0.032118
0.032137
0.032155
0.032173
0.031487
0.031698
0.031728
0.031746
0.031764
0.031781
0.031799
0.031822
0.031844
0.031862
0.031879
0.040029
0.040267
0.040290
0.040320
0.040341
0.040362
0.040383
0.040404
0.040424
0.040446
0.040468
0.034476
0.034712
0.034736
0.034766
0.034786
0.034806
0.034826
0.034845
0.034865
0.034884
0.034904
0.032718
0.032943
0.032966
0.032989
0.033008
0.033027
0.033046
0.033064
0.033082
0.033100
0.033119
