507	498	54	53
506	498	54	53
510	502	54	53
515	507	55	54
520	512	55	54
525	517	56	55
530	522	56	55
535	527	57	56
540	532	57	56
545	537	58	57
550	542	58	57
555	547	59	58
504	501	55	54
503	501	55	54
503	501	55	54
503	501	55	54
503	502	55	54
503	502	55	54
503	502	55	54
502	503	55	54
502	503	55	54
502	503	55	54
502	503	55	54
516	494	57	56
516	494	57	56
516	493	57	56
517	493	57	56
517	493	57	56
518	492	57	56
519	492	57	56
519	492	58	57
520	491	58	57
521	491	58	57
521	491	58	57
522	497	56	55
522	496	56	55
523	496	56	55
523	496	56	55
524	496	56	55
525	496	56	55
525	496	56	55
526	496	56	55
527	496	56	55
527	496	56	55
528	496	56	55
527	495	58	57
527	495	58	57
528	494	58	57
528	494	58	57
529	494	58	57
529	494	58	57
530	494	58	57
530	494	58	57
531	494	58	57
531	494	58	57
532	494	58	57
527	488	57	56
527	487	57	56
527	487	57	56
527	487	57	56
528	486	57	56
528	486	57	56
528	485	57	56
528	485	57	56
528	484	57	56
529	484	57	56
529	484	57	56
518	479	55	54
518	478	54	53
517	477	54	53
517	477	54	53
516	476	54	53
516	475	54	53
515	475	54	53
515	474	54	53
515	473	54	53
514	473	54	53
514	472	53	52
507	474	57	56
506	473	56	55
505	472	56	55
504	472	56	55
504	471	57	56
503	471	57	56
502	470	57	56
501	469	57	56
500	469	57	56
500	468	57	56
499	468	57	56
490	480	59	58
489	479	59	58
487	479	59	58
486	479	59	58
485	479	59	58
484	479	59	58
482	480	59	58
481	480	59	58
480	480	60	59
478	480	60	59
477	480	60	59
479	477	62	60
477	477	62	60
476	477	62	60
475	476	62	60
474	476	62	60
473	476	63	60
472	476	63	61
470	476	63	61
469	476	63	61
468	476	63	61
467	476	64	61
468	479	64	63
466	478	64	63
465	478	64	63
464	479	64	63
463	479	64	63
462	479	65	64
461	479	65	64
460	479	65	64
459	479	65	64
458	479	65	65
457	479	66	65
464	473	67	65
462	473	67	65
462	472	67	65
461	472	67	65
461	472	67	65
460	471	68	66
459	471	68	66
459	471	68	66
458	470	68	66
457	470	69	66
457	470	69	67
463	477	69	68
462	476	69	68
462	476	69	68
461	476	69	68
461	476	69	68
461	477	70	69
460	477	70	69
460	477	70	69
460	477	70	69
460	477	70	70
459	477	71	70
465	492	71	69
464	492	71	69
464	492	71	69
464	493	71	69
464	494	71	69
464	495	71	69
464	496	72	70
464	497	72	70
464	498	72	70
464	499	72	70
464	500	72	70
471	503	74	72
471	503	74	72
471	504	74	72
471	505	74	72
472	506	74	72
472	507	75	73
472	508	75	73
473	509	75	73
473	510	75	73
473	511	76	73
474	512	76	74
472	500	77	75
472	501	77	75
472	501	77	75
472	501	77	75
473	501	78	75
473	501	78	76
473	502	78	76
473	502	78	76
473	502	79	77
474	502	79	77
474	503	79	77
472	496	80	78
472	496	80	78
472	496	80	78
472	495	80	78
472	495	81	79
472	495	81	79
472	495	81	79
472	495	81	79
472	495	82	80
472	494	82	80
472	494	82	80
469	496	80	78
469	495	80	78
468	495	80	78
468	495	80	78
468	495	80	78
468	495	80	78
468	495	80	78
468	495	80	78
468	495	81	79
467	495	81	79
467	495	81	79
460	496	77	75
459	495	77	75
459	495	76	74
458	495	76	74
458	495	76	74
457	495	76	74
457	495	76	74
456	495	76	74
455	495	76	74
455	495	76	74
454	495	75	73
463	492	78	77
462	491	77	76
462	491	77	76
462	491	77	76
462	491	77	76
462	491	77	77
462	490	77	77
461	490	77	77
461	490	77	77
461	490	77	77
461	489	77	77
471	478	75	74
470	477	74	74
471	476	74	73
471	476	74	73
472	475	74	73
472	474	74	73
473	473	74	73
473	472	74	73
474	471	73	73
474	470	73	72
474	469	73	72
467	466	72	71
467	465	71	70
467	464	71	70
467	463	71	70
467	461	71	70
467	460	70	69
467	459	70	69
467	458	70	69
467	457	70	69
467	456	69	69
467	455	69	68
465	458	69	68
464	456	68	67
464	456	68	67
464	455	68	67
464	454	67	66
464	453	67	66
464	452	67	66
464	451	67	66
463	450	66	65
463	450	66	65
463	449	66	65
472	468	72	71
471	467	71	70
472	467	71	70
472	467	71	70
472	467	71	70
473	468	71	70
473	468	72	71
473	468	72	71
474	468	72	71
474	468	72	71
474	469	72	71
466	467	75	74
466	467	75	74
466	467	75	74
465	467	75	74
465	467	75	74
465	467	75	74
465	467	76	75
465	467	76	75
465	467	76	75
464	467	76	75
464	468	76	75
463	458	75	74
462	458	75	74
462	457	75	74
462	457	75	74
462	456	75	74
461	456	75	74
461	455	75	74
461	455	75	74
460	454	75	74
460	454	75	74
460	453	76	75
477	455	75	74
476	454	75	74
477	454	75	74
478	453	75	74
478	453	75	74
479	453	75	74
480	452	75	74
480	452	75	74
481	451	75	74
482	451	75	74
482	451	75	74
498	452	78	77
498	451	78	77
500	451	78	77
501	450	78	77
503	450	78	77
504	450	78	77
506	450	78	77
507	449	79	78
509	449	79	78
510	449	79	78
511	448	79	78
518	447	78	77
519	446	78	77
521	446	78	77
522	445	78	77
524	445	78	77
526	445	78	77
528	444	78	77
529	444	78	77
531	443	78	77
533	443	78	77
535	443	78	77
539	440	81	80
540	439	81	80
542	439	81	80
544	438	81	80
546	437	81	80
548	437	81	80
549	436	82	81
551	436	82	81
553	435	82	81
555	435	82	81
557	434	82	81
543	435	80	78
544	434	80	78
545	433	80	78
546	433	80	78
547	432	80	78
548	432	80	78
549	431	80	78
550	431	80	78
551	430	80	77
552	430	80	77
553	429	80	77
551	433	83	81
551	432	83	80
552	432	83	81
553	431	83	81
554	431	83	81
555	431	83	81
555	430	83	81
556	430	84	81
557	430	84	81
558	430	84	82
558	429	84	82
556	445	80	78
556	444	80	78
557	445	80	78
557	445	79	77
558	446	79	77
559	446	79	77
559	447	79	77
560	448	79	77
560	448	79	77
561	449	79	77
561	449	79	77
560	455	77	75
560	455	76	74
560	456	76	74
561	457	76	74
561	458	76	74
562	458	76	74
562	459	75	73
563	460	75	73
563	461	75	73
564	462	75	73
564	462	74	72
575	459	75	74
575	459	74	73
576	460	74	73
577	460	74	73
578	461	74	73
579	462	73	73
580	462	73	73
581	463	73	72
582	463	73	72
583	464	73	72
584	464	72	72
578	468	72	71
578	468	71	70
579	469	71	70
580	469	71	70
580	470	71	70
581	471	70	69
581	472	70	69
582	472	70	69
583	473	70	69
583	474	69	69
584	474	69	68
582	465	69	68
582	465	68	67
583	465	68	67
583	465	68	67
583	466	67	67
584	466	67	66
584	466	67	66
585	466	67	66
585	466	66	65
586	466	66	65
586	466	66	65
579	457	69	68
579	457	68	67
579	456	68	67
579	456	68	67
579	455	68	67
579	455	68	67
579	454	68	67
579	454	68	67
579	454	68	67
579	453	67	66
579	453	67	66
593	452	71	69
592	451	70	68
593	451	70	68
594	450	71	68
595	450	71	68
595	449	71	68
596	449	71	69
597	448	71	69
598	448	71	69
598	447	71	69
599	447	71	69
599	447	74	72
599	446	74	72
600	446	74	72
601	445	74	72
601	445	74	72
602	444	74	72
603	444	75	72
603	443	75	73
604	443	75	73
605	442	75	73
605	442	75	73
598	444	71	69
598	443	71	69
598	443	71	69
599	442	71	69
599	442	70	68
599	442	70	68
599	441	70	68
599	441	70	68
600	441	70	68
600	440	70	68
600	440	70	68
597	442	69	68
597	441	68	67
597	441	68	67
597	441	68	67
597	440	68	67
597	440	68	67
597	440	68	67
597	440	67	67
597	439	67	67
597	439	67	67
597	439	67	66
610	447	68	67
609	446	67	66
610	446	67	66
611	447	67	66
612	447	67	66
612	447	67	66
613	447	67	66
614	447	67	66
614	448	66	66
615	448	66	66
616	448	66	66
625	455	68	67
625	455	67	66
626	455	67	66
628	456	67	66
629	456	67	66
630	457	67	66
631	457	67	66
632	458	67	66
633	458	67	66
634	459	67	66
636	460	67	66
637	469	71	69
638	469	70	68
639	470	71	69
640	471	71	69
641	472	71	69
642	473	71	69
643	474	71	69
644	475	71	69
646	476	72	69
647	477	72	69
648	478	72	69
647	471	69	68
648	472	69	68
649	472	69	68
650	473	69	68
651	473	69	68
652	474	68	68
653	474	68	68
654	475	68	68
655	475	68	68
656	476	68	68
657	476	68	68
656	464	72	71
656	464	71	70
657	464	72	71
658	464	72	71
659	463	72	71
660	463	72	71
661	463	72	71
662	463	72	71
663	463	72	72
664	462	73	72
664	462	73	72
667	451	69	68
667	450	69	68
668	449	69	68
669	449	68	67
670	448	68	67
671	447	68	67
672	446	68	67
673	445	68	67
674	444	68	67
675	444	68	67
676	443	68	67
666	441	72	71
666	440	71	70
667	439	72	71
667	438	72	71
667	437	72	71
668	436	72	71
668	435	72	71
668	434	72	71
669	433	72	71
669	432	72	71
669	431	72	71
671	440	69	68
671	439	69	68
671	438	69	68
672	438	68	67
672	437	68	67
672	437	68	67
673	436	68	67
673	436	68	67
673	436	68	67
674	435	68	67
674	435	68	67
669	445	68	67
669	444	67	66
669	444	67	66
669	444	67	66
669	445	67	66
669	445	67	66
669	445	67	66
669	445	67	66
669	445	67	66
669	445	67	66
669	445	66	65
695	452	68	67
695	452	67	66
696	452	67	66
697	453	67	66
699	453	67	66
700	454	67	66
702	454	67	66
703	454	67	66
705	455	67	66
706	455	67	66
707	456	67	66
703	476	65	64
704	476	64	63
705	478	64	63
706	479	64	63
707	481	64	63
708	482	64	63
709	484	64	63
710	485	63	62
712	487	63	62
713	488	63	62
714	490	63	62
700	445	63	62
701	446	62	61
701	445	62	61
701	444	62	61
701	443	62	61
702	442	62	61
702	441	61	60
702	440	61	60
702	439	61	60
702	438	61	60
703	436	61	60
680	425	64	63
680	423	63	62
679	422	63	62
678	420	63	62
677	418	63	62
675	417	63	62
674	415	63	62
673	413	63	62
672	412	63	62
671	410	63	62
670	408	63	62
666	400	65	64
664	398	64	63
663	396	65	64
662	394	65	64
661	392	65	64
659	390	65	64
658	387	65	64
657	385	65	64
656	383	65	64
654	381	65	64
653	379	65	64
652	378	68	67
650	375	68	67
649	373	68	67
648	371	68	67
646	369	68	67
645	367	68	67
644	365	69	68
643	363	69	68
641	361	69	68
640	359	69	68
639	357	69	68
646	371	65	64
644	368	65	64
643	367	65	64
643	366	65	64
642	365	64	63
641	364	64	63
640	363	64	63
639	361	64	63
638	360	64	63
638	359	64	63
637	358	64	63
654	389	64	63
653	387	63	62
653	388	63	62
653	388	63	62
653	389	63	62
653	390	63	62
653	390	63	62
654	391	63	62
654	391	63	62
654	392	63	62
654	393	62	61
654	403	62	60
654	403	61	59
654	404	61	59
654	405	61	59
654	406	61	59
654	407	61	59
654	409	61	58
654	410	60	58
654	411	60	58
655	412	60	58
655	413	60	58
643	408	64	63
643	409	63	62
642	409	63	62
641	410	63	62
641	411	63	63
640	412	64	63
640	412	64	63
639	413	64	63
639	414	64	63
638	415	64	63
637	415	64	63
632	409	65	64
631	409	65	64
630	410	65	64
629	410	65	64
628	410	65	64
627	411	65	64
627	411	65	64
626	411	65	64
625	411	65	64
624	412	65	64
623	412	65	65
633	411	67	65
632	411	67	65
631	411	67	65
631	411	67	65
631	411	67	65
630	412	67	65
630	412	67	65
630	412	67	65
630	412	68	65
629	413	68	65
629	413	68	65
637	408	68	67
636	408	68	67
636	408	68	67
636	408	68	67
637	407	68	67
637	407	68	67
