1.868204
0.039607
0.039906
0.039927
0.039943
0.039960
0.039978
0.039994
0.040011
0.040028
0.040044
0.040061
0.039429
0.039684
0.039705
0.039721
0.039737
0.039754
0.039769
0.039784
0.039799
0.039815
0.039832
0.027695
0.027938
0.027958
0.027976
0.027993
0.028009
0.028025
0.028040
0.028056
0.028072
0.028088
0.028135
0.028367
0.028384
0.028398
0.028412
0.028425
0.028438
0.028451
0.028464
0.028477
0.028490
0.027618
0.027857
0.027875
0.027889
0.027903
0.027917
0.027930
0.027943
0.027956
0.027969
0.027982
0.035730
0.035990
0.036011
0.036031
0.036050
0.036068
0.036086
0.036103
0.036120
0.036138
0.036155
0.034903
0.035164
0.035185
0.035212
0.035229
0.035247
0.035267
0.035285
0.035302
0.035319
0.035336
0.033871
0.034136
0.034157
0.034176
0.034194
0.034211
0.034230
0.034247
0.034264
0.034282
0.034299
0.035639
0.035877
0.035894
0.035908
0.035922
0.035935
0.035949
0.035962
0.035975
0.035988
0.036002
0.052386
0.052614
0.052631
0.052645
0.052658
0.052671
0.052684
0.052699
0.052712
0.052725
0.052738
0.027872
0.028102
0.028120
0.028134
0.028147
0.028161
0.028174
0.028187
0.028200
0.028214
0.028227
0.027136
0.027369
0.027386
0.027400
0.027413
0.027429
0.027442
0.027455
0.027468
0.027481
0.027494
0.027405
0.027637
0.027654
0.027669
0.027683
0.027696
0.027709
0.027722
0.027735
0.027749
0.027761
0.027738
0.027969
0.027986
0.028000
0.028014
0.028029
0.028042
0.028055
0.028068
0.028082
0.028094
0.028522
0.028744
0.028771
0.028785
0.028799
0.028813
0.028826
0.028840
0.028852
0.028866
0.028879
0.028209
0.028439
0.028456
0.028470
0.028483
0.028496
0.028509
0.028521
0.028536
0.028548
0.028561
0.028305
0.028537
0.028555
0.028569
0.028583
0.028596
0.028609
0.028622
0.028635
0.028648
0.028661
0.028608
0.028841
0.028858
0.028872
0.028886
0.028899
0.028912
0.028925
0.028938
0.028951
0.028964
0.027904
0.028129
0.028146
0.028163
0.028177
0.028190
0.028204
0.028217
0.028230
0.028243
0.028256
0.054665
0.054897
0.054915
0.054929
0.054942
0.054955
0.054968
0.054981
0.054994
0.055007
0.055021
0.029224
0.029447
0.029473
0.029487
0.029501
0.029514
0.029527
0.029541
0.029554
0.029567
0.029581
0.028230
0.028461
0.028481
0.028495
0.028508
0.028522
0.028536
0.028549
0.028562
0.028575
0.028588
0.028622
0.028855
0.028873
0.028887
0.028901
0.028914
0.028927
0.028940
0.028954
0.028966
0.028979
0.026871
0.027100
0.027117
0.027132
0.027146
0.027160
0.027173
0.027186
0.027200
0.027213
0.027225
0.028332
0.028557
0.028584
0.028598
0.028612
0.028628
0.028641
0.028655
0.028668
0.028681
0.028694
0.028476
0.028709
0.028727
0.028742
0.028756
0.028769
0.028782
0.028795
0.028809
0.028822
0.028835
0.028931
0.029161
0.029179
0.029193
0.029207
0.029221
0.029234
0.029248
0.029261
0.029274
0.029287
0.028417
0.028647
0.028665
0.028679
0.028693
0.028707
0.028720
0.028733
0.028746
0.028759
0.028772
0.028847
0.029068
0.029085
0.029099
0.029123
0.029136
0.029150
0.029163
0.029192
0.029212
0.029229
0.056264
0.056499
0.056525
0.056549
0.056572
0.056597
0.056620
0.056644
0.056668
0.056692
0.056715
0.030438
0.030665
0.030683
0.030697
0.030711
0.030724
0.030737
0.030751
0.030764
0.030777
0.030791
0.029004
0.029232
0.029249
0.029263
0.029277
0.029290
0.029303
0.029316
0.029329
0.029342
0.029355
0.029098
0.029328
0.029349
0.029364
0.029377
0.029391
0.029405
0.029418
0.029432
0.029444
0.029457
0.029406
0.029639
0.029656
0.029671
0.029684
0.029697
0.029711
0.029723
0.029736
0.029749
0.029762
0.029244
0.029473
0.029490
0.029505
0.029518
0.029532
0.029546
0.029559
0.029572
0.029585
0.029598
0.028460
0.028681
0.028707
0.028721
0.028735
0.028748
0.028761
0.028774
0.028787
0.028800
0.028812
0.028665
0.028894
0.028912
0.028926
0.028940
0.028954
0.028967
0.028980
0.028993
0.029010
0.029023
0.029180
0.029413
0.029431
0.029445
0.029459
0.029472
0.029486
0.029499
0.029512
0.029525
0.029538
0.027750
0.027982
0.027999
0.028019
0.028033
0.028046
0.028059
0.028073
0.028086
0.028099
0.028111
0.054139
0.054366
0.054384
0.054398
0.054416
0.054430
0.054443
0.054456
0.054469
0.054482
0.054494
0.030687
0.030921
0.030939
0.030953
0.030967
0.030980
0.030993
0.031007
0.031020
0.031032
0.031045
0.028315
0.028545
0.028563
0.028577
0.028590
0.028604
0.028618
0.028630
0.028643
0.028656
0.028669
0.028397
0.028632
0.028656
0.028680
0.028703
0.028728
0.028752
0.028776
0.028800
0.028825
0.028850
0.027499
0.027734
0.027762
0.027787
0.027812
0.027837
0.027862
0.027886
0.027910
0.027934
0.027957
0.029812
0.030031
0.030048
0.030072
0.030086
0.030100
0.030113
0.030126
0.030139
0.030152
0.030165
0.029112
0.029335
0.029362
0.029377
0.029391
0.029404
0.029418
0.029431
0.029444
0.029457
0.029470
0.030154
0.030382
0.030400
0.030414
0.030428
0.030442
0.030455
0.030468
0.030482
0.030495
0.030508
0.028742
0.028973
0.028991
0.029005
0.029020
0.029033
0.029046
0.029060
0.029073
0.029089
0.029103
0.028263
0.028482
0.028522
0.028550
0.028569
0.028587
0.028600
0.028614
0.028627
0.028641
0.028653
0.054681
0.054905
0.054922
0.054936
0.054950
0.054963
0.054976
0.054990
0.055002
0.055016
0.055029
0.029989
0.030223
0.030242
0.030256
0.030270
0.030283
0.030297
0.030309
0.030323
0.030336
0.030349
0.028812
0.029050
0.029069
0.029083
0.029097
0.029110
0.029124
0.029137
0.029150
0.029164
0.029177
0.030658
0.030896
0.030914
0.030928
0.030942
0.030956
0.030969
0.030982
0.030995
0.031008
0.031021
0.029512
0.029743
0.029762
0.029779
0.029794
0.029810
0.029825
0.029841
0.029856
0.029872
0.029886
0.028804
0.029031
0.029051
0.029067
0.029095
0.029111
0.029128
0.029145
0.029160
0.029176
0.029191
0.027571
0.027805
0.027825
0.027842
0.027860
0.027876
0.027892
0.027908
0.027925
0.027941
0.027956
0.029448
0.029684
0.029706
0.029723
0.029739
0.029755
0.029773
0.029789
0.029805
0.029820
0.029836
0.028608
0.028837
0.028854
0.028869
0.028883
0.028896
0.028910
0.028923
0.028936
0.028949
0.028961
0.028488
0.028721
0.028740
0.028754
0.028768
0.028781
0.028795
0.028808
0.028821
0.028834
0.028847
0.053419
0.053648
0.053665
0.053680
0.053694
0.053707
0.053720
0.053733
0.053746
0.053759
0.053772
0.028835
0.029064
0.029082
0.029095
0.029109
0.029122
0.029135
0.029148
0.029161
0.029174
0.029187
0.027681
0.027910
0.027928
0.027942
0.027956
0.027969
0.027983
0.027996
0.028013
0.028026
0.028039
0.028368
0.028597
0.028615
0.028630
0.028643
0.028656
0.028670
0.028683
0.028696
0.028709
0.028722
0.027639
0.027869
0.027887
0.027901
0.027915
0.027928
