1.170485
0.035031
0.035259
0.035275
0.035288
0.035301
0.035318
0.035331
0.035345
0.035359
0.035373
0.035386
0.030379
0.030605
0.030621
0.030634
0.030663
0.030690
0.030717
0.030741
0.030766
0.030791
0.030815
0.029722
0.029951
0.029969
0.029983
0.029997
0.030011
0.030025
0.030038
0.030051
0.030064
0.030077
0.030365
0.030591
0.030609
0.030623
0.030636
0.030649
0.030663
0.030676
0.030689
0.030702
0.030716
0.029729
0.029954
0.029973
0.029987
0.030000
0.030014
0.030027
0.030040
0.030054
0.030067
0.030080
0.029751
0.029964
0.029989
0.030005
0.030018
0.030031
0.030045
0.030058
0.030071
0.030083
0.030097
0.031735
0.031960
0.031977
0.031991
0.032005
0.032019
0.032033
0.032046
0.032060
0.032073
0.032087
0.029790
0.030008
0.030023
0.030036
0.030054
0.030067
0.030080
0.030095
0.030109
0.030122
0.030135
0.031751
0.031976
0.031991
0.032004
0.032017
0.032034
0.032047
0.032061
0.032074
0.032088
0.032102
0.057209
0.057435
0.057466
0.057491
0.057515
0.057549
0.057572
0.057599
0.057623
0.057647
0.057670
0.030456
0.030683
0.030701
0.030715
0.030728
0.030741
0.030755
0.030768
0.030781
0.030794
0.030807
0.029654
0.029879
0.029896
0.029910
0.029924
0.029939
0.029952
0.029965
0.029979
0.029992
0.030005
0.029880
0.030134
0.030155
0.030178
0.030205
0.030221
0.030235
0.030249
0.030262
0.030275
0.030288
0.029924
0.030153
0.030170
0.030184
0.030198
0.030212
0.030225
0.030238
0.030251
0.030264
0.030277
0.029207
0.029418
0.029444
0.029459
0.029473
0.029486
0.029500
0.029514
0.029527
0.029540
0.029553
0.029095
0.029323
0.029341
0.029355
0.029369
0.029382
0.029395
0.029408
0.029424
0.029437
0.029450
0.028843
0.029070
0.029102
0.029126
0.029153
0.029181
0.029206
0.029231
0.029255
0.029280
0.029302
0.028985
0.029198
0.029224
0.029239
0.029252
0.029265
0.029279
0.029292
0.029305
0.029317
0.029330
0.028558
0.028776
0.028803
0.028820
0.028834
0.028847
0.028861
0.028874
0.028887
0.028900
0.028913
0.055197
0.055425
0.055441
0.055455
0.055469
0.055482
0.055495
0.055507
0.055520
0.055533
0.055546
0.032710
0.032941
0.032959
0.032974
0.032987
0.033001
0.033014
0.033027
0.033040
0.033053
0.033067
0.028476
0.028691
0.028720
0.028734
0.028747
0.028760
0.028773
0.028786
0.028799
0.028812
0.028825
0.027954
0.028183
0.028200
0.028214
0.028227
0.028240
0.028253
0.028266
0.028279
0.028292
0.028305
0.029894
0.030116
0.030133
0.030147
0.030160
0.030174
0.030188
0.030202
0.030215
0.030228
0.030240
0.028109
0.028344
0.028362
0.028376
0.028389
0.028405
0.028419
0.028432
0.028445
0.028458
0.028471
0.027880
0.028109
0.028126
0.028141
0.028155
0.028169
0.028182
0.028195
0.028208
0.028221
0.028234
0.027237
0.027453
0.027479
0.027493
0.027507
0.027520
0.027533
0.027546
0.027560
0.027573
0.027585
0.027929
0.028157
0.028175
0.028189
0.028203
0.028216
0.028229
0.028242
0.028255
0.028267
0.028280
0.027643
0.027869
0.027886
0.027900
0.027914
0.027927
0.027940
0.027953
0.027966
0.027984
0.027997
0.058897
0.059130
0.059149
0.059163
0.059177
0.059190
0.059203
0.059216
0.059229
0.059242
0.059255
0.028913
0.029138
0.029156
0.029171
0.029184
0.029197
0.029210
0.029223
0.029241
0.029255
0.029268
0.027545
0.027771
0.027789
0.027803
0.027817
0.027830
0.027843
0.027855
0.027868
0.027881
0.027894
0.028591
0.028815
0.028835
0.028850
0.028864
0.028877
0.028891
0.028905
0.028918
0.028930
0.028944
0.027282
0.027499
0.027525
0.027539
0.027553
0.027566
0.027579
0.027592
0.027608
0.027625
0.027640
0.027009
0.027239
0.027259
0.027277
0.027293
0.027310
0.027326
0.027342
0.027358
0.027374
0.027390
0.026701
0.026930
0.026952
0.026969
