1.774759
0.040329
0.040615
0.040634
0.040650
0.040666
0.040681
0.040696
0.040710
0.040724
0.040738
0.040753
0.023812
0.024064
0.024092
0.024107
0.024122
0.024136
0.024150
0.024163
0.024177
0.024190
0.024204
0.020797
0.021077
0.021097
0.021113
0.021127
0.021141
0.021155
0.021169
0.021183
0.021197
0.021211
0.020286
0.020504
0.020522
0.020536
0.020549
0.020563
0.020576
0.020590
0.020603
0.020617
0.020630
0.020443
0.020664
0.020682
0.020696
0.020710
0.020723
0.020736
0.020749
0.020763
0.020776
0.020790
0.020097
0.020318
0.020335
0.020351
0.020365
0.020378
0.020391
0.020404
0.020417
0.020430
0.020443
0.021482
0.021699
0.021717
0.021731
0.021744
0.021758
0.021773
0.021786
0.021800
0.021813
0.021827
0.020035
0.020231
0.020257
0.020271
0.020284
0.020297
0.020310
0.020323
0.020336
0.020349
0.020362
0.020419
0.020619
0.020636
0.020650
0.020663
0.020676
0.020690
0.020704
0.020717
0.020741
0.020759
0.042611
0.042815
0.042832
0.042846
0.042859
0.042872
0.042885
0.042900
0.042913
0.042926
0.042938
0.020184
0.020394
0.020411
0.020426
0.020440
0.020453
0.020466
0.020479
0.020492
0.020505
0.020518
0.020005
0.020208
0.020225
0.020239
0.020252
0.020267
0.020280
0.020293
0.020306
0.020319
0.020332
0.019666
0.019869
0.019886
0.019900
0.019913
0.019926
0.019939
0.019952
0.019965
0.019978
0.019991
0.019965
0.020166
0.020183
0.020196
0.020209
0.020224
0.020237
0.020250
0.020263
0.020276
0.020289
0.020733
0.020931
0.020948
0.020962
0.020975
0.020988
0.021001
0.021014
0.021027
0.021040
0.021053
0.020435
0.020660
0.020677
0.020697
0.020719
0.020740
0.020756
0.020770
0.020785
0.020799
0.020812
0.020669
0.020879
0.020896
0.020911
0.020924
0.020937
0.020950
0.020963
0.020976
0.020989
0.021002
0.020789
0.020985
0.021010
0.021024
0.021037
0.021051
0.021065
0.021079
0.021091
0.021105
0.021118
0.021029
0.021226
0.021252
0.021268
0.021282
0.021296
0.021309
0.021321
0.021335
0.021348
0.021361
