1.549668
0.030377
0.030608
0.030625
0.030638
0.030653
0.030666
0.030679
0.030693
0.030707
0.030720
0.030733
0.024705
0.024925
0.024942
0.024957
0.024971
0.024989
0.025003
0.025016
0.025030
0.025043
0.025056
0.026292
0.026511
0.026530
0.026558
0.026572
0.026587
0.026600
0.026614
0.026627
0.026640
0.026659
0.024599
0.024847
0.024878
0.024895
0.024911
0.024927
0.024943
0.024958
0.024973
0.024989
0.025004
0.024365
0.024591
0.024612
0.024629
0.024645
0.024661
0.024678
0.024692
0.024705
0.024719
0.024733
0.024584
0.024810
0.024827
0.024842
0.024855
0.024868
0.024882
0.024895
0.024909
0.024921
0.024935
0.024175
0.024407
0.024434
0.024448
0.024462
0.024475
0.024491
0.024510
0.024525
0.024538
0.024551
0.024168
0.024440
0.024461
0.024476
0.024489
0.024512
0.024525
0.024538
0.024551
0.024564
0.024577
0.028218
0.028453
0.028470
0.028485
0.028499
0.028512
0.028526
0.028539
0.028552
0.028565
0.028578
0.054810
0.055041
0.055059
0.055073
0.055087
0.055100
0.055113
0.055129
0.055142
0.055155
0.055168
0.024909
0.025164
0.025184
0.025199
0.025213
0.025226
0.025239
0.025252
0.025265
0.025278
0.025290
0.025034
0.025316
0.025342
0.025362
0.025391
0.025413
0.025432
0.025451
0.025469
0.025488
0.025508
0.024137
0.024363
0.024381
0.024395
0.024408
0.024421
0.024434
0.024447
0.024460
0.024479
0.024509
0.024724
0.024995
0.025013
0.025036
0.025050
0.025064
0.025077
0.025090
0.025112
0.025129
0.025142
0.024126
0.024357
0.024374
0.024389
0.024402
0.024415
0.024428
0.024441
0.024454
0.024467
0.024483
0.025342
0.025565
0.025594
0.025611
0.025628
0.025644
0.025660
0.025675
0.025693
0.025708
0.025724
0.024008
0.024237
0.024256
0.024273
0.024290
0.024305
0.024321
0.024336
0.024352
0.024367
0.024383
0.023954
0.024171
0.024200
0.024216
0.024233
0.024249
0.024265
0.024280
0.024296
0.024313
0.024329
0.023370
0.023593
0.023614
0.023633
0.023650
0.023665
0.023681
0.023697
0.023713
0.023728
0.023743
0.052146
0.052374
0.052392
0.052406
0.052419
0.052432
0.052446
0.052459
0.052472
0.052485
0.052498
0.024089
0.024319
0.024336
0.024350
0.024364
0.024377
0.024390
0.024403
0.024416
0.024429
0.024442
0.023896
0.024109
0.024139
0.024153
0.024166
0.024179
0.024192
0.024205
0.024218
0.024230
0.024243
0.025124
0.025346
0.025363
0.025377
0.025390
0.025403
0.025416
