1.600200
0.030687
0.030903
0.030934
0.030952
0.030971
0.030988
0.031006
0.031023
0.031042
0.031060
0.031077
0.033069
0.033275
0.033295
0.033323
0.033340
0.033359
0.033376
0.033394
0.033413
0.033431
0.033449
0.031991
0.032203
0.032234
0.032253
0.032272
0.032290
0.032308
0.032326
0.032343
0.032361
0.032379
0.031310
0.031540
0.031562
0.031580
0.031598
0.031616
0.031634
0.031651
0.031668
0.031686
0.031703
0.031348
0.031575
0.031606
0.031625
0.031643
0.031661
0.031679
0.031697
0.031714
0.031732
0.031749
0.033093
0.033314
0.033337
0.033357
0.033377
0.033396
0.033415
0.033432
0.033450
0.033468
0.033485
0.031766
0.031981
0.032002
0.032030
0.032048
0.032065
0.032086
0.032105
0.032122
0.032140
0.032157
0.030661
0.030882
0.030913
0.030931
0.030949
0.030967
0.030984
0.031002
0.031019
0.031036
0.031054
0.032050
0.032270
0.032300
0.032319
0.032337
0.032354
0.032372
0.032389
0.032407
0.032424
0.032441
0.059511
0.059744
0.059765
0.059783
0.059801
0.059819
0.059836
0.059856
0.059874
0.059891
0.059908
0.033379
0.033591
0.033623
0.033641
0.033659
0.033677
0.033695
0.033712
0.033729
0.033746
0.033764
0.031435
0.031661
0.031683
0.031701
0.031719
0.031739
0.031757
0.031781
0.031799
0.031817
0.031834
0.031284
0.031491
0.031521
0.031539
0.031557
0.031575
0.031594
0.031611
0.031628
0.031646
0.031663
0.032076
0.032303
0.032334
0.032352
0.032370
0.032390
0.032408
0.032425
0.032442
0.032459
0.032477
0.031519
0.031749
0.031772
0.031790
0.031808
0.031826
0.031843
0.031860
0.031878
0.031895
0.031912
0.033187
0.033408
0.033429
0.033448
0.033466
0.033483
0.033501
0.033520
0.033539
0.033556
0.033574
0.032883
0.033101
0.033122
0.033141
0.033159
0.033176
0.033194
0.033211
0.033228
0.033246
0.033263
0.030669
0.030898
0.030920
0.030938
0.030956
0.030974
0.030991
0.031008
0.031026
0.031044
0.031061
0.030534
0.030760
0.030782
0.030804
0.030821
0.030839
0.030857
0.030874
0.030891
0.030908
0.030925
0.061301
0.061538
0.061559
0.061578
0.061597
0.061615
0.061632
0.061649
0.061666
0.061684
0.061701
0.032152
0.032386
0.032416
0.032435
0.032454
0.032472
0.032489
0.032507
0.032525
0.032543
0.032561
0.030439
0.030654
0.030679
0.030705
0.030724
0.030741
0.030759
0.030776
0.030793
0.030810
0.030828
0.031370
0.031592
0.031614
0.031632
0.031649
0.031667
0.031685
0.031702
0.031720
0.031737
0.031754
0.031998
0.032224
0.032254
0.032273
0.032291
0.032309
0.032326
0.032344
0.032361
0.032379
0.032396
0.031474
0.031690
0.031722
0.031740
0.031759
0.031780
0.031797
0.031815
0.031832
0.031851
0.031869
0.032995
0.033214
0.033236
0.033255
0.033273
0.033291
0.033309
0.033326
0.033350
0.033391
0.033410
0.033142
0.033371
0.033394
0.033412
0.033430
0.033448
0.033465
0.033484
0.033501
0.033519
0.033572
0.031519
0.031743
0.031765
0.031783
0.031801
0.031819
0.031836
0.031854
0.031871
0.031889
0.031906
0.031511
0.031736
0.031767
0.031786
0.031804
0.031821
0.031839
0.031857
0.031875
0.031892
0.031910
0.061414
0.061639
0.061661
0.061679
0.061697
0.061715
0.061732
0.061750
0.061767
0.061784
