1.787617
0.041900
0.042136
0.042157
0.042176
0.042195
0.042212
0.042230
0.042248
0.042266
0.042283
0.042301
0.032377
0.032585
0.032606
0.032633
0.032651
0.032670
0.032688
0.032706
0.032723
0.032741
0.032758
0.031449
0.031667
0.031697
0.031716
0.031735
0.031753
0.031770
0.031788
0.031806
0.031824
0.031842
0.031437
0.031661
0.031684
0.031703
0.031722
0.031740
0.031758
0.031776
0.031794
0.031812
0.031830
0.031589
0.031818
0.031840
0.031867
0.031884
0.031903
0.031920
0.031938
0.031955
0.031972
0.031990
0.031741
0.031979
0.031999
0.032028
0.032046
0.032064
0.032082
0.032099
0.032116
0.032134
0.032151
0.031024
0.031238
0.031269
0.031287
0.031305
0.031322
0.031344
0.031361
0.031379
0.031396
0.031415
0.033621
0.033843
0.033874
0.033892
0.033910
0.033927
0.033945
0.033962
0.033980
0.033997
0.034014
0.031776
0.032008
0.032030
0.032048
0.032067
0.032084
0.032102
0.032119
0.032137
0.032155
0.032173
0.060500
0.060728
0.060758
0.060776
0.060794
0.060811
0.060829
0.060849
0.060867
0.060884
0.060902
0.031257
0.031480
0.031501
0.031519
0.031537
0.031556
0.031574
0.031592
0.031610
0.031627
0.031644
0.032676
0.032897
0.032918
0.032937
0.032955
0.032974
0.032992
0.033010
0.033027
0.033044
0.033061
0.031219
0.031438
0.031468
0.031487
0.031505
0.031523
0.031540
0.031558
0.031575
0.031592
0.031610
0.031057
0.031281
0.031301
0.031329
0.031347
0.031368
0.031386
0.031404
0.031421
0.031439
0.031456
0.031200
0.031419
0.031440
0.031467
0.031485
0.031502
0.031520
0.031538
0.031555
0.031573
0.031590
0.031433
0.031657
0.031679
0.031698
0.031715
0.031733
0.031750
0.031768
0.031788
0.031806
0.031824
0.031340
0.031565
0.031587
0.031605
0.031623
0.031640
0.031658
0.031675
0.031693
0.031710
0.031728
0.031286
0.031520
0.031541
0.031559
0.031578
0.031595
0.031613
0.031631
0.031650
0.031667
0.031684
0.030560
0.030798
0.030819
0.030842
0.030859
0.030877
0.030894
0.030912
0.030929
0.030946
0.030964
0.058932
0.059160
0.059181
0.059199
0.059217
0.059235
0.059253
0.059271
0.059288
0.059305
0.059323
0.032622
0.032849
0.032870
0.032888
0.032906
0.032924
0.032941
0.032959
0.032976
0.032994
0.033011
0.031151
0.031384
0.031410
0.031428
0.031446
0.031464
0.031482
0.031499
0.031517
0.031534
0.031552
0.030691
0.030915
0.030937
0.030956
0.030973
0.030991
0.031008
0.031026
0.031044
0.031062
0.031080
0.030864
0.031089
0.031111
0.031131
0.031148
0.031166
0.031184
0.031202
0.031219
0.031236
0.031254
0.031158
0.031382
0.031404
0.031423
0.031440
0.031461
0.031479
0.031497
0.031514
0.031532
0.031549
0.031222
0.031455
0.031476
0.031495
0.031513
0.031531
0.031548
0.031566
0.031583
0.031601
0.031618
0.031099
0.031326
0.031348
0.031368
0.031386
0.031404
0.031422
0.031440
0.031458
0.031476
0.031494
0.031374
0.031589
0.031610
0.031637
0.031655
0.031673
0.031691
0.031708
0.031726
0.031744
0.031761
0.033281
0.033501
0.033530
0.033550
0.033568
0.033585
0.033603
0.033620
0.033638
0.033656
0.033674
0.058759
0.058980
0.059012
0.059033
0.059051
0.059069
0.059087
0.059105
0.059122
0.059140
0.059158
0.031457
0.031696
0.031718
0.031736
0.031754
0.031773
0.031790
0.031808
0.031826
0.031844
0.031861
0.031773
0.032001
0.032022
0.032041
0.032060
0.032078
0.032095
0.032113
0.032131
0.032148
0.032166
0.030864
0.031083
0.031117
0.031136
0.031154
0.031172
0.031190
0.031208
0.031226
0.031250
0.031268
0.040242
0.040491
0.040520
0.040551
0.040575
0.040591
0.040605
0.040618
0.040638
0.040659
0.040681
0.039733
0.039969
0.039993
0.040024
0.040045
0.040066
0.040087
0.040108
0.040128
0.040148
0.040167
0.032054
0.032284
0.032306
0.032334
0.032352
0.032370
0.032387
0.032405
0.032422
0.032440
0.032457
0.032902
0.033127
0.033149
0.033168
0.033186
0.033204
0.033222
0.033240
0.033258
0.033279
0.033297
0.040461
0.040727
0.040760
0.040785
0.040808
0.040832
0.040857
0.040882
0.040907
0.040931
0.040956
0.041353
0.041584
0.041609
0.041639
0.041660
0.041680
0.041700
0.041720
0.041740
0.041760
0.041780
0.072512
0.072787
0.072820
0.072846
0.072871
0.072895
0.072916
0.072936
0.072957
0.072977
0.072999
0.041492
0.041726
0.041750
0.041772
0.041801
0.041821
0.041841
0.041861
