1.222678
0.038421
0.038655
0.038673
0.038687
0.038701
0.038714
0.038728
0.038741
0.038755
0.038768
0.038781
0.024000
0.024237
0.024268
0.024295
0.024321
0.024346
0.024369
0.024393
0.024417
0.024441
0.024465
0.023659
0.023891
0.023924
0.023948
0.023974
0.023998
0.024022
0.024046
0.024069
0.024093
0.024116
0.023585
0.023820
0.023854
0.023880
0.023904
0.023928
0.023953
0.023978
0.024001
0.024025
0.024048
0.023250
0.023543
0.023563
0.023578
0.023597
0.023613
0.023627
0.023640
0.023656
0.023677
0.023700
0.024046
0.024279
0.024310
0.024337
0.024362
0.024387
0.024411
0.024435
0.024459
0.024483
0.024506
0.023493
0.023725
0.023756
0.023782
0.023807
0.023832
0.023858
0.023882
0.023906
0.023930
0.023953
0.024418
0.024650
0.024682
0.024708
0.024735
0.024759
0.024783
0.024807
0.024831
0.024854
0.024878
0.023661
0.023908
0.023930
0.023960
0.023983
0.024003
0.024021
0.024035
0.024048
0.024066
0.024085
0.054162
0.054391
0.054408
0.054422
0.054435
0.054448
0.054461
0.054476
0.054490
0.054502
0.054515
0.022981
0.023200
0.023217
0.023231
0.023245
0.023259
0.023272
0.023285
0.023298
0.023311
0.023325
0.023720
0.023976
0.024004
0.024018
0.024031
0.024047
0.024060
0.024073
0.024086
0.024099
0.024112
0.023367
0.023592
0.023609
0.023623
0.023636
0.023649
0.023663
0.023676
0.023690
0.023703
0.023715
0.023592
0.023817
0.023834
0.023848
0.023861
0.023876
0.023889
0.023901
0.023914
0.023928
0.023941
0.023163
0.023382
0.023399
0.023413
0.023426
0.023440
0.023453
0.023467
0.023479
0.023492
0.023505
0.024056
0.024288
0.024306
0.024320
0.024333
0.024346
0.024359
0.024372
0.024388
0.024401
0.024414
0.023970
0.024181
0.024207
0.024221
0.024235
0.024251
0.024269
0.024284
0.024299
0.024315
0.024330
0.024199
0.024420
0.024439
0.024455
0.024481
0.024496
0.024512
0.024526
0.024542
0.024557
0.024572
0.023808
0.024032
0.024052
0.024071
0.024087
0.024104
0.024120
0.024135
0.024150
0.024166
0.024182
0.054131
0.054352
0.054370
0.054387
0.054402
0.054417
0.054433
0.054448
0.054463
0.054479
0.054494
0.025104
0.025330
0.025349
0.025365
