1.705826
0.037105
0.037315
0.037346
0.037365
0.037384
0.037402
0.037420
0.037437
0.037456
0.037473
0.037490
0.034023
0.034244
0.034265
0.034283
0.034301
0.034320
0.034338
0.034355
0.034373
0.034391
0.034408
0.035018
0.035236
0.035257
0.035277
0.035296
0.035314
0.035332
0.035350
0.035368
0.035385
0.035403
0.034518
0.034740
0.034761
0.034780
0.034799
0.034817
0.034834
0.034852
0.034869
0.034887
0.034905
0.035115
0.035321
0.035352
0.035370
0.035388
0.035406
0.035423
0.035441
0.035459
0.035476
0.035495
0.035724
0.035944
0.035965
0.035985
0.036005
0.036024
0.036043
0.036062
0.036079
0.036096
0.036114
0.035347
0.035569
0.035590
0.035609
0.035626
0.035644
0.035663
0.035680
0.035698
0.035716
0.035733
0.036334
0.036542
0.036562
0.036589
0.036608
0.036625
0.036644
0.036667
0.036684
0.036702
0.036720
0.036850
0.037063
0.037085
0.037103
0.037121
0.037138
0.037157
0.037174
0.037191
0.037208
0.037225
0.060768
0.060992
0.061013
0.061032
0.061049
0.061067
0.061084
0.061104
0.061121
0.061138
0.061155
0.033888
0.034099
0.034129
0.034148
0.034166
0.034184
0.034202
0.034219
0.034236
0.034253
0.034271
0.033694
0.033914
0.033935
0.033953
0.033971
0.033990
0.034007
0.034024
0.034042
0.034059
0.034076
0.034152
0.034370
0.034401
0.034420
0.034438
0.034456
0.034473
0.034491
0.034508
0.034525
0.034542
0.036734
0.036940
0.036970
0.036988
0.037006
0.037026
0.037043
0.037060
0.037077
0.037094
0.037112
0.036414
0.036629
0.036651
0.036670
0.036688
0.036705
0.036723
0.036740
0.036758
0.036775
0.036793
0.037234
0.037461
0.037482
0.037500
0.037519
0.037536
0.037553
0.037571
0.037592
0.037610
0.037627
0.037079
0.037309
0.037331
0.037349
0.037367
0.037385
0.037403
0.037420
0.037438
0.037455
0.037472
0.039011
0.039235
0.039256
0.039274
0.039292
0.039310
0.039327
0.039346
0.039363
0.039381
0.039400
0.036395
0.036607
0.036628
0.036657
0.036675
0.036692
0.036711
0.036732
0.036752
0.036769
0.036786
0.062268
0.062488
0.062510
0.062529
0.062547
0.062565
0.062583
0.062600
0.062618
0.062636
0.062653
0.032570
0.032776
0.032806
0.032825
0.032843
0.032861
0.032878
0.032896
0.032913
0.032930
0.032947
0.031083
0.031302
0.031327
0.031346
0.031363
0.031381
0.031399
0.031416
0.031434
0.031451
0.031468
0.030995
0.031213
0.031234
0.031252
0.031270
0.031287
0.031305
0.031323
0.031341
0.031359
0.031377
0.031140
0.031362
0.031384
0.031402
0.031420
0.031439
0.031456
0.031474
0.031491
0.031508
0.031526
0.031035
0.031258
0.031279
0.031298
0.031315
0.031336
0.031353
0.031370
0.031388
0.031406
0.031424
0.033590
0.033810
0.033832
0.033852
0.033869
0.033887
0.033905
0.033922
0.033940
0.033958
0.033975
0.036154
0.036369
0.036390
0.036411
0.036431
0.036450
0.036469
0.036486
0.036504
0.036521
0.036540
0.036650
0.036853
0.036883
0.036901
0.036919
0.036937
0.036955
0.036972
0.036989
0.037007
0.037024
0.038627
0.038851
0.038881
0.038900
0.038918
0.038936
0.038953
0.038971
0.038989
0.039007
0.039025
0.067437
0.067652
0.067674
0.067692
0.067710
0.067728
0.067746
0.067763
0.067780
0.067798
0.067815
0.037730
0.037956
0.037977
0.037997
0.038015
0.038033
0.038051
0.038069
0.038087
0.038104
0.038122
0.036091
0.036319
0.036340
0.036359
0.036377
0.036395
0.036413
0.036430
0.036448
0.036465
0.036483
0.035936
0.036161
0.036186
0.036204
0.036222
0.036240
0.036259
0.036281
0.036299
0.036317
0.036335
0.034779
0.035002
0.035023
0.035044
0.035062
0.035080
0.035098
0.035117
0.035134
0.035151
0.035168
0.035721
0.035926
0.035947
0.035964
0.035991
0.036009
0.036031
0.036050
0.036068
0.036086
0.036103
0.037233
0.037440
0.037471
0.037490
0.037508
0.037526
0.037544
0.037561
0.037578
0.037596
0.037614
0.035576
0.035792
0.035814
0.035833
0.035851
0.035870
0.035888
0.035906
0.035923
0.035945
0.035963
0.036045
0.036265
0.036297
0.036317
0.036335
0.036353
0.036371
0.036388
0.036406
0.036423
0.036440
0.036310
0.036535
0.036557
0.036576
0.036595
0.036613
0.036630
0.036648
0.036665
0.036683
0.036701
0.065859
0.066078
0.066100
0.066120
0.066138
0.066156
0.066174
0.066192
0.066209
0.066227
0.066245
0.036882
0.037096
0.037119
0.037138
0.037156
0.037174
0.037192
0.037210
0.037228
0.037246
0.037263
0.035725
0.035937
0.035959
0.035978
0.035995
0.036013
0.036031
0.036048
0.036066
0.036083
0.036100
0.034343
0.034561
0.034583
0.034602
0.034621
0.034639
0.034657
0.034675
0.034693
0.034710
0.034728
0.036078
0.036296
0.036317
0.036336
0.036354
0.036372
0.036389
0.036407
0.036424
0.036442
0.036459
0.033939
0.034158
0.034180
0.034199
0.034217
0.034235
0.034254
0.034271
0.034290
0.034307
0.034325
0.034398
0.034605
0.034634
0.034657
0.034676
0.034693
0.034711
0.034729
0.034747
0.034764
0.034782
0.035859
0.036092
0.036114
0.036133
0.036150
0.036168
0.036186
0.036204
0.036221
0.036238
0.036256
0.034413
0.034638
0.034661
0.034680
0.034698
0.034715
0.034733
0.034750
0.034768
0.034788
0.034806
0.034322
0.034531
0.034552
0.034579
0.034598
0.034616
0.034633
0.034651
0.034668
0.034686
0.034703
0.061562
0.061785
0.061806
0.061824
0.061842
0.061859
0.061877
0.061893
0.061911
0.061928
0.061947
0.034968
0.035189
0.035211
0.035229
0.035248
0.035265
0.035283
0.035306
0.035323
0.035341
0.035358
0.034581
0.034799
0.034820
0.034839
0.034857
0.034874
0.034893
0.034910
0.034931
0.034949
0.034966
0.035872
0.036090
0.036112
0.036131
0.036150
0.036167
0.036185
0.036207
0.036226
0.036244
0.036262
0.035411
0.035635
0.035656
0.035674
0.035692
0.035710
0.035728
0.035746
0.035764
0.035782
0.035799
0.033977
0.034200
0.034221
0.034249
0.034272
0.034290
0.034308
0.034326
0.034344
0.034361
0.034379
0.034202
0.034421
0.034442
0.034461
0.034478
0.034496
0.034514
0.034532
0.034549
0.034567
0.034585
0.035910
0.036134
0.036156
0.036175
0.036193
0.036211
0.036228
0.036246
0.036263
0.036280
0.036297
0.035874
0.036088
0.036109
0.036127
0.036146
0.036164
0.036182
0.036200
0.036218
0.036235
0.036253
0.033795
0.034019
0.034041
0.034059
0.034077
0.034095
0.034113
0.034130
0.034148
0.034165
0.034182
0.061299
0.061507
0.061537
0.061555
0.061574
0.061592
0.061609
0.061626
0.061644
0.061661
0.061679
0.034459
0.034682
0.034704
0.034722
0.034740
0.034759
0.034776
0.034793
0.034811
0.034828
0.034846
0.033716
0.033933
0.033954
0.033973
0.033996
0.034015
0.034033
0.034050
0.034071
0.034089
0.034106
0.033361
0.033568
0.033589
0.033616
0.033635
0.033653
0.033670
0.033687
0.033705
0.033723
0.033740
0.033134
0.033347
0.033378
0.033396
0.033414
0.033432
0.033450
0.033467
0.033485
0.033502
0.033520
0.033027
0.033241
0.033272
0.033290
0.033309
0.033326
0.033344
0.033362
0.033380
0.033397
0.033415
0.033741
0.033962
0.033984
0.034002
