1.509672
0.032296
0.032510
0.032530
0.032546
0.032564
0.032580
0.032597
0.032613
0.032629
0.032645
0.032661
0.038027
0.038263
0.038287
0.038316
0.038336
0.038357
0.038378
0.038399
0.038419
0.038440
0.038459
0.035657
0.035873
0.035895
0.035924
0.035942
0.035961
0.035980
0.035998
0.036016
0.036036
0.036057
0.034317
0.034568
0.034590
0.034609
0.034627
0.034644
0.034662
0.034680
0.034697
0.034715
0.034732
0.032546
0.032774
0.032796
0.032815
0.032834
0.032852
0.032869
0.032887
0.032905
0.032922
0.032940
0.032807
0.033117
0.033151
0.033173
0.033193
0.033211
0.033231
0.033249
0.033268
0.033286
0.033305
0.032747
0.032972
0.032995
0.033015
0.033032
0.033051
0.033072
0.033089
0.033107
0.033124
0.033142
0.033607
0.033864
0.033890
0.033913
0.033934
0.033956
0.033978
0.033999
0.034021
0.034043
0.034070
0.032837
0.033036
0.033061
0.033084
0.033109
0.033133
0.033158
0.033181
0.033206
0.033230
0.033253
0.056228
0.056440
0.056470
0.056498
0.056521
0.056546
0.056570
0.056596
0.056620
0.056644
0.056668
0.041151
0.041419
0.041446
0.041485
0.041513
0.041538
0.041562
0.041587
0.041610
0.041633
0.041659
0.039058
0.039289
0.039313
0.039334
0.039363
0.039384
0.039404
0.039423
0.039443
0.039462
0.039482
0.030281
0.030500
0.030524
0.030547
0.030571
0.030595
0.030619
0.030643
0.030667
0.030691
0.030714
0.026207
0.026417
0.026445
0.026469
0.026493
0.026519
0.026542
0.026566
0.026589
0.026613
0.026636
0.029893
0.030155
0.030184
0.030207
0.030228
0.030250
0.030271
0.030289
0.030310
0.030333
0.030354
0.031961
0.032190
0.032211
0.032229
0.032247
0.032264
0.032282
0.032299
0.032319
0.032336
0.032354
0.036492
0.036734
0.036756
0.036773
0.036791
0.036808
0.036825
0.036842
0.036860
0.036877
0.036894
0.034470
0.034697
0.034719
0.034737
0.034755
0.034772
0.034789
0.034807
0.034824
0.034841
0.034859
0.027150
0.027370
0.027390
0.027410
0.027426
0.027442
0.027458
0.027473
0.027489
0.027504
0.027520
0.056903
0.057119
0.057140
0.057156
0.057172
0.057188
0.057204
0.057220
0.057236
0.057253
0.057269
0.028324
0.028542
0.028561
0.028579
0.028595
0.028610
0.028626
0.028641
0.028656
0.028671
0.028686
0.026926
0.027189
0.027240
0.027267
0.027290
0.027313
0.027337
0.027360
0.027382
0.027405
0.027429
0.028585
0.028869
0.028902
0.028929
0.028954
0.028978
0.028999
0.029019
0.029039
0.029058
0.029078
0.040257
0.040487
0.040510
0.040541
0.040563
0.040583
0.040603
0.040623
0.040642
0.040661
0.040681
0.031616
0.031809
0.031826
0.031841
0.031855
0.031871
0.031884
0.031898
0.031911
0.031924
0.031937
0.026853
0.027056
0.027073
0.027087
0.027101
0.027114
0.027128
0.027143
0.027159
0.027174
0.027189
0.034405
0.034645
0.034667
0.034686
0.034703
0.034721
0.034739
0.034761
0.034778
0.034796
0.034814
0.032755
0.033011
0.033037
0.033060
0.033081
0.033103
0.033125
0.033147
0.033173
0.033194
0.033214
0.032738
0.032974
0.032996
0.033015
0.033033
0.033051
0.033069
0.033087
0.033105
0.033123
0.033140
0.060437
0.060662
0.060683
0.060702
0.060720
0.060738
0.060756
0.060774
0.060791
0.060809
0.060827
0.032759
0.032974
0.033005
0.033024
0.033042
0.033060
0.033078
0.033097
0.033115
0.033134
0.033152
0.041800
0.042033
0.042056
0.042085
0.042107
0.042128
0.042148
0.042169
0.042188
0.042207
0.042227
0.038088
0.038310
0.038332
0.038346
0.038360
0.038374
0.038388
0.038402
0.038416
0.038429
0.038442
0.033553
0.033825
0.033854
0.033884
0.033902
0.033921
0.033939
0.033959
0.033978
0.033996
0.034014
