1.788855
0.031092
0.031370
0.031389
0.031404
0.031419
0.031433
0.031449
0.031468
0.031487
0.031504
0.031520
0.026606
0.026859
0.026880
0.026896
0.026912
0.026931
0.026948
0.026963
0.026978
0.026994
0.027011
0.025219
0.025448
0.025464
0.025478
0.025496
0.025510
0.025524
0.025537
0.025551
0.025565
0.025578
0.024726
0.024950
0.024969
0.024983
0.024997
0.025011
0.025024
0.025037
0.025051
0.025064
0.025077
0.026530
0.026757
0.026776
0.026791
0.026805
0.026818
0.026832
0.026845
0.026859
0.026872
0.026886
0.025857
0.026077
0.026094
0.026110
0.026124
0.026137
0.026150
0.026163
0.026175
0.026188
0.026201
0.025466
0.025688
0.025705
0.025718
0.025732
0.025744
0.025760
0.025773
0.025786
0.025799
0.025812
0.026367
0.026592
0.026609
0.026623
0.026637
0.026649
0.026663
0.026676
0.026689
0.026702
0.026714
0.026846
0.027070
0.027087
0.027102
0.027115
0.027128
0.027141
0.027153
0.027166
0.027179
0.027192
0.054250
0.054472
0.054489
0.054503
0.054516
0.054529
0.054542
0.054558
0.054571
0.054583
0.054596
0.034303
0.034562
0.034582
0.034600
0.034618
0.034636
0.034654
0.034672
0.034689
0.034707
0.034724
0.029302
0.029568
0.029603
0.029624
0.029638
0.029654
0.029673
0.029693
0.029715
0.029729
0.029742
0.026110
0.026337
0.026355
0.026369
0.026383
0.026396
0.026409
0.026422
0.026435
0.026448
0.026460
0.026741
0.026964
0.026981
0.026994
0.027007
0.027024
0.027036
0.027050
0.027062
0.027076
0.027089
0.025826
0.026068
0.026098
0.026125
0.026152
0.026177
0.026200
0.026225
0.026248
0.026273
0.026296
0.024833
0.025070
0.025099
0.025126
0.025151
0.025175
0.025199
0.025223
0.025249
0.025273
0.025296
0.024583
0.024798
0.024823
0.024857
0.024880
0.024905
0.024930
0.024953
0.024977
0.025001
0.025024
0.025883
0.026122
0.026155
0.026179
0.026204
0.026228
0.026252
0.026276
0.026300
0.026323
0.026347
0.025608
0.025844
0.025874
0.025906
0.025931
0.025956
0.025980
0.026004
0.026028
0.026051
0.026075
0.052589
0.052823
0.052855
0.052881
0.052906
0.052932
0.052957
0.052981
0.053005
0.053029
0.053053
0.025148
0.025389
0.025422
0.025447
0.025472
0.025496
0.025520
0.025543
0.025567
0.025590
0.025614
0.025126
0.025364
0.025400
0.025424
0.025449
0.025472
0.025496
0.025520
0.025543
0.025567
0.025589
0.024859
0.025102
0.025134
0.025159
0.025185
0.025209
0.025233
0.025257
0.025281
0.025305
0.025329
0.024762
0.025005
0.025035
0.025062
0.025086
0.025111
0.025135
0.025159
0.025183
0.025207
0.025231
0.024440
0.024678
0.024708
0.024736
0.024761
0.024788
0.024813
0.024837
0.024861
0.024885
0.024909
0.024340
0.024575
0.024607
0.024634
0.024659
0.024683
0.024708
0.024732
0.024756
0.024779
0.024803
0.026950
0.027167
0.027202
0.027229
0.027253
0.027277
0.027301
0.027325
0.027349
0.027373
0.027398
0.028746
0.028979
0.029009
