1.338055
0.028389
0.028601
0.028630
0.028656
0.028684
0.028711
0.028738
0.028756
0.028772
0.028787
0.028802
0.025667
0.025881
0.025901
0.025917
0.025933
0.025949
0.025965
0.025980
0.025995
0.026010
0.026035
0.033226
0.033460
0.033493
0.033514
0.033535
0.033556
0.033577
0.033597
0.033618
0.033638
0.033659
0.033841
0.034053
0.034074
0.034101
0.034119
0.034136
0.034154
0.034171
0.034189
0.034206
0.034224
0.034850
0.035115
0.035147
0.035172
0.035203
0.035223
0.035241
0.035270
0.035294
0.035316
0.035338
0.041215
0.041506
0.041537
0.041559
0.041580
0.041600
0.041629
0.041649
0.041668
0.041688
0.041709
0.033011
0.033244
0.033279
0.033300
0.033320
0.033340
0.033362
0.033382
0.033402
0.033422
0.033442
0.032021
0.032250
0.032272
0.032291
0.032310
0.032327
0.032345
0.032363
0.032381
0.032398
0.032416
0.033017
0.033242
0.033264
0.033283
0.033301
0.033319
0.033336
0.033354
0.033378
0.033396
0.033413
0.075602
0.075871
0.075897
0.075926
0.075946
0.075966
0.075988
0.076018
0.076041
0.076063
0.076086
0.026719
0.026944
0.026976
0.027001
0.027026
0.027050
0.027074
0.027097
0.027121
0.027146
0.027169
0.038159
0.038401
0.038426
0.038448
0.038469
0.038492
0.038513
0.038533
0.038554
0.038576
0.038597
0.024533
0.024749
0.024767
0.024785
0.024802
0.024820
0.024836
0.024851
0.024867
0.024881
0.024896
0.026717
0.026944
0.026964
0.026980
0.026994
0.027012
0.027026
0.027041
0.027056
0.027072
0.027088
0.041216
0.041458
0.041482
0.041503
0.041523
0.041543
0.041564
0.041584
0.041605
0.041626
0.041646
0.035782
0.036002
0.036025
0.036044
0.036062
0.036079
0.036097
0.036114
0.036134
0.036152
0.036170
0.033233
0.033449
0.033480
0.033498
0.033515
0.033533
0.033552
0.033570
0.033587
0.033604
0.033622
0.032625
0.032860
0.032890
0.032908
0.032926
0.032943
0.032961
0.032978
0.032995
0.033013
0.033030
0.032420
0.032642
0.032662
0.032693
0.032711
0.032729
0.032748
0.032765
0.032782
0.032800
0.032817
0.061961
0.062183
0.062213
0.062232
0.062250
0.062267
0.062285
0.062302
0.062319
0.062337
0.062354
0.032933
0.033155
0.033178
0.033196
0.033224
0.033241
0.033259
0.033276
0.033293
0.033311
0.033328
0.034375
0.034594
0.034628
0.034647
0.034665
0.034682
0.034699
0.034717
0.034734
0.034751
0.034769
0.034034
0.034252
0.034274
0.034292
0.034309
0.034331
0.034350
0.034367
0.034385
0.034402
0.034420
0.032690
0.032918
0.032940
0.032958
0.032976
0.032994
0.033012
0.033031
0.033050
0.033069
0.033086
0.049432
0.049667
0.049701
0.049723
0.049744
0.049769
0.049788
0.049808
0.049827
0.049846
0.049865
0.028844
0.029056
0.029088
0.029113
0.029139
0.029163
0.029188
0.029212
0.029241
0.029266
0.029290
0.040133
0.040365
0.040388
0.040417
0.040438
0.040458
0.040479
0.040499
0.040520
0.040540
0.040561
0.033916
0.034126
0.034148
0.034166
0.034193
0.034212
0.034229
0.034247
0.034265
0.034282
0.034300
0.032462
0.032685
0.032707
0.032727
0.032745
0.032762
0.032780
0.032798
0.032815
0.032834
0.032853
0.075083
0.075349
0.075382
0.075408
0.075433
0.075456
0.075479
0.075501
0.075525
0.075549
0.075574
0.033948
0.034173
0.034203
0.034222
0.034241
0.034259
0.034276
0.034294
0.034314
0.034332
0.034349
0.025685
0.025899
0.025919
0.025936
0.025953
0.025969
0.025985
0.026001
0.026016
0.026031
0.026047
0.025779
0.025985
0.026010
0.026026
0.026043
0.026059
0.026076
0.026091
0.026107
0.026123
0.026139
0.026542
0.026733
0.026762
0.026778
0.026797
0.026814
0.026830
0.026861
0.026876
0.026893
0.026908
0.034047
0.034280
0.034302
0.034324
0.034342
0.034361
0.034379
0.034397
0.034415
0.034433
0.034450
0.035180
0.035425
0.035446
0.035473
0.035492
0.035510
0.035527
0.035549
0.035567
0.035585
0.035602
0.034576
0.034789
0.034812
0.034831
0.034850
0.034869
0.034887
0.034905
0.034923
0.034944
0.034962
0.034199
0.034417
0.034439
0.034458
0.034476
0.034494
0.034512
0.034529
0.034546
0.034564
0.034581
0.032505
0.032740
0.032762
0.032781
0.032799
0.032817
0.032835
0.032853
0.032871
0.032888
0.032905
0.064906
0.065128
0.065150
0.065170
0.065188
0.065207
0.065225
0.065244
0.065262
0.065280
0.065298
0.033663
0.033900
0.033922
0.033941
0.033959
0.033976
0.033994
0.034012
0.034030
0.034048
0.034065
0.034135
0.034353
0.034384
0.034403
0.034421
0.034439
0.034456
0.034474
0.034492
0.034509
0.034526
0.032503
0.032734
0.032756
0.032775
0.032793
0.032811
0.032828
0.032845
0.032863
0.032880
0.032897
0.032564
0.032790
0.032812
0.032830
0.032849
0.032866
0.032884
