1.754612
0.033352
0.033640
0.033659
0.033675
0.033690
0.033705
0.033719
0.033733
0.033748
0.033763
0.033777
0.030843
0.031125
0.031147
0.031165
0.031194
0.031213
0.031231
0.031249
0.031267
0.031285
0.031303
0.030630
0.030879
0.030910
0.030930
0.030949
0.030967
0.030986
0.031004
0.031022
0.031040
0.031058
0.028336
0.028584
0.028605
0.028632
0.028650
0.028667
0.028685
0.028702
0.028720
0.028737
0.028755
0.029724
0.029937
0.029954
0.029968
0.029982
0.029995
0.030008
0.030021
0.030034
0.030047
0.030061
0.028324
0.028565
0.028595
0.028615
0.028632
0.028650
0.028669
0.028686
0.028703
0.028721
0.028738
0.025830
0.026045
0.026062
0.026076
0.026090
0.026103
0.026118
0.026131
0.026144
0.026157
0.026170
0.021522
0.021742
0.021759
0.021774
0.021787
0.021800
0.021813
0.021827
0.021839
0.021852
0.021865
0.021910
0.022112
0.022138
0.022152
0.022166
0.022179
0.022192
0.022204
0.022218
0.022230
0.022243
0.051891
0.052132
0.052153
0.052179
0.052197
0.052214
0.052233
0.052253
0.052271
0.052289
0.052307
0.028968
0.029219
0.029240
0.029259
0.029277
0.029294
0.029312
0.029330
0.029348
0.029366
0.029383
0.030192
0.030409
0.030426
0.030441
0.030454
0.030470
0.030496
0.030514
0.030527
0.030540
0.030554
0.028960
0.029205
0.029225
0.029253
0.029270
0.029288
0.029306
0.029324
0.029341
0.029359
0.029376
0.028802
0.029021
0.029038
0.029052
0.029065
0.029081
0.029094
0.029107
0.029120
0.029133
0.029145
0.022922
0.023136
0.023153
0.023167
0.023181
0.023194
0.023207
0.023220
0.023233
0.023246
0.023259
0.024318
0.024535
0.024552
0.024565
0.024579
0.024592
0.024605
0.024617
0.024633
0.024645
0.024658
0.025646
0.025869
0.025891
0.025908
0.025924
0.025940
0.025956
0.025971
0.025987
0.026002
0.026017
0.023970
0.024208
0.024228
0.024244
0.024260
0.024276
0.024291
0.024307
0.024322
0.024338
0.024353
0.024124
