1.574701
0.038666
0.038927
0.038957
0.038972
0.038986
0.039000
0.039014
0.039029
0.039044
0.039059
0.039076
0.029131
0.029402
0.029424
0.029452
0.029470
0.029490
0.029508
0.029526
0.029544
0.029562
0.029580
0.028360
0.028620
0.028640
0.028660
0.028679
0.028698
0.028716
0.028738
0.028756
0.028774
0.028793
0.025680
0.025898
0.025926
0.025941
0.025955
0.025968
0.025982
0.025995
0.026009
0.026022
0.026036
0.020812
0.021025
0.021052
0.021067
0.021081
0.021095
0.021108
0.021122
0.021135
0.021148
0.021162
0.022260
0.022488
0.022506
0.022522
0.022536
0.022550
0.022563
0.022577
0.022590
0.022603
0.022615
0.020809
0.021042
0.021069
0.021096
0.021115
0.021129
0.021145
0.021159
0.021172
0.021186
0.021199
0.020690
0.020907
0.020924
0.020937
0.020951
0.020964
0.020977
0.020990
0.021003
0.021015
0.021028
0.021995
0.022223
0.022240
0.022254
0.022267
0.022280
0.022294
0.022306
0.022319
0.022333
0.022347
0.042591
0.042813
0.042829
0.042843
0.042856
0.042870
0.042882
0.042898
0.042911
0.042924
0.042937
0.021086
0.021293
0.021319
0.021333
0.021347
0.021360
0.021374
0.021387
0.021400
0.021414
0.021426
0.020799
0.021017
0.021035
0.021049
0.021062
0.021078
0.021091
0.021103
0.021116
0.021130
0.021142
0.020962
0.021181
0.021198
0.021212
0.021225
0.021238
0.021252
0.021266
0.021279
0.021291
0.021304
0.021406
0.021636
0.021654
0.021668
0.021682
0.021698
0.021711
0.021724
0.021737
0.021750
0.021763
0.021963
0.022177
0.022192
0.022216
0.022230
0.022244
0.022256
0.022269
0.022282
0.022295
0.022308
0.021314
0.021525
0.021551
0.021565
0.021578
0.021591
0.021612
0.021629
0.021644
0.021657
0.021669
0.022690
0.022923
0.022942
0.022956
0.022969
0.022983
0.022995
0.023008
0.023021
0.023034
0.023047
0.021312
0.021549
0.021567
0.021581
0.021595
0.021608
0.021621
0.021635
0.021647
0.021661
0.021674
0.022746
0.022965
0.022981
0.022998
0.023012
0.023025
0.023038
0.023051
0.023063
0.023076
0.023089
0.043723
0.043939
0.043956
0.043970
0.043983
0.043996
0.044008
0.044022
0.044035
0.044048
0.044061
0.021076
0.021296
0.021312
0.021327
0.021348
0.021380
0.021410
0.021428
0.021442
0.021455
0.021468
0.021259
0.021472
0.021492
0.021506
0.021519
0.021532
0.021545
0.021558
0.021571
0.021583
0.021596
0.020903
0.021115
0.021132
0.021146
0.021160
0.021173
0.021186
0.021199
0.021212
0.021225
0.021239
0.021021
0.021234
0.021251
0.021266
0.021280
0.021294
0.021307
0.021321
0.021333
0.021347
0.021359
0.021109
0.021330
0.021349
0.021363
0.021377
0.021393
0.021407
0.021420
0.021433
0.021446
0.021459
0.020942
0.021155
0.021173
0.021188
0.021201
0.021214
0.021228
0.021241
0.021254
0.021267
0.021280
0.021050
0.021264
0.021281
0.021296
0.021310
0.021323
0.021337
0.021349
0.021363
0.021375
0.021389
0.021872
0.022093
0.022110
0.022125
0.022138
0.022152
0.022165
0.022178
0.022191
0.022204
0.022217
0.021624
0.021876
0.021894
0.021909
0.021923
0.021936
0.021950
0.021963
0.021976
0.021989
0.022002
0.045035
0.045245
0.045271
0.045286
0.045299
0.045313
0.045326
0.045339
0.045352
0.045365
0.045377
0.021435
0.021647
0.021664
0.021677
0.021700
0.021713
0.021727
0.021739
0.021752
0.021766
0.021780
0.022098
0.022316
0.022334
0.022348
0.022361
0.022375
0.022388
0.022401
0.022414
0.022428
0.022441
0.021239
0.021457
0.021478
0.021492
0.021506
0.021519
0.021532
