1.774782
0.038487
0.038759
0.038779
0.038795
0.038810
0.038824
0.038839
0.038853
0.038868
0.038882
0.038896
0.031802
0.032047
0.032066
0.032081
0.032095
0.032109
0.032123
0.032136
0.032150
0.032163
0.032177
0.030062
0.030305
0.030339
0.030365
0.030389
0.030414
0.030439
0.030463
0.030488
0.030512
0.030535
0.030323
0.030568
0.030599
0.030627
0.030654
0.030679
0.030703
0.030727
0.030751
0.030775
0.030799
0.029856
0.030096
0.030126
0.030154
0.030179
0.030205
0.030230
0.030254
0.030278
0.030301
0.030325
0.027972
0.028200
0.028237
0.028266
0.028290
0.028315
0.028338
0.028363
0.028385
0.028409
0.028430
0.028408
0.028642
0.028672
0.028696
0.028722
0.028745
0.028772
0.028796
0.028820
0.028844
0.028868
0.028624
0.028857
0.028878
0.028895
0.028910
0.028926
0.028944
0.028960
0.028975
0.028991
0.029006
0.027647
0.027879
0.027899
0.027915
0.027931
0.027947
0.027968
0.027988
0.028005
0.028021
0.028037
0.052520
0.052751
0.052771
0.052788
0.052803
0.052819
0.052836
0.052854
0.052869
0.052884
0.052900
0.029091
0.029313
0.029342
0.029359
0.029375
0.029391
0.029407
0.029422
0.029438
0.029454
0.029469
0.028125
0.028347
0.028375
0.028391
0.028407
0.028425
0.028441
0.028456
0.028473
0.028486
0.028500
0.027772
0.027991
0.028018
0.028033
0.028046
0.028060
0.028077
0.028092
0.028109
0.028124
0.028140
0.027545
0.027775
0.027795
0.027811
0.027828
0.027845
0.027860
0.027875
0.027891
0.027906
0.027921
0.027040
0.027260
0.027289
0.027307
0.027323
0.027339
0.027354
0.027370
0.027385
0.027400
0.027416
0.028520
0.028737
0.028764
0.028778
0.028791
0.028804
0.028817
0.028830
0.028844
0.028857
0.028870
0.028155
0.028397
0.028427
0.028454
0.028480
0.028505
0.028529
0.028553
0.028578
0.028601
0.028625
0.027700
0.027925
0.027941
0.027955
0.027968
0.027981
0.027995
0.028008
0.028021
0.028035
0.028048
0.027330
0.027545
0.027572
0.027589
0.027602
0.027615
0.027628
0.027641
0.027654
0.027667
0.027680
0.053951
0.054181
0.054199
0.054212
0.054225
0.054238
0.054252
0.054265
0.054278
0.054291
0.054304
0.028324
0.028553
0.028570
0.028584
0.028597
0.028610
0.028623
0.028636
0.028649
0.028663
0.028676
0.028026
0.028267
0.028300
0.028326
0.028350
0.028374
0.028397
0.028421
0.028444
0.028468
0.028491
0.027811
0.028053
0.028084
0.028112
0.028137
0.028163
0.028187
0.028211
0.028235
0.028259
0.028282
0.035644
0.035908
0.035931
0.035949
0.035967
0.035990
0.036008
0.036025
0.036042
0.036060
0.036077
0.030754
0.030999
0.031039
0.031064
0.031089
0.031115
0.031140
0.031164
0.031188
0.031212
0.031236
0.027900
0.028133
0.028161
0.028187
0.028213
0.028237
0.028262
0.028286
0.028310
0.028334
0.028359
0.027364
0.027604
0.027634
0.027662
0.027689
0.027714
0.027738
0.027763
0.027787
0.027812
0.027837
0.028795
0.029034
0.029064
0.029092
0.029119
0.029145
0.029171
0.029195
0.029219
0.029243
0.029266
0.028701
0.028948
0.028979
0.029006
0.029034
0.029060
0.029085
0.029109
0.029134
0.029159
0.029182
0.054183
0.054408
0.054446
0.054472
0.054498
0.054523
0.054547
0.054571
0.054595
0.054619
0.054643
0.029694
0.029912
0.029938
0.029952
0.029965
0.029979
0.029992
0.030005
0.030019
0.030031
0.030044
0.028432
0.028660
0.028677
0.028692
0.028706
0.028719
0.028732
0.028745
0.028757
0.028770
0.028783
0.028313
0.028542
0.028562
0.028577
0.028590
0.028604
0.028618
0.028631
0.028644
0.028657
0.028670
0.028601
0.028830
0.028848
0.028862
0.028876
0.028889
0.028902
0.028915
0.028928
0.028941
0.028954
0.030213
0.030442
0.030460
0.030474
0.030487
0.030501
0.030515
0.030528
0.030541
0.030554
0.030567
0.028437
0.028666
0.028683
0.028697
0.028710
0.028724
0.028736
0.028749
0.028763
0.028775
0.028788
0.028646
0.028876
0.028893
0.028907
0.028921
0.028935
0.028948
0.028962
0.028975
0.028991
0.029004
0.028419
0.028634
0.028650
0.028674
0.028688
0.028701
0.028714
0.028727
0.028740
0.028753
0.028766
0.028398
0.028616
0.028643
0.028658
0.028672
0.028686
0.028699
0.028713
0.028726
0.028738
0.028751
0.055647
0.055872
0.055890
0.055904
0.055918
0.055932
0.055944
0.055958
0.055971
0.055984
0.055997
0.029796
0.030022
0.030041
0.030056
0.030069
0.030083
0.030097
0.030110
0.030123
