1.571158
0.042362
0.042601
0.042632
0.042663
0.042689
0.042713
0.042737
0.042761
0.042786
0.042810
0.042834
0.028186
0.028401
0.028421
0.028436
0.028453
0.028469
0.028484
0.028499
0.028515
0.028530
0.028544
0.024889
0.025076
0.025105
0.025124
0.025140
0.025156
0.025172
0.025188
0.025204
0.025221
0.025236
0.026694
0.026941
0.026967
0.026990
0.027017
0.027042
0.027067
0.027092
0.027116
0.027141
0.027166
0.027662
0.027865
0.027886
0.027903
0.027920
0.027936
0.027952
0.027968
0.027983
0.027999
0.028015
0.028805
0.029011
0.029030
0.029048
0.029064
0.029080
0.029096
0.029111
0.029127
0.029142
0.029158
0.029604
0.029816
0.029835
0.029851
0.029868
0.029884
0.029902
0.029918
0.029934
0.029949
0.029964
0.027396
0.027586
0.027615
0.027631
0.027646
0.027663
0.027678
0.027694
0.027710
0.027726
0.027741
0.029058
0.029310
0.029337
0.029359
0.029380
0.029401
0.029422
0.029443
0.029465
0.029486
0.029507
0.056925
0.057145
0.057176
0.057392
0.057422
0.057449
0.057476
0.057505
0.057532
0.057557
0.057588
0.027274
0.027469
0.027487
0.027513
0.027529
0.027545
0.027562
0.027578
0.027594
0.027609
0.027626
0.026227
0.026435
0.026455
0.026471
0.026487
0.026505
0.026520
0.026535
0.026551
0.026566
0.026581
0.024904
0.025113
0.025143
0.025167
0.025192
0.025217
0.025241
0.025266
0.025291
0.025316
0.025340
0.032831
0.033051
0.033075
0.033095
0.033114
0.033136
0.033153
0.033171
0.033188
0.033205
0.033222
0.026397
0.026598
0.026626
0.026651
0.026676
0.026700
0.026725
0.026749
0.026773
0.026797
0.026820
0.026361
0.026554
0.026583
0.026607
0.026624
0.026641
0.026657
0.026672
0.026690
0.026705
0.026720
0.024827
0.025016
0.025036
0.025062
0.025079
0.025094
0.025110
0.025126
0.025142
0.025156
0.025172
0.035801
0.036011
0.036032
0.036059
0.036077
0.036101
0.036119
0.036137
0.036155
0.036173
0.036191
0.031307
0.031542
0.031574
0.031597
0.031615
0.031634
0.031653
0.031671
0.031689
0.031708
0.031726
0.060733
0.060962
0.060983
0.061003
0.061021
0.061040
0.061058
0.061077
0.061096
0.061115
0.061133
0.039820
0.040043
0.040064
0.040083
0.040100
0.040118
0.040135
0.040152
0.040170
0.040187
0.040204
0.032676
0.032892
0.032917
0.032945
0.032962
0.032980
0.032998
0.033015
0.033033
0.033052
0.033072
0.031835
0.032062
0.032096
0.032116
0.032134
0.032151
0.032168
0.032186
0.032204
0.032221
0.032239
0.032488
0.032723
0.032745
0.032763
0.032781
0.032799
0.032817
0.032834
0.032852
0.032869
0.032887
0.031997
0.032217
0.032248
0.032267
0.032286
0.032307
0.032331
0.032350
0.032368
0.032386
0.032404
0.037103
0.037327
0.037357
0.037390
0.037408
0.037427
0.037444
0.037462
0.037479
0.037498
0.037515
0.034966
0.035194
0.035216
0.035235
0.035253
0.035271
0.035288
0.035310
0.035327
0.035344
0.035362
0.033959
0.034194
0.034215
0.034234
0.034252
0.034270
0.034288
0.034305
0.034323
0.034340
0.034358
0.033560
0.033778
0.033808
0.033827
0.033844
0.033862
0.033880
0.033898
0.033915
0.033933
0.033951
0.059924
0.060149
0.060171
0.060189
0.060207
0.060225
0.060242
0.060260
0.060277
0.060295
0.060312
0.033157
0.033385
0.033407
0.033435
0.033453
0.033483
0.033506
0.033530
0.033552
0.033574
0.033596
0.032225
0.032468
0.032494
0.032520
0.032544
0.032568
0.032592
0.032617
0.032640
0.032664
0.032689
0.032659
0.032885
0.032911
0.032930
0.032948
0.032968
0.032986
0.033005
0.033024
0.033043
0.033061
0.033948
0.034162
0.034183
0.034211
0.034230
0.034249
0.034267
0.034285
0.034303
0.034321
0.034340
0.032669
0.032896
0.032917
0.032936
0.032954
0.032972
0.032990
0.033008
0.033026
0.033043
0.033060
0.032158
0.032387
0.032408
0.032427
0.032445
0.032462
0.032481
0.032499
0.032516
0.032534
0.032551
0.031931
0.032163
0.032185
0.032204
0.032222
0.032240
0.032259
0.032276
0.032293
0.032316
0.032333
0.031555
0.031803
0.031830
0.031852
0.031874
0.031896
0.031917
0.031939
0.031961
0.031982
0.032004
0.036895
0.037113
0.037146
0.037165
0.037184
0.037203
0.037221
0.037239
0.037258
0.037276
0.037294
0.064369
0.064608
0.064630
0.064651
0.064670
0.064688
0.064706
0.064724
0.064742
0.064760
0.064777
0.038570
0.038789
0.038810
0.038830
0.038848
0.038867
0.038885
0.038903
0.038921
0.038939
0.038957
0.048427
0.048702
0.048737
0.048766
0.048793
0.048821
0.048848
0.048875
0.048901
0.048928
0.048955
0.032817
0.033040
0.033063
0.033082
0.033101
0.033119
0.033137
0.033154
0.033172
0.033190
0.033208
0.033283
0.033517
0.033544
0.033567
0.033589
0.033607
0.033624
0.033643
0.033666
0.033684
0.033702
0.032570
0.032793
0.032815
0.032834
0.032852
0.032870
0.032888
0.032906
0.032923
0.032941
0.032959
0.033705
0.033922
0.033943
0.033971
0.033990
0.034009
0.034027
0.034045
0.034064
0.034082
0.034100
0.035373
0.035593
0.035616
0.035636
0.035655
0.035674
0.035692
0.035711
0.035729
0.035747
0.035765
0.033170
0.033386
0.033407
0.033426
0.033444
0.033462
0.033480
0.033498
0.033515
0.033536
0.033555
0.033101
0.033313
0.033344
0.033363
0.033381
0.033399
0.033417
0.033434
0.033452
0.033469
0.033487
0.062762
0.062990
0.063020
0.063039
0.063057
0.063075
0.063093
0.063111
0.063128
0.063146
0.063164
0.033776
0.033990
0.034022
0.034046
0.034072
0.034096
0.034120
0.034144
0.034166
0.034191
0.034213
0.028327
0.028538
0.028568
0.028596
0.028620
0.028646
0.028670
0.028695
0.028719
0.028743
0.028767
0.026914
0.027123
0.027163
0.027190
0.027215
0.027238
0.027262
0.027286
0.027310
0.027333
0.027357
0.026577
0.026810
0.026831
0.026860
0.026879
0.026906
0.026928
0.026951
0.026970
0.026987
0.027002
0.032341
0.032534
0.032562
0.032578
0.032596
0.032610
0.032626
0.032647
0.032662
0.032677
0.032692
0.026364
0.026612
0.026651
0.026677
0.026701
0.026725
0.026750
0.026774
0.026798
0.026821
0.026845
0.036091
0.036323
0.036356
0.036378
0.036398
0.036418
0.036438
0.036458
0.036479
0.036500
0.036519
0.036982
0.037198
