1.712304
0.033004
0.033238
0.033260
0.033280
0.033298
0.033317
0.033334
0.033352
0.033370
0.033387
0.033405
0.035076
0.035308
0.035330
0.035348
0.035367
0.035385
0.035403
0.035420
0.035438
0.035455
0.035473
0.032960
0.033176
0.033196
0.033224
0.033243
0.033261
0.033279
0.033296
0.033314
0.033332
0.033350
0.034344
0.034571
0.034593
0.034612
0.034630
0.034648
0.034666
0.034683
0.034701
0.034719
0.034736
0.034065
0.034297
0.034319
0.034338
0.034357
0.034375
0.034393
0.034411
0.034428
0.034446
0.034464
0.034427
0.034663
0.034686
0.034707
0.034726
0.034745
0.034764
0.034782
0.034800
0.034819
0.034837
0.035233
0.035456
0.035486
0.035504
0.035522
0.035540
0.035560
0.035578
0.035596
0.035613
0.035631
0.034537
0.034772
0.034794
0.034813
0.034832
0.034849
0.034867
0.034884
0.034902
0.034919
0.034937
0.034466
0.034693
0.034714
0.034732
0.034750
0.034767
0.034785
0.034802
0.034820
0.034838
0.034856
0.063118
0.063342
0.063364
0.063382
0.063400
0.063417
0.063435
0.063455
0.063472
0.063489
0.063507
0.034587
0.034800
0.034821
0.034840
0.034858
0.034875
0.034893
0.034910
0.034928
0.034946
0.034964
0.034510
0.034730
0.034752
0.034770
0.034788
0.034809
0.034827
0.034844
0.034862
0.034879
0.034896
0.034089
0.034304
0.034326
0.034344
0.034362
0.034379
0.034398
0.034416
0.034434
0.034452
0.034471
0.034600
0.034822
0.034843
0.034861
0.034879
0.034901
0.034919
0.034937
0.034955
0.034971
0.034989
0.032874
0.033109
0.033131
0.033149
0.033168
0.033186
0.033204
0.033221
0.033238
0.033256
0.033273
0.031620
0.031843
0.031866
0.031884
0.031902
0.031920
0.031938
0.031955
0.031975
0.031992
0.032010
0.031933
0.032162
0.032184
0.032202
0.032220
0.032238
0.032255
0.032272
0.032290
0.032307
0.032325
0.033708
0.033926
0.033947
0.033965
0.033984
0.034000
0.034017
0.034034
0.034051
0.034069
0.034087
0.031924
0.032160
0.032182
0.032204
0.032222
0.032239
0.032257
0.032275
0.032293
0.032310
0.032327
0.061097
0.061311
0.061341
0.061361
0.061380
0.061398
0.061415
0.061432
0.061450
0.061467
0.061484
0.032630
0.032850
0.032870
0.032888
0.032915
0.032932
0.032950
0.032968
0.032986
0.033003
0.033021
0.032772
0.032997
0.033022
0.033041
0.033058
0.033076
0.033093
0.033111
0.033128
0.033152
0.033169
0.033807
0.034019
0.034040
0.034067
0.034085
0.034102
0.034119
0.034137
0.034154
0.034172
0.034189
0.032831
0.033057
0.033079
0.033098
0.033116
0.033134
0.033151
0.033169
0.033186
0.033204
0.033222
0.031791
0.032016
0.032039
0.032058
0.032076
0.032097
0.032115
0.032132
0.032149
0.032167
0.032184
0.033872
0.034077
0.034108
0.034127
0.034145
0.034162
0.034180
0.034197
0.034214
0.034231
0.034248
0.031623
0.031843
0.031865
0.031883
0.031902
0.031919
0.031937
0.031954
0.031972
0.031989
0.032007
0.033547
0.033755
0.033786
0.033804
0.033822
0.033840
0.033858
0.033876
0.033894
0.033911
0.033929
0.032571
0.032789
0.032820
0.032839
0.032857
0.032874
0.032892
0.032909
0.032926
0.032944
0.032962
0.066805
0.067035
0.067056
0.067075
0.067093
0.067111
0.067128
0.067146
0.067164
0.067181
0.067199
0.034301
0.034516
0.034536
0.034564
0.034581
0.034600
0.034617
0.034635
0.034653
0.034670
0.034688
0.032440
0.032668
0.032689
0.032708
0.032726
0.032743
0.032761
0.032778
0.032795
0.032813
0.032830
0.034003
0.034232
0.034258
0.034276
0.034295
0.034312
0.034331
0.034349
0.034366
0.034384
0.034402
0.033883
0.034106
0.034128
0.034147
0.034165
0.034182
0.034200
0.034217
0.034235
0.034251
0.034269
0.032773
0.033003
0.033024
0.033043
0.033061
0.033079
0.033098
0.033115
0.033133
0.033150
0.033168
0.033131
0.033339
0.033361
0.033388
0.033406
0.033424
0.033441
0.033458
0.033476
0.033493
0.033511
0.032826
0.033055
0.033077
0.033096
0.033115
0.033133
0.033150
0.033168
0.033186
0.033207
0.033225
0.032529
0.032758
0.032780
0.032799
0.032816
0.032834
0.032852
0.032869
0.032887
0.032904
0.032922
0.033078
0.033301
0.033323
0.033343
0.033361
0.033379
0.033397
0.033414
0.033432
0.033449
0.033467
0.066152
0.066375
0.066396
0.066415
0.066433
0.066451
0.066469
0.066486
0.066504
0.066521
0.066539
0.033016
0.033248
0.033271
0.033291
0.033310
0.033328
0.033349
0.033367
0.033386
0.033404
0.033423
0.032760
0.032987
0.033010
0.033030
0.033048
0.033066
0.033084
0.033101
0.033119
0.033136
0.033155
0.033086
0.033329
0.033351
0.033372
0.033391
0.033409
0.033426
0.033444
0.033462
0.033479
0.033496
0.033452
0.033660
0.033691
0.033709
0.033727
0.033745
0.033762
0.033780
0.033798
0.033815
0.033832
0.033459
0.033709
0.033731
0.033750
0.033768
0.033786
0.033803
0.033821
0.033839
0.033856
0.033874
0.034055
0.034283
0.034304
0.034323
0.034340
0.034358
0.034376
0.034393
0.034410
0.034429
0.034446
0.034433
0.034639
0.034660
0.034687
0.034705
0.034723
0.034740
0.034758
0.034775
0.034793
0.034811
0.034026
0.034232
0.034266
0.034286
0.034304
0.034321
0.034339
0.034357
0.034374
0.034397
0.034415
0.033550
0.033769
0.033790
0.033818
0.033836
0.033853
0.033872
0.033891
0.033910
0.033927
0.033944
0.065901
0.066118
0.066148
0.066167
0.066185
0.066202
0.066220
0.066237
0.066256
0.066273
0.066291
0.034049
0.034277
0.034299
0.034317
0.034336
0.034353
0.034371
0.034389
0.034406
0.034424
0.034441
0.032529
0.032757
0.032779
0.032798
0.032815
0.032833
0.032851
0.032869
0.032887
0.032905
0.032922
0.033612
0.033831
0.033854
0.033873
0.033891
0.033908
0.033926
0.033943
0.033961
0.033978
0.033996
0.031719
0.031964
0.031986
0.032005
0.032023
0.032040
0.032058
0.032076
0.032094
0.032112
0.032130
0.032836
0.033069
0.033091
0.033110
0.033132
0.033150
0.033168
0.033185
0.033203
0.033221
0.033238
0.033126
0.033358
0.033389
0.033408
0.033426
0.033444
0.033462
0.033479
0.033496
0.033514
0.033531
0.034231
0.034455
0.034477
0.034495
0.034514
0.034531
0.034549
0.034566
0.034584
0.034602
0.034619
0.034401
0.034607
0.034628
0.034656
0.034674
0.034693
0.034710
0.034728
0.034745
0.034763
0.034780
0.034246
0.034464
0.034487
0.034505
0.034523
0.034541
0.034559
0.034576
0.034594
0.034612
0.034629
0.066978
0.067199
0.067230
0.067249
0.067267
0.067284
0.067302
0.067319
0.067337
0.067354
0.067371
0.034417
0.034647
0.034669
0.034688
0.034706
0.034724
0.034742
0.034760
0.034777
0.034795
0.034813
0.034100
0.034323
0.034345
0.034365
0.034383
0.034400
0.034418
0.034435
0.034456
0.034474
0.034492
0.035527
0.035748
0.035770
0.035788
0.035807
0.035825
0.035842
0.035860
0.035877
0.035895
0.035912
0.033181
0.033408
0.033430
0.033449
0.033466
0.033484
0.033502
0.033519
0.033536
0.033554
0.033571
0.031754
0.031974
0.032004
0.032023
0.032040
0.032058
0.032075
0.032093
0.032110
0.032127
0.032145
0.033383
0.033590
0.033620
0.033639
0.033657
0.033675
0.033693
0.033710
0.033727
0.033744
0.033762
0.033689
0.033905
0.033926
0.033946
0.033963
0.033981
0.033998
0.034016
0.034034
0.034051
0.034069
0.033089
0.033296
0.033355
0.033383
0.033401
0.033419
0.033437
0.033456
0.033474
0.033494
0.033512
0.033554
