1.853158
0.052569
0.052863
0.052884
0.052914
0.052933
0.052952
0.052971
0.052989
0.053008
0.053025
0.053044
0.033867
0.034138
0.034159
0.034176
0.034195
0.034216
0.034234
0.034252
0.034270
0.034287
0.034305
0.029799
0.030038
0.030073
0.030101
0.030126
0.030151
0.030173
0.030196
0.030219
0.030242
0.030265
0.027526
0.027766
0.027803
0.027831
0.027858
0.027884
0.027908
0.027933
0.027957
0.027980
0.028003
0.027029
0.027271
0.027290
0.027304
0.027318
0.027332
0.027345
0.027358
0.027371
0.027384
0.027397
0.026731
0.026965
0.026982
0.026998
0.027011
0.027025
0.027038
0.027052
0.027065
0.027078
0.027091
0.026583
0.026828
0.026860
0.026886
0.026912
0.026938
0.026964
0.026988
0.027012
0.027035
0.027060
0.025383
0.025630
0.025664
0.025692
0.025717
0.025742
0.025767
0.025790
0.025814
0.025838
0.025862
0.024872
0.025115
0.025146
0.025172
0.025200
0.025224
0.025250
0.025274
0.025299
0.025322
0.025346
0.051271
0.051507
0.051547
0.051573
0.051599
0.051623
0.051647
0.051674
0.051699
0.051722
0.051746
0.026280
0.026509
0.026526
0.026540
0.026552
0.026565
0.026579
0.026592
0.026604
0.026618
0.026631
0.026333
0.026573
0.026590
0.026604
0.026618
0.026634
0.026647
0.026661
0.026674
0.026687
0.026700
0.026732
0.026964
0.026981
0.026996
0.027009
0.027023
0.027036
0.027049
0.027062
0.027076
0.027088
0.026002
0.026235
0.026253
0.026267
0.026280
0.026296
0.026309
0.026323
0.026336
0.026348
0.026361
0.025551
0.025780
0.025796
0.025810
0.025824
0.025838
0.025851
0.025864
0.025877
0.025890
0.025903
0.027724
0.027955
0.027972
0.027986
0.028000
0.028013
0.028026
0.028040
0.028054
0.028067
0.028080
0.025474
0.025720
0.025747
0.025762
0.025776
0.025789
0.025803
0.025816
0.025829
0.025842
0.025855
0.026521
0.026759
0.026776
0.026790
0.026803
0.026816
0.026829
0.026842
0.026855
0.026869
0.026881
0.026148
0.026379
0.026397
0.026414
0.026427
0.026440
0.026453
0.026467
0.026480
0.026493
0.026506
0.054448
0.054682
0.054699
0.054713
0.054727
0.054740
0.054753
0.054766
0.054779
0.054793
0.054806
0.024832
0.025077
0.025110
0.025135
0.025161
0.025185
0.025210
0.025234
0.025259
0.025282
0.025306
0.025800
0.026032
0.026052
0.026066
0.026079
0.026092
0.026106
0.026119
0.026132
0.026145
0.026157
0.025413
0.025648
0.025666
0.025680
0.025710
0.025737
0.025764
0.025790
0.025806
0.025819
0.025833
0.025493
0.025728
0.025745
0.025759
0.025773
0.025787
0.025801
0.025814
0.025828
0.025840
0.025853
0.025264
0.025496
0.025513
0.025527
0.025541
0.025557
0.025570
0.025583
0.025596
0.025610
0.025623
0.024934
0.025160
0.025177
0.025192
0.025206
0.025219
0.025233
0.025246
0.025259
0.025272
0.025285
0.025880
0.026119
0.026144
0.026174
0.026196
0.026212
0.026225
0.026238
0.026252
0.026265
0.026278
0.025709
0.025941
0.025958
0.025972
0.025985
0.025998
0.026012
0.026025
0.026038
0.026051
0.026064
0.025550
0.025785
0.025803
0.025817
0.025831
0.025844
0.025857
0.025870
0.025884
0.025898
0.025911
0.051391
0.051620
0.051637
0.051651
0.051664
0.051677
0.051690
0.051703
0.051716
0.051728
0.051741
0.025807
0.026064
0.026095
0.026112
0.026126
0.026139
0.026153
0.026165
0.026179
0.026192
0.026205
0.025177
0.025411
0.025429
0.025443
0.025457
0.025470
0.025483
0.025497
0.025510
0.025523
0.025536
0.025558
0.025799
0.025819
0.025834
0.025847
0.025861
0.025874
0.025887
0.025900
0.025913
0.025926
0.024966
0.025201
0.025219
0.025233
0.025246
0.025260
0.025273
0.025286
0.025300
0.025312
0.025325
0.024882
0.025116
0.025134
0.025148
0.025162
0.025176
0.025190
0.025204
0.025217
0.025237
0.025251
0.024994
0.025224
0.025243
0.025257
0.025271
0.025284
0.025297
0.025310
0.025322
0.025335
0.025348
0.026083
0.026313
0.026330
0.026345
0.026359
0.026372
0.026386
0.026399
0.026412
0.026429
0.026442
0.026427
0.026659
0.026676
0.026691
0.026704
0.026718
0.026731
0.026743
0.026757
0.026769
0.026782
0.025351
0.025584
0.025602
0.025617
0.025630
0.025643
0.025657
0.025670
0.025683
0.025696
0.025709
0.050687
0.050917
0.050935
0.050949
0.050963
0.050976
0.050989
0.051002
0.051015
0.051028
0.051041
0.029774
0.030012
0.030030
0.030044
0.030058
0.030072
0.030085
0.030098
0.030111
0.030124
0.030137
0.026752
0.026988
0.027005
0.027019
0.027033
0.027046
0.027059
0.027072
0.027085
0.027098
0.027111
0.027035
0.027267
0.027285
0.027299
0.027312
0.027326
0.027339
0.027352
0.027365
0.027378
0.027391
0.026530
0.026767
0.026785
0.026799
0.026813
0.026826
0.026839
0.026852
0.026865
0.026879
0.026895
0.027886
0.028122
0.028143
0.028160
0.028176
0.028192
0.028209
0.028226
0.028241
0.028257
0.028272
0.026560
0.026793
0.026811
0.026825
0.026838
0.026851
0.026864
0.026877
0.026890
0.026903
0.026916
0.026906
0.027135
0.027152
0.027167
0.027180
0.027194
0.027207
0.027220
0.027233
0.027246
0.027259
0.025177
0.025410
0.025428
0.025442
0.025455
0.025468
0.025481
0.025494
0.025507
0.025522
0.025536
0.027234
0.027467
0.027485
0.027499
0.027513
0.027526
0.027539
0.027552
0.027565
0.027578
0.027591
0.052745
0.052962
0.052988
0.053002
0.053015
0.053029
0.053041
0.053054
0.053068
0.053081
0.053095
0.027998
0.028230
0.028247
0.028261
0.028275
0.028289
0.028302
0.028316
0.028329
0.028342
0.028355
0.026968
0.027189
0.027215
0.027229
0.027243
0.027256
0.027269
0.027282
0.027295
0.027309
0.027322
0.027321
0.027552
0.027570
0.027584
0.027598
0.027612
0.027625
0.027638
0.027651
0.027664
0.027677
0.026622
0.026854
0.026871
0.026886
0.026899
0.026912
0.026926
0.026939
0.026953
0.026965
0.026978
0.027262
0.027501
0.027518
0.027532
0.027549
0.027562
0.027575
0.027588
0.027601
0.027614
0.027627
0.026711
0.026941
0.026958
0.026972
0.026985
0.026998
0.027012
0.027025
0.027038
0.027051
0.027064
0.025688
0.025911
0.025938
0.025952
0.025966
0.025980
0.025993
0.026007
0.026020
0.026032
0.026046
0.026722
0.026965
0.026983
0.026997
0.027011
0.027025
0.027038
0.027051
0.027064
0.027077
0.027090
0.027602
0.027833
0.027851
0.027865
0.027879
0.027891
0.027905
0.027918
0.027931
0.027944
0.027957
0.054525
0.054760
0.054790
0.054815
0.054841
0.054864
0.054889
0.054913
0.054938
0.054962
0.054985
0.028025
0.028261
0.028279
0.028293
0.028306
0.028320
0.028333
0.028347
0.028360
0.028372
0.028385
0.026879
0.027109
0.027127
0.027141
0.027155
0.027168
0.027181
0.027194
0.027210
0.027223
0.027236
0.027003
0.027240
0.027257
0.027272
0.027285
0.027298
0.027311
0.027324
0.027338
0.027350
0.027363
0.026267
0.026499
0.026517
0.026532
0.026545
0.026558
0.026572
0.026585
0.026598
0.026611
0.026623
0.027805
0.028038
0.028056
0.028070
0.028084
0.028097
0.028111
0.028124
0.028137
0.028150
0.028163
0.026034
0.026268
0.026286
0.026301
0.026315
0.026328
0.026342
0.026355
0.026368
0.026381
0.026394
0.027322
0.027596
0.027624
0.027656
0.027676
0.027690
0.027704
0.027717
0.027730
0.027743
0.027756
0.027386
0.027622
0.027651
0.027675
0.027700
0.027725
0.027750
0.027774
0.027798
0.027822
0.027846
0.027818
0.028049
0.028066
0.028081
0.028095
0.028107
0.028121
0.028134
0.028147
0.028163
0.028185
0.053089
0.053322
0.053340
0.053355
0.053368
0.053381
0.053394
0.053407
0.053420
0.053433
0.053446
0.028077
0.028311
0.028329
0.028343
0.028357
0.028376
0.028393
0.028409
0.028445
0.028463
0.028480
0.026517
0.026747
0.026766
0.026782
0.026798
0.026812
0.026828
0.026843
0.026858
0.026872
0.026887
0.026237
0.026472
0.026490
0.026506
0.026522
0.026537
0.026553
0.026568
0.026584
0.026599
0.026614
0.026086
0.026325
0.026345
0.026362
0.026378
0.026398
0.026413
0.026429
0.026444
0.026459
0.026474
0.025745
0.025970
0.025999
0.026016
0.026033
0.026051
0.026067
0.026084
0.026101
0.026116
0.026132
0.026685
0.026920
0.026940
0.026958
0.026975
0.026991
0.027008
0.027025
0.027041
0.027056
0.027071
0.025935
0.026170
0.026189
