1.861637
0.034006
0.034286
0.034305
0.034319
0.034334
0.034348
0.034363
0.034377
0.034392
0.034406
0.034420
0.027565
0.027812
0.027830
0.027845
0.027858
0.027873
0.027886
0.027900
0.027913
0.027926
0.027940
0.034793
0.035057
0.035079
0.035099
0.035117
0.035136
0.035154
0.035172
0.035191
0.035209
0.035227
0.027208
0.027447
0.027478
0.027505
0.027532
0.027557
0.027582
0.027606
0.027630
0.027654
0.027678
0.024735
0.024965
0.024991
0.025016
0.025041
0.025066
0.025090
0.025114
0.025138
0.025162
0.025186
0.025188
0.025460
0.025484
0.025516
0.025536
0.025560
0.025580
0.025598
0.025617
0.025637
0.025658
0.026636
0.026859
0.026885
0.026899
0.026912
0.026926
0.026942
0.026955
0.026968
0.026981
0.026994
0.026812
0.027034
0.027061
0.027075
0.027089
0.027102
0.027115
0.027133
0.027146
0.027159
0.027172
0.026788
0.027007
0.027034
0.027048
0.027062
0.027076
0.027089
0.027102
0.027115
0.027129
0.027143
0.052127
0.052351
0.052368
0.052382
0.052396
0.052409
0.052421
0.052437
0.052449
0.052462
0.052475
0.025871
0.026098
0.026116
0.026130
0.026143
0.026156
0.026169
0.026183
0.026196
0.026209
0.026222
0.025695
0.025923
0.025941
0.025954
0.025968
0.025983
0.025997
0.026010
0.026023
0.026035
0.026048
0.024442
0.024665
0.024683
0.024697
0.024710
0.024724
0.024737
0.024750
0.024764
0.024777
0.024789
0.025187
0.025416
0.025435
0.025453
0.025469
0.025487
0.025503
0.025518
0.025534
0.025549
0.025564
0.024168
0.024392
0.024412
0.024430
0.024446
0.024462
0.024477
0.024493
0.024508
0.024523
0.024538
0.025186
0.025410
0.025431
0.025448
0.025463
0.025480
0.025495
0.025511
0.025529
0.025544
0.025559
0.023930
0.024159
0.024180
0.024197
0.024213
0.024229
0.024245
0.024260
0.024276
0.024291
0.024306
0.023695
0.023918
0.023935
0.023950
0.023963
0.023976
0.023989
0.024002
0.024015
0.024028
0.024041
0.023834
0.024058
0.024075
0.024091
0.024105
0.024118
0.024131
0.024144
0.024158
0.024171
0.024184
0.049078
0.049293
0.049310
0.049324
0.049337
0.049351
0.049364
0.049378
0.049391
0.049403
0.049416
0.025293
0.025518
0.025536
0.025550
0.025564
0.025577
0.025591
0.025604
0.025617
0.025630
0.025643
0.024016
0.024227
0.024257
0.024271
0.024284
0.024298
0.024311
0.024324
0.024337
0.024350
0.024363
0.023707
0.023934
0.023951
0.023965
0.023979
0.023992
0.024005
0.024018
0.024031
0.024044
0.024057
0.023643
0.023867
0.023884
0.023899
0.023912
0.023926
0.023939
0.023952
0.023965
0.023978
0.023991
0.024375
0.024607
0.024624
0.024639
0.024653
0.024669
0.024683
0.024695
0.024709
0.024722
0.024735
0.024389
0.024612
0.024630
0.024644
0.024657
0.024671
0.024684
0.024697
0.024710
0.024723
0.024736
0.023906
0.024118
0.024144
0.024158
0.024172
0.024185
0.024199
0.024212
0.024225
0.024238
0.024251
0.024229
0.024455
0.024472
0.024487
0.024500
0.024513
0.024526
0.024539
0.024559
0.024572
0.024585
0.024524
0.024750
0.024768
0.024782
0.024796
0.024809
0.024822
0.024836
0.024848
0.024862
0.024875
0.049266
0.049487
0.049504
0.049518
0.049531
0.049545
0.049557
0.049571
0.049584
0.049596
0.049609
0.026034
0.026267
0.026289
0.026304
0.026317
0.026331
0.026344
0.026357
0.026371
0.026384
0.026397
0.025789
0.026015
0.026033
0.026047
0.026061
0.026074
0.026087
0.026100
0.026114
0.026127
0.026140
0.025108
0.025334
0.025355
0.025370
0.025383
0.025397
0.025411
0.025424
0.025438
0.025451
0.025464
0.024794
0.025019
0.025037
0.025052
0.025065
0.025079
0.025092
0.025105
0.025118
0.025131
0.025144
0.025417
0.025640
0.025657
0.025672
0.025686
0.025700
0.025713
0.025727
0.025740
0.025753
0.025767
0.024629
0.024840
0.024857
0.024870
0.024893
0.024906
0.024920
0.024933
0.024946
0.024959
0.024971
0.024982
0.025194
0.025220
0.025235
0.025249
0.025262
0.025275
0.025288
0.025301
0.025318
0.025331
0.032305
0.032562
0.032583
0.032610
0.032629
0.032646
0.032664
0.032681
0.032699
0.032717
0.032734
0.026393
0.026618
0.026635
0.026650
0.026664
0.026677
0.026691
0.026704
0.026717
0.026731
0.026744
0.051724
0.051951
0.051972
0.051989
0.052005
0.052021
0.052036
0.052052
0.052068
0.052083
0.052099
0.027098
0.027325
0.027367
0.027386
0.027402
0.027417
0.027433
0.027447
0.027463
0.027478
0.027493
0.028800
0.029022
0.029040
0.029054
0.029068
0.029081
0.029094
0.029107
0.029120
0.029133
0.029146
0.031407
0.031640
0.031657
0.031676
0.031695
0.031709
0.031722
0.031735
0.031748
0.031761
0.031774
0.039695
0.039927
0.039947
0.039962
0.039978
0.039993
0.040008
0.040023
0.040039
0.040053
0.040069
0.036548
0.036780
0.036800
0.036817
0.036833
0.036849
0.036865
0.036880
0.036896
0.036911
0.036926
0.032260
0.032485
0.032503
0.032517
0.032531
0.032544
0.032557
0.032570
0.032583
0.032596
0.032609
0.032366
0.032590
0.032608
0.032623
0.032636
0.032650
0.032663
0.032676
0.032689
0.032702
0.032715
0.033127
0.033360
0.033378
0.033392
0.033406
0.033418
0.033431
0.033444
0.033457
0.033473
0.033486
0.030641
0.030888
0.030913
0.030929
0.030943
0.030957
0.030970
0.030983
0.030996
0.031009
0.031021
