364	150	21	14
364	150	21	14
367	151	21	14
371	152	21	14
374	154	21	14
378	155	21	14
381	157	22	14
385	158	22	14
389	160	22	14
392	161	22	15
396	163	22	15
399	164	23	15
363	156	20	13
362	156	19	12
362	157	19	12
362	157	19	12
362	158	19	12
362	158	19	12
362	159	19	12
362	159	19	12
362	160	19	12
362	160	19	12
362	161	19	12
362	159	21	14
361	159	20	13
361	159	20	13
361	160	20	13
361	160	21	14
361	160	21	14
361	161	21	14
361	161	21	14
361	162	21	14
361	162	21	14
361	162	21	14
363	156	21	14
362	156	21	14
362	156	21	14
362	156	21	14
362	156	21	14
363	156	21	14
363	156	21	14
363	156	21	14
363	156	21	14
363	156	21	14
363	156	21	14
366	159	21	14
366	158	21	14
366	159	21	14
366	159	21	14
366	159	21	14
366	159	21	14
366	159	21	14
367	159	21	14
367	159	21	14
367	160	21	14
367	160	21	14
371	159	21	14
371	159	21	14
371	159	21	14
371	159	21	14
372	159	21	14
372	159	21	14
372	159	21	14
373	159	21	14
373	159	21	14
374	159	21	14
374	159	21	14
372	164	22	14
372	164	22	14
372	164	22	14
372	164	22	14
372	164	22	14
373	165	22	14
373	165	22	14
373	165	22	14
373	166	22	14
373	166	22	14
374	166	22	14
379	166	21	14
379	166	21	14
379	166	21	14
380	166	20	14
380	167	20	14
381	167	20	14
381	167	20	14
381	167	20	14
382	167	20	14
382	168	20	14
383	168	20	14
385	163	21	14
385	163	20	14
385	163	20	14
386	163	20	14
387	163	20	14
387	162	20	14
388	162	20	14
388	162	20	14
389	162	20	14
389	162	20	14
390	162	20	14
389	163	21	14
389	162	20	14
389	162	20	14
390	162	20	14
390	162	20	14
391	162	20	14
391	162	20	14
392	162	20	14
392	162	20	14
392	162	20	14
393	162	20	14
397	165	20	14
397	164	19	14
398	165	19	14
398	165	19	14
399	165	19	14
399	165	19	14
400	165	19	14
401	165	19	14
401	165	19	14
402	165	19	14
402	165	19	14
402	163	20	14
402	163	19	14
403	163	19	14
403	162	19	14
404	162	19	14
404	162	19	13
405	162	19	13
405	162	19	13
406	162	19	13
406	162	19	13
407	162	19	13
409	162	21	14
409	161	20	13
410	161	21	13
410	161	21	13
411	161	21	13
411	161	21	13
412	161	21	13
413	161	21	13
413	161	21	13
414	161	21	13
414	161	21	13
415	167	22	15
415	166	22	14
416	167	22	15
416	167	22	15
417	167	22	15
417	167	22	15
418	168	22	15
418	168	22	15
419	168	22	15
420	168	22	15
420	169	22	15
420	167	23	15
420	167	23	15
421	167	23	15
421	167	23	15
422	167	23	15
422	167	23	15
423	167	23	15
423	167	23	15
424	168	23	15
424	168	23	15
425	168	23	15
426	173	23	15
426	173	23	15
427	173	23	15
427	173	23	15
428	174	23	15
428	174	23	15
429	174	23	15
429	175	23	15
430	175	23	15
430	176	23	15
431	176	23	15
427	172	23	15
427	172	23	15
427	172	23	15
428	172	23	15
428	172	23	15
428	172	23	15
428	172	23	15
429	172	23	15
429	173	23	15
429	173	23	15
429	173	23	15
417	173	24	16
417	173	24	16
416	173	24	16
416	173	24	16
415	173	24	16
415	173	24	16
414	173	24	16
414	173	24	16
413	173	24	16
413	173	24	16
413	173	24	16
399	174	25	17
398	174	25	17
397	174	25	17
396	174	25	17
394	174	25	17
393	174	25	17
392	174	25	17
391	174	25	17
389	174	25	17
388	174	25	17
387	174	25	17
396	170	25	17
394	170	25	17
394	169	25	17
393	169	25	17
392	169	25	17
392	169	25	17
391	169	25	17
390	168	25	17
389	168	25	17
389	168	25	17
388	168	25	17
390	169	26	17
389	168	26	17
388	168	26	17
388	168	26	17
387	168	26	17
387	168	26	17
386	168	26	17
385	167	26	17
385	167	26	17
384	167	26	17
384	167	26	17
387	174	27	18
386	173	27	18
386	174	27	18
385	174	27	18
385	174	27	18
384	174	27	18
384	174	27	18
384	175	27	18
383	175	27	18
383	175	27	18
382	175	27	18
394	178	28	19
393	178	28	19
393	178	28	19
394	178	28	19
394	179	28	19
394	179	28	19
394	179	28	19
395	180	28	19
395	180	28	19
395	180	28	19
395	181	28	19
393	178	29	19
393	178	29	19
393	178	29	19
393	178	29	19
393	178	29	19
393	178	29	19
393	179	29	19
393	179	29	19
393	179	29	19
393	179	29	19
393	179	29	19
394	178	31	20
394	178	31	20
394	178	31	20
394	178	31	20
394	178	31	20
394	178	31	20
394	178	31	20
394	178	31	20
394	178	32	20
394	178	32	20
394	178	32	20
384	180	32	21
384	180	32	21
383	180	32	21
383	180	32	21
382	180	32	21
381	180	32	21
381	180	32	21
380	180	32	21
380	180	32	21
379	181	33	21
379	181	33	21
380	183	33	22
379	183	33	22
379	183	33	22
378	183	33	22
378	183	33	22
377	183	33	22
377	184	33	22
376	184	33	22
376	184	33	22
375	184	33	22
375	185	34	22
365	180	33	22
364	180	33	22
363	180	33	22
362	180	33	22
361	179	33	22
360	179	33	22
359	179	33	22
358	179	33	22
357	179	33	22
356	179	33	22
355	179	33	22
347	182	35	23
345	181	35	23
344	181	35	23
343	182	35	23
341	182	35	23
340	182	35	23
338	182	35	23
337	182	35	23
336	182	35	23
334	182	36	23
333	182	36	23
349	181	35	23
347	181	35	23
347	181	35	23
346	181	35	23
346	180	35	23
345	180	35	23
345	180	35	23
344	180	35	23
344	180	35	23
343	180	35	23
343	180	35	23
348	179	37	24
347	178	37	24
347	178	37	24
347	178	37	24
346	178	37	24
346	178	37	24
346	178	37	24
346	178	37	24
346	178	37	24
346	177	38	24
345	177	38	24
352	180	38	25
351	179	38	25
351	179	38	25
352	179	38	25
352	179	38	25
352	179	38	25
352	179	38	25
352	179	38	25
352	179	38	25
353	179	39	25
353	179	39	25
351	178	39	26
351	178	39	26
351	177	39	26
351	177	39	26
351	177	39	26
351	177	39	26
351	177	39	26
351	177	39	26
351	177	39	26
351	177	39	26
351	177	39	26
341	185	38	25
341	184	38	25
340	185	38	25
339	185	38	25
339	185	38	25
338	186	38	25
338	186	38	24
337	186	37	24
337	187	37	24
336	187	37	24
336	187	37	24
334	187	38	25
333	187	37	24
332	187	37	24
332	187	37	24
331	188	37	24
330	188	37	24
330	188	37	24
329	188	37	24
328	189	37	24
328	189	37	24
327	189	37	24
332	187	39	26
331	187	38	25
330	187	39	26
330	187	39	26
330	187	39	26
329	187	39	26
329	187	39	26
329	187	39	26
328	187	39	26
328	188	39	26
328	188	39	26
329	186	39	26
328	186	39	26
328	186	39	26
328	186	39	26
327	186	39	26
327	185	39	26
327	185	39	26
326	185	39	26
326	185	39	26
326	185	39	26
326	185	39	26
337	188	41	27
336	187	41	27
337	188	41	27
337	188	41	27
337	188	41	27
338	188	41	27
338	188	41	27
338	188	41	27
339	188	41	27
339	188	41	27
339	188	42	27
