1.887793
0.031493
0.031763
0.031798
0.031825
0.031851
0.031879
0.031906
0.031931
0.031958
0.031982
0.032007
0.028002
0.028237
0.028255
0.028279
0.028293
0.028308
0.028321
0.028335
0.028348
0.028362
0.028375
0.026008
0.026231
0.026248
0.026273
0.026287
0.026301
0.026315
0.026329
0.026344
0.026358
0.026372
0.024670
0.024900
0.024916
0.024930
0.024944
0.024958
0.024971
0.024985
0.024998
0.025012
0.025025
0.024934
0.025162
0.025179
0.025192
0.025208
0.025222
0.025235
0.025248
0.025261
0.025275
0.025289
0.024955
0.025180
0.025198
0.025213
0.025227
0.025241
0.025254
0.025269
0.025281
0.025295
0.025308
0.024422
0.024644
0.024662
0.024676
0.024690
0.024703
0.024718
0.024731
0.024745
0.024758
0.024771
0.024344
0.024555
0.024571
0.024583
0.024610
0.024624
0.024637
0.024651
0.024664
0.024677
0.024690
0.024296
0.024527
0.024544
0.024558
0.024571
0.024585
0.024597
0.024611
0.024623
0.024636
0.024649
0.052552
0.052777
0.052794
0.052808
0.052821
0.052835
0.052848
0.052863
0.052876
0.052889
0.052902
0.024752
0.024981
0.024999
0.025013
0.025027
0.025040
0.025053
0.025065
0.025078
0.025091
0.025104
0.032160
0.032425
0.032446
0.032465
0.032482
0.032501
0.032518
0.032536
0.032553
0.032571
0.032588
0.031904
0.032156
0.032187
0.032205
0.032223
0.032240
0.032258
0.032275
0.032293
0.032310
0.032328
0.028020
0.028249
0.028266
0.028280
0.028293
0.028308
0.028322
0.028335
0.028347
0.028360
0.028373
0.024238
0.024463
0.024481
0.024495
0.024509
0.024523
0.024536
0.024549
0.024562
0.024575
0.024587
0.023564
0.023782
0.023799
0.023812
0.023825
0.023838
0.023851
0.023864
0.023879
0.023892
0.023905
0.023369
0.023589
0.023607
0.023621
0.023635
0.023648
0.023662
0.023674
0.023687
0.023700
0.023713
0.031261
0.031509
0.031529
0.031556
0.031573
0.031590
0.031608
0.031625
0.031642
0.031660
0.031677
0.027835
0.028061
0.028079
0.028095
0.028108
0.028121
0.028141
0.028155
0.028168
0.028181
0.028193
0.051311
0.051533
0.051550
0.051564
0.051577
0.051590
0.051603
0.051615
0.051628
0.051641
0.051654
0.024442
0.024656
0.024683
0.024697
0.024710
0.024723
0.024736
0.024749
0.024762
0.024775
0.024787
0.024241
0.024467
0.024488
0.024502
0.024515
0.024529
0.024543
0.024556
0.024569
0.024582
0.024595
0.024610
0.024834
0.024852
0.024866
0.024879
0.024892
0.024906
0.024919
0.024932
0.024945
0.024958
0.031311
0.031573
0.031595
0.031614
0.031633
0.031651
0.031669
0.031686
0.031703
0.031721
0.031738
0.032084
0.032313
0.032332
0.032346
0.032360
0.032376
0.032389
0.032403
0.032416
0.032429
0.032442
0.024159
0.024387
0.024406
0.024420
0.024434
0.024447
0.024460
0.024473
0.024486
0.024499
0.024512
0.024779
0.025064
0.025094
0.025131
0.025157
0.025183
0.025209
0.025234
0.025260
0.025286
0.025311
0.024281
0.024513
0.024540
0.024555
0.024568
0.024581
0.024595
0.024607
0.024620
0.024633
0.024646
0.024680
0.024904
0.024921
0.024936
0.024949
0.024962
0.024976
0.024989
0.025002
0.025016
0.025029
0.052219
0.052442
0.052459
0.052474
0.052487
0.052500
0.052514
0.052527
0.052539
0.052552
0.052565
0.024325
0.024540
0.024557
0.024571
0.024594
0.024607
0.024620
0.024633
0.024647
0.024660
0.024673
0.024397
0.024610
0.024627
0.024649
0.024663
0.024676
0.024689
0.024702
0.024715
0.024728
0.024740
0.024622
0.024844
0.024864
0.024878
0.024892
0.024905
0.024919
0.024932
0.024945
0.024958
0.024971
0.024710
0.024940
0.024958
0.024972
0.024986
0.024999
0.025012
0.025025
0.025038
0.025051
0.025064
0.024666
0.024885
0.024903
0.024918
0.024931
0.024945
0.024959
0.024971
0.024985
0.024998
0.025011
0.024712
0.024928
0.024945
0.024959
0.024982
0.024996
0.025009
0.025022
0.025035
0.025048
0.025060
0.024802
0.025029
0.025049
0.025067
0.025084
0.025100
0.025116
0.025132
0.025148
0.025166
0.025181
0.024188
0.024418
0.024439
0.024456
0.024472
0.024487
0.024503
0.024518
0.024534
0.024549
0.024565
0.023788
0.024011
0.024031
0.024048
0.024065
0.024081
0.024097
0.024112
0.024128
0.024143
0.024159
0.051349
0.051575
0.051596
0.051613
0.051630
0.051646
0.051662
0.051678
0.051694
0.051709
0.051725
0.024497
0.024727
0.024749
0.024766
0.024784
0.024801
0.024817
0.024832
0.024848
0.024863
0.024879
0.024302
0.024528
0.024549
0.024566
0.024582
0.024598
0.024613
0.024629
0.024644
0.024660
0.024675
0.024706
0.024933
0.024954
0.024971
0.024988
0.025004
0.025019
0.025035
0.025050
0.025066
0.025082
0.025927
0.026153
0.026170
0.026184
0.026197
0.026211
0.026224
0.026237
0.026249
0.026262
0.026275
0.025509
0.025734
0.025752
0.025766
0.025780
0.025793
0.025806
0.025819
0.025833
0.025846
0.025858
0.025500
0.025723
0.025741
0.025755
0.025769
0.025782
0.025795
0.025807
0.025820
0.025834
0.025847
0.025486
0.025707
0.025725
0.025740
0.025753
0.025767
0.025780
0.025793
0.025806
0.025819
0.025832
0.025489
0.025711
0.025728
0.025743
0.025756
0.025770
0.025783
0.025796
0.025809
0.025826
0.025839
0.025532
0.025755
0.025773
0.025788
0.025801
0.025815
0.025828
0.025846
0.025859
0.025872
0.025885
0.054487
0.054708
0.054725
0.054740
0.054754
0.054767
0.054780
0.054793
0.054806
0.054820
0.054833
0.025824
0.026050
0.026068
0.026082
0.026096
0.026109
0.026122
0.026135
0.026148
0.026161
0.026173
0.025819
0.026041
0.026057
0.026072
0.026085
0.026098
0.026111
0.026125
0.026138
0.026152
0.026165
0.025876
0.026102
0.026119
0.026133
0.026147
0.026161
0.026174
0.026187
0.026200
0.026214
0.026227
0.025156
0.025379
0.025397
0.025412
0.025425
0.025439
0.025452
0.025466
0.025479
0.025492
0.025505
0.024913
0.025141
0.025159
0.025174
0.025190
