1.408537
0.025914
0.026137
0.026167
0.026204
0.026229
0.026255
0.026279
0.026303
0.026327
0.026351
0.026375
0.026731
0.026980
0.027013
0.027042
0.027068
0.027094
0.027119
0.027143
0.027167
0.027191
0.027215
0.024593
0.024812
0.024832
0.024849
0.024866
0.024882
0.024898
0.024913
0.024928
0.024943
0.024959
0.030173
0.030434
0.030475
0.030503
0.030530
0.030556
0.030581
0.030606
0.030630
0.030652
0.030672
0.031592
0.031846
0.031880
0.031904
0.031924
0.031945
0.031969
0.031991
0.032014
0.032036
0.032058
0.034155
0.034418
0.034451
0.034475
0.034495
0.034515
0.034535
0.034555
0.034574
0.034593
0.034614
0.041701
0.041932
0.041954
0.041974
0.042003
0.042024
0.042047
0.042067
0.042088
0.042108
0.042129
0.033578
0.033814
0.033836
0.033855
0.033873
0.033890
0.033907
0.033924
0.033942
0.033959
0.033976
0.044913
0.045145
0.045168
0.045190
0.045211
0.045231
0.045252
0.045272
0.045292
0.045312
0.045331
0.070376
0.070612
0.070646
0.070666
0.070688
0.070709
0.070730
0.070757
0.070778
0.070799
0.070819
0.042918
0.043160
0.043186
0.043216
0.043235
0.043256
0.043275
0.043295
0.043316
0.043336
0.043357
0.042454
0.042687
0.042711
0.042740
0.042760
0.042783
0.042802
0.042822
0.042842
0.042862
0.042882
0.032899
0.033144
0.033167
0.033185
0.033204
0.033222
0.033240
0.033257
0.033275
0.033292
0.033309
0.033171
0.033401
0.033422
0.033440
0.033458
0.033478
0.033496
0.033513
0.033530
0.033548
0.033565
0.033925
0.034157
0.034188
0.034207
0.034226
0.034244
0.034261
0.034279
0.034297
0.034315
0.034333
0.032796
0.033036
0.033066
0.033085
0.033105
0.033123
0.033140
0.033157
0.033177
0.033195
0.033213
0.032617
0.032834
0.032855
0.032882
0.032900
0.032918
0.032936
0.032954
0.032971
0.032989
0.033006
0.033077
0.033315
0.033337
0.033355
0.033373
0.033391
0.033408
0.033431
0.033448
0.033466
0.033484
0.033166
0.033379
0.033400
0.033432
0.033451
0.033468
0.033486
0.033504
0.033522
0.033540
0.033557
0.061440
0.061646
0.061676
0.061694
0.061713
0.061731
0.061749
0.061766
0.061783
0.061800
0.061817
0.034209
0.034422
0.034443
0.034470
0.034488
0.034505
0.034523
0.034540
0.034558
0.034575
0.034592
0.035889
0.036106
0.036132
0.036151
0.036169
0.036186
0.036204
0.036221
0.036238
0.036255
0.036273
0.034213
0.034422
0.034443
0.034469
0.034487
0.034505
0.034523
0.034540
0.034559
0.034576
0.034594
0.035939
0.036156
0.036177
0.036196
0.036213
0.036231
0.036248
0.036266
0.036283
0.036305
0.036323
0.036401
0.036606
0.036627
0.036655
0.036673
0.036694
0.036711
0.036729
0.036747
0.036765
0.036783
0.035305
0.035507
0.035541
0.035561
0.035580
0.035599
0.035617
0.035635
0.035654
0.035671
0.035688
0.035079
0.035315
0.035336
0.035362
0.035381
0.035398
0.035416
0.035433
0.035450
0.035468
0.035486
0.034377
0.034583
0.034605
0.034632
0.034650
0.034668
0.034685
0.034703
0.034721
0.034738
0.034755
0.034944
0.035161
0.035183
0.035202
0.035220
0.035239
0.035257
0.035274
0.035292
0.035310
0.035328
0.060373
0.060602
0.060625
0.060645
0.060664
0.060683
0.060702
0.060720
0.060738
0.060756
0.060774
0.033464
0.033690
0.033711
0.033730
0.033748
0.033766
0.033783
0.033801
0.033820
0.033837
0.033854
0.033668
0.033893
0.033915
0.033934
0.033952
0.033970
0.033987
0.034004
0.034021
0.034038
0.034055
0.036336
0.036540
0.036574
0.036592
0.036612
0.036629
0.036647
