1.100804
0.029937
0.030167
0.030184
0.030199
0.030213
0.030227
0.030241
0.030255
0.030268
0.030281
0.030295
0.027190
0.027417
0.027433
0.027445
0.027458
0.027473
0.027486
0.027499
0.027513
0.027525
0.027539
0.026745
0.026971
0.026987
0.027001
0.027014
0.027027
0.027041
0.027055
0.027068
0.027081
0.027095
0.026553
0.026781
0.026800
0.026814
0.026828
0.026841
0.026854
0.026873
0.026886
0.026901
0.026914
0.026788
0.027015
0.027034
0.027047
0.027062
0.027076
0.027089
0.027102
0.027116
0.027129
0.027142
0.026375
0.026592
0.026619
0.026634
0.026648
0.026661
0.026675
0.026688
0.026700
0.026713
0.026726
0.025605
0.025840
0.025857
0.025871
0.025885
0.025898
0.025913
0.025926
0.025941
0.025963
0.025977
0.025313
0.025544
0.025561
0.025576
0.025589
0.025602
0.025615
0.025628
0.025641
0.025654
0.025666
0.025465
0.025695
0.025712
0.025727
0.025740
0.025753
0.025766
0.025779
0.025792
0.025805
0.025817
0.051827
0.052053
0.052070
0.052084
0.052097
0.052110
0.052123
0.052138
0.052151
0.052164
0.052177
0.025920
0.026157
0.026185
0.026209
0.026234
0.026258
0.026282
0.026305
0.026329
0.026354
0.026377
0.026449
0.026682
0.026708
0.026733
0.026758
0.026785
0.026809
0.026833
0.026856
0.026881
0.026904
0.026390
0.026622
0.026647
0.026671
0.026694
0.026718
0.026742
0.026767
0.026791
0.026815
0.026839
0.026340
0.026578
0.026602
0.026626
0.026649
0.026677
0.026701
0.026725
0.026749
0.026773
0.026796
0.027025
0.027258
0.027282
0.027304
0.027329
0.027355
0.027379
0.027403
0.027426
0.027450
0.027473
0.026198
0.026439
0.026468
0.026495
0.026520
0.026545
0.026569
0.026593
0.026620
0.026644
0.026669
0.025979
0.026220
0.026251
0.026278
0.026305
0.026329
0.026353
0.026377
0.026401
0.026424
0.026447
0.027166
0.027397
0.027414
0.027428
0.027442
0.027455
0.027468
0.027481
0.027494
0.027507
0.027519
0.026141
0.026371
0.026388
0.026405
0.026419
0.026432
0.026445
0.026458
0.026471
0.026483
0.026496
0.050351
0.050590
0.050608
0.050622
0.050635
0.050648
0.050661
0.050674
0.050687
0.050700
0.050713
0.029757
0.030001
0.030019
0.030033
0.030046
0.030059
0.030072
0.030085
0.030098
0.030111
0.030123
0.033279
0.033537
0.033560
0.033588
0.033606
0.033624
0.033642
0.033660
0.033678
0.033695
0.033713
0.033816
0.034281
0.034336
0.034379
0.034417
0.034456
0.034493
0.034530
0.034567
0.034604
0.034641
0.035591
0.035856
0.035878
0.035897
0.035915
0.035934
0.035951
0.035969
0.035986
0.036004
0.036022
0.029425
0.029650
0.029668
0.029682
0.029696
0.029712
0.029726
0.029739
0.029752
0.029765
0.029778
0.027065
0.027293
0.027311
0.027325
0.027339
0.027353
0.027366
0.027379
0.027392
0.027405
0.027417
0.026668
0.026900
0.026917
0.026931
0.026945
0.026958
0.026971
0.026984
0.026998
0.027011
0.027024
0.025920
0.026146
0.026164
0.026178
0.026191
0.026204
0.026217
0.026230
0.026243
0.026255
0.026268
0.026517
0.026798
0.026823
0.026853
0.026874
0.026894
