1.132857
0.028108
0.028323
0.028340
0.028353
0.028377
0.028390
0.028410
0.028424
0.028437
0.028451
0.028464
0.025578
0.025803
0.025820
0.025834
0.025848
0.025862
0.025875
0.025888
0.025901
0.025914
0.025927
0.040058
0.040289
0.040306
0.040319
0.040334
0.040354
0.040376
0.040401
0.040424
0.040449
0.040473
0.029933
0.030152
0.030168
0.030180
0.030202
0.030231
0.030258
0.030284
0.030312
0.030337
0.030362
0.024750
0.025035
0.025077
0.025102
0.025126
0.025147
0.025169
0.025191
0.025212
0.025233
0.025252
0.025513
0.025743
0.025761
0.025777
0.025790
0.025803
0.025816
0.025829
0.025842
0.025855
0.025867
0.023762
0.023979
0.024013
0.024027
0.024041
0.024054
0.024070
0.024083
0.024097
0.024110
0.024123
0.025180
0.025405
0.025423
0.025437
0.025450
0.025463
0.025476
0.025489
0.025501
0.025515
0.025527
0.024891
0.025121
0.025140
0.025154
0.025168
0.025182
0.025195
0.025209
0.025222
0.025235
0.025248
0.053149
0.053435
0.053460
0.053491
0.053512
0.053532
0.053554
0.053578
0.053597
0.053611
0.053624
0.024808
0.025024
0.025050
0.025065
0.025079
0.025095
0.025112
0.025129
0.025144
0.025159
0.025175
0.024052
0.024284
0.024303
0.024320
0.024336
0.024354
0.024370
0.024386
0.024401
0.024417
0.024432
0.024290
0.024525
0.024545
0.024562
0.024578
0.024593
0.024610
0.024626
0.024642
0.024658
0.024673
0.024129
0.024345
0.024364
0.024389
0.024406
0.024425
0.024442
0.024457
0.024474
0.024489
0.024505
0.024264
0.024491
0.024511
0.024528
0.024543
0.024559
0.024574
0.024590
0.024607
0.024623
0.024639
0.024122
0.024351
0.024372
0.024390
0.024405
0.024421
0.024436
0.024451
0.024470
0.024486
0.024501
0.023261
0.023503
0.023532
0.023549
0.023567
0.023583
0.023599
0.023614
0.023630
0.023646
0.023662
0.023927
0.024141
0.024170
0.024187
0.024202
0.024219
0.024236
0.024252
0.024267
0.024282
0.024298
0.025083
0.025308
0.025327
0.025347
0.025364
0.025381
0.025397
0.025412
0.025427
0.025443
0.025458
0.048399
0.048622
0.048640
0.048657
0.048673
0.048688
0.048702
0.048718
0.048733
0.048748
0.048762
0.024352
0.024581
0.024601
0.024619
0.024636
0.024652
0.024668
0.024684
0.024699
0.024716
0.024731
0.023534
0.023762
0.023786
0.023804
0.023820
0.023836
0.023851
0.023866
0.023882
0.023897
0.023913
0.023586
0.023821
0.023841
0.023857
0.023873
0.023889
0.023905
0.023921
0.023936
0.023952
0.023968
0.024019
0.024250
0.024268
0.024282
0.024296
0.024309
0.024322
0.024335
0.024348
0.024361
0.024374
0.023152
0.023361
0.023388
0.023402
0.023417
0.023433
0.023446
0.023459
0.023472
0.023486
0.023500
0.024501
0.024745
0.024772
0.024795
0.024818
0.024836
0.024850
0.024863
0.024877
0.024889
0.024902
0.025823
0.026066
0.026097
0.026125
0.026151
0.026177
0.026201
0.026225
0.026249
0.026273
0.026298
0.023353
0.023588
0.023620
0.023645
0.023671
0.023695
0.023718
0.023743
0.023766
0.023790
0.023814
0.025024
0.025267
0.025301
0.025327
0.025352
0.025377
0.025402
0.025426
0.025451
0.025475
0.025500
0.049403
0.049627
0.049645
0.049659
0.049673
0.049686
0.049699
0.049713
0.049726
0.049739
0.049752
0.024229
0.024457
0.024474
0.024489
0.024503
0.024516
0.024529
0.024543
0.024556
0.024570
0.024583
0.023365
0.023578
0.023606
0.023620
0.023634
0.023647
0.023661
0.023674
0.023687
0.023700
0.023713
0.023486
0.023718
0.023740
0.023754
0.023768
0.023782
0.023795
0.023809
0.023823
0.023836
0.023849
0.023507
0.023730
0.023747
0.023762
0.023775
0.023788
0.023802
0.023815
0.023829
0.023842
0.023855
0.023853
0.024079
0.024097
0.024111
0.024125
0.024139
0.024153
0.024166
0.024179
0.024193
0.024206
0.023930
0.024145
0.024173
0.024187
0.024201
0.024214
0.024227
0.024240
0.024253
0.024266
0.024278
0.023786
0.024029
0.024049
0.024067
0.024082
0.024096
0.024109
0.024122
0.024135
0.024151
0.024166
0.023406
0.023632
0.023650
0.023664
0.023681
0.023696
0.023711
0.023732
0.023745
0.023758
0.023771
0.025060
0.025282
0.025300
0.025315
0.025328
0.025342
0.025355
0.025368
0.025381
0.025394
0.025408
0.050778
0.051004
0.051023
0.051040
0.051055
0.051071
0.051085
0.051101
0.051116
0.051131
0.051146
0.024348
0.024572
0.024590
0.024605
0.024618
0.024632
0.024645
0.024658
0.024671
0.024684
0.024697
0.024041
0.024272
0.024289
0.024303
0.024317
0.024330
0.024343
0.024356
0.024369
0.024382
0.024395
0.024866
0.025096
0.025114
0.025128
0.025142
0.025155
0.025168
0.025181
0.025194
0.025207
0.025220
0.023328
0.023551
0.023571
0.023585
0.023599
0.023612
0.023625
0.023638
0.023652
0.023665
0.023678
0.024979
0.025200
0.025227
0.025251
0.025282
0.025307
0.025329
0.025343
0.025356
0.025369
0.025383
0.026155
0.026382
0.026400
0.026414
0.026428
0.026441
0.026454
0.026468
0.026480
0.026493
0.026506
0.025486
0.025713
0.025730
0.025745
0.025759
0.025772
0.025785
0.025797
0.025810
0.025823
0.025836
0.025434
0.025656
0.025676
0.025690
0.025704
0.025717
0.025731
0.025746
0.025761
0.025778
0.025791
0.025019
0.025231
0.025259
0.025274
0.025287
0.025303
0.025320
0.025336
0.025351
0.025367
0.025382
0.051625
0.051861
0.051894
0.051923
0.051948
0.051973
0.051997
0.052022
0.052046
0.052071
0.052095
0.025197
0.025433
0.025464
0.025492
0.025520
0.025545
0.025571
0.025596
0.025620
0.025644
0.025668
0.026039
0.026271
0.026296
0.026320
0.026345
0.026370
0.026395
0.026418
0.026443
0.026467
0.026491
0.025004
0.025231
0.025256
0.025280
0.025304
0.025328
0.025352
0.025376
0.025400
0.025424
0.025446
0.024178
0.024408
0.024432
0.024457
0.024480
0.024505
0.024530
0.024555
0.024579
0.024603
0.024626
0.024805
0.025045
0.025075
0.025103
0.025132
0.025156
0.025181
0.025204
0.025229
0.025252
0.025277
0.025682
0.025905
0.025924
0.025939
0.025952
0.025966
0.025980
0.025992
0.026006
0.026018
0.026031
0.024737
0.024965
0.024983
0.024998
0.025012
0.025026
0.025038
0.025052
0.025065
0.025078
0.025091
0.026321
0.026545
0.026563
0.026577
0.026591
0.026605
0.026618
0.026631
0.026644
0.026657
0.026670
0.026196
0.026420
0.026438
0.026452
0.026466
0.026479
0.026492
0.026505
0.026518
0.026531
0.026544
0.050576
0.050811
0.050829
0.050844
0.050858
0.050871
0.050884
0.050898
0.050911
0.050924
0.050936
0.026551
0.026778
0.026795
0.026810
0.026824
0.026837
0.026851
0.026864
0.026877
0.026889
0.026902
0.025126
0.025352
0.025369
0.025384
0.025397
0.025410
0.025424
0.025437
0.025452
0.025465
0.025478
0.026099
0.026326
0.026344
0.026358
0.026371
0.026385
0.026398
0.026411
0.026424
0.026437
0.026450
0.024967
0.025181
0.025208
0.025222
0.025236
0.025249
0.025263
0.025275
0.025288
0.025301
0.025314
0.025671
0.025898
0.025916
0.025930
0.025944
0.025957
0.025970
0.025984
0.025996
0.026009
0.026022
0.025637
0.025868
0.025896
0.025922
