1.601724
0.034192
0.034422
0.034444
0.034463
0.034481
0.034498
0.034515
0.034533
0.034551
0.034568
0.034585
0.032757
0.032986
0.033007
0.033025
0.033043
0.033062
0.033080
0.033097
0.033114
0.033132
0.033149
0.032004
0.032216
0.032246
0.032266
0.032284
0.032303
0.032321
0.032339
0.032356
0.032374
0.032391
0.032117
0.032340
0.032362
0.032380
0.032398
0.032415
0.032433
0.032450
0.032468
0.032485
0.032503
0.032882
0.033100
0.033131
0.033149
0.033167
0.033185
0.033203
0.033220
0.033238
0.033257
0.033274
0.033587
0.033809
0.033831
0.033851
0.033869
0.033887
0.033904
0.033921
0.033939
0.033956
0.033974
0.033420
0.033635
0.033657
0.033675
0.033693
0.033710
0.033731
0.033749
0.033767
0.033785
0.033803
0.034192
0.034409
0.034439
0.034457
0.034475
0.034492
0.034509
0.034527
0.034544
0.034561
0.034579
0.033278
0.033500
0.033522
0.033541
0.033559
0.033577
0.033595
0.033612
0.033630
0.033648
0.033666
0.058150
0.058369
0.058390
0.058409
0.058431
0.058449
0.058467
0.058487
0.058504
0.058522
0.058540
0.033689
0.033905
0.033927
0.033946
0.033964
0.033982
0.034000
0.034017
0.034035
0.034052
0.034070
0.033340
0.033548
0.033577
0.033595
0.033613
0.033632
0.033649
0.033666
0.033684
0.033702
0.033719
0.033773
0.033977
0.034007
0.034025
0.034044
0.034063
0.034081
0.034098
0.034116
0.034134
0.034152
0.033531
0.033742
0.033764
0.033783
0.033800
0.033821
0.033838
0.033855
0.033872
0.033890
0.033907
0.034343
0.034559
0.034580
0.034608
0.034625
0.034643
0.034660
0.034677
0.034694
0.034712
0.034729
0.033918
0.034123
0.034143
0.034170
0.034188
0.034205
0.034223
0.034240
0.034260
0.034278
0.034295
0.034449
0.034665
0.034687
0.034705
0.034723
0.034740
0.034758
0.034775
0.034793
0.034810
0.034827
0.033690
0.033908
0.033929
0.033947
0.033965
0.033983
0.034000
0.034018
0.034035
0.034052
0.034070
0.033359
0.033587
0.033608
0.033631
0.033648
0.033666
0.033683
0.033700
0.033717
0.033735
0.033752
0.058745
0.058970
0.058993
0.059012
0.059030
0.059048
0.059066
0.059083
0.059101
0.059118
0.059135
0.034219
0.034436
0.034467
0.034485
0.034502
0.034520
0.034538
0.034555
0.034573
0.034590
0.034608
0.033632
0.033868
0.033892
0.033911
0.033929
0.033946
0.033963
0.033981
0.033998
