1.446426
0.035921
0.036150
0.036181
0.036200
0.036219
0.036237
0.036255
0.036272
0.036290
0.036308
0.036325
0.034967
0.035198
0.035220
0.035238
0.035256
0.035274
0.035292
0.035310
0.035327
0.035344
0.035362
0.036208
0.036422
0.036443
0.036463
0.036482
0.036513
0.036532
0.036550
0.036567
0.036586
0.036605
0.037167
0.037381
0.037401
0.037427
0.037446
0.037463
0.037481
0.037499
0.037517
0.037534
0.037552
0.036366
0.036581
0.036602
0.036630
0.036649
0.036668
0.036687
0.036705
0.036724
0.036742
0.036760
0.035653
0.035878
0.035901
0.035926
0.035945
0.035964
0.035982
0.035999
0.036017
0.036034
0.036052
0.035044
0.035255
0.035276
0.035304
0.035322
0.035340
0.035360
0.035378
0.035396
0.035414
0.035432
0.035654
0.035895
0.035918
0.035937
0.035954
0.035972
0.035990
0.036007
0.036025
0.036042
0.036060
0.034980
0.035214
0.035236
0.035254
0.035272
0.035290
0.035307
0.035324
0.035342
0.035360
0.035377
0.060929
0.061151
0.061172
0.061191
0.061209
0.061226
0.061243
0.061263
0.061280
0.061298
0.061315
0.036582
0.036813
0.036835
0.036853
0.036871
0.036889
0.036906
0.036924
0.036943
0.036961
0.036978
0.035781
0.036010
0.036032
0.036050
0.036068
0.036088
0.036107
0.036125
0.036143
0.036164
0.036181
0.038739
0.038982
0.039005
0.039034
0.039053
0.039073
0.039092
0.039111
0.039131
0.039150
0.039170
0.045171
0.045412
0.045432
0.045473
0.045497
0.045521
0.045542
0.045562
0.045583
0.045604
0.045624
0.036089
0.036309
0.036332
0.036350
0.036369
0.036386
0.036404
0.036422
0.036440
0.036457
0.036474
0.042277
0.042479
0.042496
0.042510
0.042523
0.042536
0.042549
0.042562
0.042578
0.042591
0.042603
0.044780
0.045028
0.045057
0.045092
0.045118
0.045143
0.045165
0.045186
0.045207
0.045228
0.045247
0.042888
0.043120
0.043143
0.043171
0.043191
0.043211
0.043231
0.043258
0.043280
0.043301
0.043321
0.035662
0.035879
0.035910
0.035931
0.035949
0.035966
0.035984
0.036001
0.036019
0.036036
0.036053
0.062241
0.062469
0.062490
0.062508
0.062526
0.062543
0.062561
0.062579
0.062597
0.062614
0.062631
0.036440
0.036680
0.036702
0.036721
0.036740
0.036757
0.036775
0.036792
0.036809
0.036827
0.036844
0.035953
0.036187
0.036212
0.036231
0.036249
0.036267
0.036285
0.036303
0.036320
0.036337
0.036355
0.040322
0.040569
0.040593
0.040613
0.040641
0.040661
0.040680
0.040699
0.040719
0.040738
0.040758
0.035531
0.035761
0.035784
0.035803
0.035821
0.035839
0.035856
0.035874
0.035891
0.035908
0.035925
0.036235
0.036453
0.036475
0.036494
0.036512
0.036532
0.036550
0.036567
0.036585
0.036603
0.036620
0.039935
0.040157
0.040190
0.040212
0.040234
0.040254
0.040275
0.040297
0.040318
0.040337
0.040358
0.044550
0.044786
0.044811
0.044831
0.044859
0.044878
0.044898
0.044917
0.044936
0.044956
0.044977
0.044691
0.044990
0.045015
0.045045
0.045065
0.045085
