89	280	1188	250
76	277	1211	255
76	279	1222	257
77	282	1234	259
78	285	1246	262
78	287	1258	265
79	290	1270	267
80	293	1282	270
81	296	1294	272
82	298	1306	275
82	301	1318	277
83	304	1330	280
90	272	1164	245
91	271	1159	244
92	271	1155	243
93	270	1151	242
95	270	1147	241
96	269	1142	240
97	269	1138	239
98	268	1134	238
100	268	1130	237
101	267	1125	236
102	267	1121	235
112	285	1119	235
113	284	1114	234
115	285	1110	233
116	286	1106	232
118	286	1102	231
120	287	1098	230
122	287	1094	229
123	288	1089	228
125	289	1085	227
127	289	1081	226
129	290	1077	225
123	288	1097	230
124	288	1092	229
126	289	1090	228
127	289	1087	227
128	289	1084	227
129	290	1081	226
131	290	1078	225
132	291	1075	225
133	291	1073	224
135	292	1070	224
136	292	1067	223
112	294	1119	235
113	294	1116	234
113	294	1116	234
113	295	1116	234
112	295	1116	234
112	296	1116	234
112	296	1117	234
112	297	1117	234
112	297	1117	234
112	298	1117	234
112	298	1117	234
112	303	1119	235
111	303	1119	235
111	304	1119	235
111	304	1119	235
111	305	1119	235
111	306	1120	235
111	306	1120	235
111	307	1120	235
110	308	1120	235
110	309	1121	235
110	309	1121	235
134	308	1076	226
133	308	1076	226
135	309	1073	225
136	309	1071	225
137	310	1069	224
138	310	1067	224
139	311	1064	223
140	312	1062	223
142	312	1060	222
143	313	1057	222
144	313	1055	221
112	312	1119	235
113	312	1116	234
112	312	1118	234
111	313	1119	235
111	313	1120	235
110	314	1122	235
109	314	1123	235
109	315	1124	236
108	315	1126	236
107	316	1127	236
106	316	1128	237
114	296	1097	230
113	296	1098	230
113	295	1097	230
112	294	1097	230
112	294	1096	229
112	293	1096	229
111	292	1095	229
111	292	1095	229
111	291	1094	229
111	290	1094	229
110	289	1093	229
92	301	1141	240
91	300	1140	239
90	300	1142	240
89	300	1144	240
87	300	1146	241
86	299	1149	241
85	299	1151	242
83	299	1153	242
82	299	1155	243
81	299	1157	243
80	299	1159	244
71	308	1164	245
69	307	1166	245
67	308	1168	245
66	308	1170	246
64	309	1172	246
62	309	1175	247
61	309	1177	247
59	310	1179	248
57	310	1181	248
55	311	1184	249
54	311	1186	249
61	299	1164	245
59	299	1166	245
58	299	1167	245
56	298	1168	245
55	298	1168	246
54	298	1169	246
53	297	1170	246
51	297	1171	246
50	297	1172	246
49	296	1173	247
47	296	1174	247
29	296	1187	249
27	295	1187	249
25	295	1189	249
23	295	1190	249
21	294	1192	250
18	294	1194	250
16	294	1195	250
14	293	1197	250
12	293	1198	251
9	293	1200	251
7	292	1201	251
9	286	1187	249
6	285	1188	249
4	284	1189	249
2	284	1189	249
0	283	1190	249
-1	282	1191	249
-3	282	1191	249
-5	281	1192	249
-7	280	1193	250
-9	280	1193	250
-11	279	1194	250
27	284	1211	254
24	283	1211	254
25	282	1213	254
25	282	1214	254
25	282	1216	255
25	281	1217	255
26	281	1219	255
26	280	1220	255
26	280	1222	256
26	280	1223	256
26	279	1225	256
-7	278	1260	265
-6	277	1261	265
-8	277	1264	266
-10	276	1268	266
-11	276	1271	267
-13	275	1274	268
-15	275	1278	269
-16	274	1281	269
-18	274	1285	270
-20	273	1288	271
-21	273	1291	271
-27	265	1280	269
-28	264	1283	269
-30	263	1285	270
-32	262	1288	270
-34	261	1290	271
-36	260	1293	271
-38	259	1295	272
-39	259	1298	272
-41	258	1301	273
-43	257	1303	274
-45	256	1306	274
17	281	1230	258
15	280	1232	258
16	280	1230	258
18	281	1228	257
20	281	1227	257
21	282	1225	256
23	282	1223	256
25	283	1221	256
27	283	1219	255
28	284	1217	255
30	284	1216	254
3	296	1279	269
4	296	1277	268
4	297	1278	268
4	298	1280	269
4	299	1282	269
5	300	1284	270
5	302	1285	270
5	303	1287	270
5	304	1289	271
5	305	1291	271
5	306	1292	272
25	318	1280	269
25	319	1281	269
26	320	1282	269
27	322	1283	269
28	324	1284	269
29	325	1285	270
30	327	1286	270
32	329	1287	270
33	330	1288	270
34	332	1289	270
35	334	1290	271
30	324	1230	258
31	325	1230	258
31	326	1228	257
32	327	1226	257
33	328	1223	256
34	329	1221	256
35	330	1218	255
35	331	1216	254
36	332	1213	254
37	333	1211	253
38	334	1208	253
28	331	1254	264
28	332	1251	263
28	332	1251	263
29	333	1251	263
29	334	1252	263
29	335	1252	263
29	335	1252	263
29	336	1252	263
30	337	1252	264
30	338	1253	264
30	338	1253	264
7	321	1254	264
7	321	1254	264
6	321	1254	264
4	321	1254	264
3	320	1254	264
2	320	1255	264
1	320	1255	264
0	320	1255	264
0	319	1255	264
-1	319	1255	264
-2	319	1256	264
-88	316	1206	253
-89	315	1206	253
-94	315	1203	252
-100	314	1201	251
-106	314	1198	251
-112	313	1195	250
-118	313	1193	250
-123	313	1190	249
-129	312	1188	248
-135	312	1185	248
-141	311	1183	247
-112	290	1254	264
-117	289	1251	263
-121	287	1252	263
-125	286	1254	264
-129	284	1255	264
-133	283	1257	264
-137	281	1258	265
-140	279	1260	265
-144	278	1261	265
-148	276	1263	266
-152	274	1264	266
-70	303	1230	258
-73	301	1231	258
-72	301	1231	258
-72	301	1230	258
-71	301	1229	257
-70	301	1229	257
-69	301	1228	257
-68	301	1228	257
-67	301	1227	257
-66	301	1227	257
-65	301	1226	257
-58	295	1206	253
-57	295	1205	252
-55	294	1203	252
-54	294	1202	252
-53	293	1200	251
-51	293	1198	251
-50	293	1197	251
-49	292	1195	250
-47	292	1193	250
-46	292	1192	249
-45	291	1190	249
-58	285	1206	253
-56	284	1204	252
-56	283	1203	252
-55	283	1202	252
-55	282	1202	252
-54	281	1201	252
-54	281	1200	251
-53	280	1200	251
-53	279	1199	251
-52	278	1198	251
-51	278	1198	251
-60	283	1230	258
-59	282	1229	257
-59	281	1230	258
-59	281	1231	258
-59	281	1232	258
-59	280	1233	258
-59	280	1234	258
-59	279	1235	259
-59	279	1237	259
-59	279	1238	259
-59	278	1239	259
51	255	1206	253
50	254	1207	253
57	252	1206	253
63	251	1205	252
69	249	1204	252
75	247	1203	252
81	246	1203	252
87	244	1202	252
94	242	1201	252
100	241	1200	251
106	239	1199	251
47	260	1254	264
53	258	1253	263
55	257	1255	264
58	257	1257	264
60	256	1259	265
63	256	1262	265
65	256	1264	266
68	255	1266	266
70	255	1268	267
73	254	1271	268
75	254	1273	268
46	268	1280	269
48	267	1282	269
49	267	1284	270
49	268	1287	270
50	268	1289	271
51	268	1292	271
52	269	1294	272
52	269	1297	272
53	269	1299	273
54	270	1302	273
55	270	1304	274
24	290	1280	269
24	290	1282	269
23	291	1283	269
22	293	1284	269
21	294	1285	270
20	295	1286	270
19	297	1287	270
18	298	1288	270
17	300	1289	270
16	301	1290	271
15	302	1291	271
5	283	1254	264
3	284	1255	264
2	284	1253	263
0	284	1252	263
0	285	1251	263
-2	285	1250	263
-3	285	1249	263
-5	285	1248	262
-6	285	1246	262
-8	286	1245	262
-10	286	1244	262
6	242	1254	264
4	242	1252	263
3	239	1252	263
3	237	1251	263
2	235	1251	263
2	233	1250	263
1	230	1250	263
0	228	1249	263
0	226	1248	263
0	224	1248	262
0	221	1247	262
4	282	1280	269
3	279	1279	268
3	280	1280	269
2	282	1281	269
2	283	1283	269
2	284	1284	269
2	285	1285	270
1	286	1286	270
1	288	1288	270
1	289	1289	270
0	290	1290	271
4	282	1280	269
3	283	1281	269
3	283	1281	269
3	284	1282	269
3	285	1283	269
3	285	1283	269
3	286	1284	269
3	287	1284	269
3	287	1285	270
2	288	1285	270
2	289	1286	270
15	282	1280	269
14	282	1280	269
15	282	1280	269
16	283	1280	269
16	283	1281	269
17	283	1281	269
17	283	1281	269
18	284	1281	269
18	284	1281	269
19	284	1282	269
20	284	1282	269
50	288	1230	258
50	288	1230	258
52	288	1227	257
54	289	1224	256
57	289	1222	256
59	289	1219	255
61	290	1216	255
63	290	1213	254
66	291	1211	253
68	291	1208	253
70	291	1205	252
40	277	1230	258
42	277	1227	257
42	276	1226	257
43	276	1224	256
43	276	1223	256
43	275	1222	256
44	275	1221	256
44	274	1219	255
44	274	1218	255
45	273	1217	255
45	273	1216	254
28	285	1254	264
28	284	1252	263
27	284	1253	263
27	284	1254	264
26	285	1255	264
25	285	1256	264
25	285	1257	264
24	285	1258	265
24	286	1259	265
23	286	1260	265
