1.842085
0.041231
0.041509
0.041527
0.041542
0.041557
0.041571
0.041585
0.041599
0.041614
0.041628
0.041642
0.028590
0.028890
0.028935
0.028961
0.028984
0.029006
0.029024
0.029038
0.029052
0.029065
0.029079
0.027709
0.027951
0.027969
0.027984
0.027999
0.028013
0.028027
0.028040
0.028054
0.028067
0.028081
0.029529
0.029749
0.029776
0.029791
0.029804
0.029818
0.029831
0.029845
0.029857
0.029870
0.029883
0.028747
0.028967
0.028985
0.028998
0.029021
0.029034
0.029047
0.029061
0.029074
0.029087
0.029100
0.026670
0.026894
0.026911
0.026926
0.026940
0.026955
0.026968
0.026982
0.026995
0.027008
0.027021
0.026166
0.026392
0.026409
0.026423
0.026436
0.026450
0.026465
0.026478
0.026491
0.026503
0.026516
0.026109
0.026336
0.026356
0.026373
0.026390
0.026406
0.026421
0.026436
0.026450
0.026465
0.026480
0.026293
0.026520
0.026537
0.026555
0.026570
0.026586
0.026601
0.026616
0.026631
0.026646
0.026660
0.051096
0.051324
0.051344
0.051361
0.051378
0.051394
0.051409
0.051427
0.051442
0.051458
0.051473
0.025762
0.025996
0.026015
0.026030
0.026046
0.026061
0.026076
0.026091
0.026107
0.026121
0.026136
0.025434
0.025656
0.025673
0.025687
0.025700
0.025717
0.025729
0.025743
0.025756
0.025769
0.025781
0.025493
0.025715
0.025732
0.025746
0.025759
0.025773
0.025785
0.025798
0.025812
0.025825
0.025838
0.025559
0.025779
0.025805
0.025839
0.025870
0.025893
0.025908
0.025921
0.025947
0.025976
0.026001
0.026710
0.026923
0.026948
0.026963
0.026976
0.026989
0.027003
0.027017
0.027030
0.027043
0.027056
0.026421
0.026652
0.026669
0.026683
0.026696
0.026709
0.026722
0.026736
0.026752
0.026765
0.026778
0.025922
0.026141
0.026158
0.026172
0.026186
0.026200
0.026213
0.026227
0.026239
0.026252
0.026265
0.026273
0.026499
0.026515
0.026530
0.026543
0.026556
0.026569
0.026582
0.026595
0.026608
0.026620
0.027413
0.027641
0.027658
0.027675
0.027689
0.027702
0.027715
0.027728
0.027741
0.027754
0.027767
0.052463
0.052694
0.052711
0.052725
0.052739
0.052752
0.052765
0.052777
0.052790
0.052803
0.052816
0.027506
0.027734
0.027751
0.027765
0.027778
0.027791
0.027804
0.027817
0.027830
0.027843
0.027856
0.026081
0.026311
0.026331
0.026345
0.026358
0.026371
0.026384
0.026397
0.026410
0.026424
0.026437
0.025959
0.026210
0.026237
0.026252
0.026265
0.026278
0.026291
0.026304
0.026317
0.026329
0.026342
0.027797
0.028027
0.028044
0.028058
0.028072
0.028085
0.028099
0.028112
0.028125
0.028138
0.028151
0.026796
0.027025
0.027043
0.027057
0.027071
0.027087
0.027100
0.027112
0.027126
0.027139
0.027152
0.028540
0.028768
0.028785
0.028800
0.028814
0.028827
0.028840
0.028853
0.028866
0.028879
0.028891
0.027151
0.027372
0.027400
0.027414
0.027427
0.027440
0.027453
0.027466
0.027479
0.027492
0.027505
0.026532
0.026760
0.026778
0.026793
0.026807
0.026820
0.026834
0.026847
0.026860
0.026872
0.026885
0.026388
0.026624
0.026643
0.026657
0.026670
0.026683
0.026696
0.026709
0.026723
0.026743
0.026776
0.053109
0.053322
0.053349
0.053363
0.053377
0.053390
0.053403
0.053416
0.053433
0.053447
0.053460
0.029104
0.029338
0.029355
0.029369
0.029382
0.029395
0.029409
0.029423
0.029436
0.029449
0.029463
0.027175
0.027397
0.027423
0.027438
0.027451
0.027465
0.027477
0.027490
0.027503
0.027516
0.027529
0.029401
0.029621
0.029652
0.029666
0.029680
0.029693
0.029707
0.029720
0.029733
0.029747
0.029760
0.025816
0.026042
0.026060
0.026074
0.026088
0.026101
0.026114
0.026127
0.026140
0.026153
0.026167
0.026093
0.026319
0.026335
0.026350
0.026364
0.026377
0.026392
0.026407
0.026426
0.026442
0.026459
0.025965
0.026201
0.026221
0.026237
0.026253
0.026269
0.026284
0.026300
0.026316
0.026331
0.026347
0.033324
0.033587
0.033607
0.033633
0.033651
0.033670
0.033688
0.033706
0.033724
0.033746
0.033764
0.035422
0.035684
0.035704
0.035722
0.035740
0.035758
0.035776
0.035794
0.035811
0.035829
0.035847
0.039000
0.039435
0.039485
0.039527
0.039568
0.039607
0.039645
0.039683
0.039721
0.039759
0.039797
0.060677
0.060903
0.060920
0.060934
0.060948
0.060961
0.060974
0.060987
0.061000
0.061013
0.061026
0.026545
0.026774
0.026791
0.026805
0.026820
0.026833
0.026846
0.026860
0.026873
0.026886
0.026899
0.027933
0.028186
0.028212
0.028234
0.028253
0.028274
0.028297
0.028317
0.028333
0.028346
0.028363
0.026206
0.026442
0.026465
0.026485
0.026514
0.026533
0.026553
0.026572
0.026591
0.026610
0.026629
0.026156
0.026384
0.026402
0.026416
0.026429
0.026443
