14	198	1101	322
-8	190	1145	335
-8	191	1156	338
-8	193	1167	341
-8	195	1178	344
-8	197	1190	348
-8	199	1201	351
-8	201	1212	354
-8	203	1224	358
-8	205	1235	361
-8	206	1246	364
-8	208	1258	368
14	186	1100	321
15	185	1095	319
17	185	1091	318
19	184	1087	317
21	184	1083	315
23	184	1079	314
25	183	1075	313
27	183	1071	312
29	183	1067	310
31	182	1063	309
33	182	1059	308
35	192	1058	309
36	191	1053	307
38	192	1050	306
40	192	1046	305
42	192	1042	304
44	192	1038	303
46	192	1034	302
48	193	1030	300
50	193	1026	299
52	193	1022	298
54	193	1018	297
45	195	1037	303
46	195	1033	301
48	195	1030	301
49	195	1027	300
50	196	1025	299
52	196	1022	298
53	196	1019	297
54	196	1017	297
56	197	1014	296
57	197	1011	295
58	197	1009	294
55	205	1037	303
56	205	1034	302
57	205	1033	301
58	206	1032	301
59	207	1031	301
60	207	1030	301
61	208	1029	300
62	209	1028	300
63	209	1027	300
64	210	1026	299
65	211	1025	299
65	192	1058	309
66	192	1057	308
66	192	1057	308
67	191	1058	309
68	191	1059	309
69	190	1060	309
70	190	1061	309
71	190	1062	310
72	189	1063	310
73	189	1064	310
74	188	1064	310
96	178	1017	297
96	177	1017	297
99	176	1016	296
101	175	1014	296
103	174	1012	295
105	173	1010	295
107	172	1008	294
109	171	1006	294
111	170	1005	293
113	169	1003	292
115	168	1001	292
126	175	977	285
128	173	975	284
130	173	972	283
133	172	969	282
135	172	965	281
138	171	962	280
140	171	959	279
143	170	956	278
145	169	953	278
148	169	950	277
150	168	947	276
127	152	939	274
129	151	935	273
130	149	932	272
131	148	929	271
132	146	925	270
133	145	922	269
134	143	919	268
135	142	915	267
137	141	912	266
138	139	908	265
139	138	905	264
127	137	921	269
128	135	917	268
128	134	915	267
128	132	912	266
129	131	910	266
129	129	908	265
129	128	905	264
130	126	903	264
130	125	901	263
130	123	898	262
131	122	896	262
145	143	885	258
145	141	882	257
146	141	879	256
147	141	876	255
148	140	874	254
149	140	871	253
150	140	868	253
151	140	865	252
152	139	862	251
154	139	859	250
155	139	857	249
187	148	851	248
188	147	848	247
190	148	845	246
193	148	842	245
196	148	839	244
199	148	836	243
202	149	833	242
204	149	830	241
207	149	826	240
210	149	823	239
213	150	820	239
212	168	818	239
214	168	814	238
217	169	811	237
219	170	808	236
222	171	805	235
225	173	802	234
227	174	799	233
230	175	796	232
232	176	793	232
235	178	790	231
237	179	787	230
212	152	818	239
214	153	814	238
215	152	813	237
216	152	812	237
217	152	811	237
218	151	810	236
219	151	809	236
220	151	807	236
221	150	806	235
222	150	805	235
223	150	804	235
220	165	786	229
220	164	784	228
221	165	782	228
222	165	780	227
223	166	778	226
223	166	776	226
224	167	774	225
225	167	772	224
226	168	769	224
226	168	767	223
227	169	765	222
235	177	755	221
235	177	752	220
236	178	750	219
237	179	747	218
239	180	745	218
240	181	742	217
241	182	739	216
242	182	737	216
243	183	734	215
244	184	732	214
245	185	729	213
257	186	740	216
258	186	737	215
259	187	735	214
261	188	733	214
263	189	731	213
264	190	729	213
266	191	728	212
268	192	726	211
269	193	724	211
271	193	722	210
273	194	720	210
249	181	770	225
250	181	768	224
250	181	769	224
251	182	770	225
251	182	771	225
251	182	772	225
251	182	772	225
252	182	773	226
252	182	774	226
252	182	775	226
252	182	776	227
257	161	802	234
257	161	802	234
257	159	805	234
258	158	807	235
258	157	809	236
259	156	812	236
259	155	814	237
259	154	816	238
260	153	819	238
260	152	821	239
261	150	823	240
273	153	802	234
273	151	804	234
274	150	805	234
275	149	806	235
276	149	807	235
277	148	808	235
278	147	809	236
279	146	810	236
280	145	811	236
282	144	812	236
283	143	813	237
289	153	802	234
290	152	802	234
291	151	803	234
292	151	803	234
294	150	803	234
295	150	804	234
296	150	804	234
298	149	804	234
299	149	805	234
300	149	805	234
302	148	805	235
289	150	818	239
290	149	818	239
290	149	819	239
291	149	820	239
291	148	821	239
292	148	822	240
293	148	823	240
293	147	824	240
294	147	825	241
294	147	826	241
295	147	827	241
289	134	818	239
289	133	818	239
289	132	819	239
289	131	819	239
290	130	820	239
290	129	820	239
290	128	821	239
290	127	821	240
290	126	821	240
290	125	822	240
291	124	822	240
290	116	786	229
290	115	786	229
290	113	784	228
290	112	783	228
290	110	781	227
290	109	779	227
290	107	778	226
290	106	776	226
290	105	774	225
290	103	773	225
291	102	771	224
305	126	770	225
305	124	768	224
305	124	766	224
306	124	765	223
307	124	763	223
308	124	761	222
309	124	760	222
310	124	758	221
311	124	756	221
312	124	755	220
312	124	753	220
306	138	740	216
306	137	738	215
307	138	736	214
307	139	733	214
308	140	731	213
308	140	729	212
309	141	726	212
309	142	724	211
309	143	722	210
310	143	719	210
310	144	717	209
314	163	712	208
314	163	709	207
315	165	707	206
315	167	704	205
316	168	702	205
316	170	699	204
317	172	697	203
317	174	694	203
318	175	692	202
319	177	689	201
319	179	687	200
307	177	712	208
307	178	709	207
307	180	708	206
307	181	707	206
307	183	706	206
306	184	705	206
306	186	704	205
306	187	703	205
306	189	702	205
306	190	701	205
306	192	700	204
314	194	684	200
313	195	683	199
314	197	681	199
314	198	679	198
314	200	677	198
315	201	675	197
315	203	673	197
315	204	671	196
315	206	670	196
316	207	668	195
316	209	666	194
321	204	657	192
321	205	655	191
321	206	652	190
322	207	650	190
322	208	648	189
323	210	646	188
323	211	643	188
324	212	641	187
324	213	639	186
325	214	637	186
326	215	634	185
314	215	671	196
314	216	668	195
314	217	668	195
314	218	668	195
314	219	668	195
313	220	668	195
313	221	668	195
313	222	667	195
313	223	667	195
313	224	667	194
312	225	667	194
327	225	645	188
326	226	644	187
327	226	643	187
328	227	642	187
328	228	640	186
329	229	639	186
329	230	638	185
330	231	636	185
331	232	635	184
331	233	633	184
332	234	632	184
334	222	619	181
334	222	617	180
335	223	615	179
335	223	613	179
336	223	611	178
337	223	609	178
337	223	607	177
338	224	605	177
339	224	603	176
339	224	601	175
340	224	599	175
340	232	595	174
340	232	592	173
341	232	590	172
341	233	588	172
342	233	586	171
343	234	584	170
343	235	582	170
344	235	579	169
344	236	577	169
345	236	575	168
346	237	573	167
346	234	584	170
346	234	581	169
347	234	580	168
347	235	578	168
348	235	577	167
348	236	575	167
349	236	574	167
349	236	573	166
350	237	571	166
351	237	570	165
351	237	568	165
352	235	572	167
352	235	570	166
353	235	569	166
353	235	568	165
354	235	566	165
354	236	565	165
355	236	564	164
355	236	563	164
356	236	562	164
356	236	560	163
357	237	559	163
357	242	561	164
357	242	559	163
358	242	558	163
358	243	557	163
359	243	556	162
359	243	555	162
360	244	554	162
360	244	553	161
360	245	552	161
361	245	551	161
361	246	550	161
363	245	539	157
363	245	537	156
364	245	536	156
364	246	534	155
365	246	533	155
365	246	531	154
366	247	529	154
366	247	528	153
367	247	526	153
367	248	524	152
368	248	523	152
374	250	539	157
374	250	537	156
375	250	536	156
376	251	536	156
376	251	535	155
377	252	534	155
378	252	534	155
379	252	533	155
380	253	532	155
381	253	532	154
381	254	531	154
375	253	518	151
375	253	517	150
376	253	515	150
376	254	514	150
376	254	513	149
377	254	511	149
377	255	510	148
378	255	509	148
378	255	507	148
378	256	506	147
379	256	505	147
375	256	498	145
375	256	496	144
375	256	494	144
375	256	493	143
375	257	491	143
375	257	489	142
376	257	488	142
376	258	486	141
376	258	484	141
376	258	483	140
376	258	481	140
380	264	479	140
380	264	477	139
380	264	475	139
380	265	473	138
381	265	472	138
381	266	470	137
381	267	468	137
382	267	466	136
382	268	465	136
382	268	463	135
382	269	461	135
384	271	460	134
384	271	458	133
384	272	456	133
385	272	454	132
385	273	453	131
385	274	451	131
386	274	449	130
386	275	447	130
386	275	446	129
387	276	444	129
387	277	442	128
380	276	451	132
380	276	449	131
380	277	448	131
380	277	446	130
380	278	445	130
380	278	444	130
