1.553605
0.039560
0.039789
0.039809
0.039835
0.039856
0.039874
0.039893
0.039911
0.039929
0.039947
0.039964
0.039901
0.040125
0.040155
0.040174
0.040192
0.040211
0.040229
0.040246
0.040264
0.040281
0.040298
0.040415
0.040644
0.040675
0.040694
0.040713
0.040731
0.040750
0.040767
0.040785
0.040802
0.040821
0.038563
0.038759
0.038779
0.038805
0.038821
0.038836
0.038851
0.038866
0.038881
0.038897
0.038912
0.034377
0.034571
0.034589
0.034601
0.034630
0.034661
0.034687
0.034709
0.034735
0.034757
0.034781
0.033112
0.033319
0.033339
0.033357
0.033373
0.033389
0.033406
0.033423
0.033438
0.033453
0.033467
0.032999
0.033196
0.033215
0.033246
0.033261
0.033277
0.033294
0.033309
0.033324
0.033339
0.033356
0.034678
0.034918
0.034949
0.034969
0.034988
0.035006
0.035025
0.035043
0.035062
0.035098
0.035124
0.035456
0.035686
0.035711
0.035742
0.035766
0.035786
0.035810
0.035831
0.035852
0.035873
0.035894
0.092239
0.092479
0.092502
0.092522
0.092541
0.092560
0.092578
0.092600
0.092618
0.092637
0.092656
0.038653
0.038852
0.038869
0.038882
0.038904
0.038934
0.038960
0.038984
0.039009
0.039033
0.039056
0.039053
0.039268
0.039289
0.039316
0.039334
0.039355
0.039373
0.039390
0.039408
0.039426
0.039443
0.039336
0.039666
0.039731
0.039793
0.039853
0.039913
0.039974
0.040035
0.040095
0.040156
0.040215
0.039842
0.040052
0.040083
0.040102
0.040121
0.040142
0.040162
0.040180
0.040197
0.040215
0.040232
0.044359
0.044596
0.044622
0.044657
0.044682
0.044717
0.044787
0.044848
0.044907
0.044930
0.044955
0.033233
0.033445
0.033464
0.033488
0.033505
0.033519
0.033535
0.033550
0.033567
0.033582
0.033597
0.035352
0.035559
0.035579
0.035594
0.035609
0.035626
0.035640
0.035655
0.035670
0.035685
0.035699
0.044139
0.044374
0.044392
0.044406
0.044426
0.044449
0.044471
0.044493
0.044514
0.044535
0.044558
0.046344
0.046580
0.046602
0.046624
0.046642
0.046660
0.046678
0.046695
0.046713
0.046731
0.046748
