1.094989
0.030447
0.030651
0.030669
0.030684
0.030697
0.030710
0.030724
0.030737
0.030751
0.030764
0.030777
0.033078
0.033290
0.033309
0.033334
0.033355
0.033374
0.033392
0.033410
0.033428
0.033447
0.033464
0.027396
0.027606
0.027625
0.027640
0.027654
0.027668
0.027681
0.027695
0.027709
0.027723
0.027737
0.027219
0.027427
0.027446
0.027460
0.027474
0.027488
0.027501
0.027514
0.027527
0.027540
0.027554
0.028140
0.028340
0.028367
0.028382
0.028396
0.028409
0.028423
0.028436
0.028449
0.028462
0.028476
0.026498
0.026694
0.026711
0.026727
0.026740
0.026753
0.026766
0.026779
0.026793
0.026805
0.026818
0.026486
0.026701
0.026718
0.026732
0.026746
0.026759
0.026774
0.026787
0.026800
0.026813
0.026827
0.026035
0.026233
0.026251
0.026265
0.026278
0.026292
0.026305
0.026318
0.026331
0.026344
0.026357
0.026397
0.026592
0.026610
0.026624
0.026637
0.026650
0.026663
0.026676
0.026690
0.026705
0.026723
0.053042
0.053255
0.053275
0.053292
0.053307
0.053323
0.053339
0.053357
0.053373
0.053390
0.053406
0.026302
0.026508
0.026529
0.026546
0.026563
0.026579
0.026595
0.026612
0.026627
0.026643
0.026658
0.026253
0.026456
0.026474
0.026491
0.026506
0.026525
0.026540
0.026555
0.026570
0.026585
0.026599
0.027189
0.027411
0.027434
0.027452
0.027468
0.027486
0.027502
0.027519
0.027535
0.027551
0.027566
0.026516
0.026723
0.026742
0.026758
0.026775
0.026795
0.026812
0.026828
0.026844
0.026860
0.026875
0.025134
0.025354
0.025374
0.025390
0.025407
0.025423
0.025440
0.025455
0.025471
0.025486
0.025502
0.025860
0.026056
0.026072
0.026087
0.026101
0.026114
0.026127
0.026140
0.026156
0.026170
0.026184
0.024956
0.025154
0.025172
0.025185
0.025199
0.025212
0.025225
0.025239
0.025251
0.025264
0.025278
0.025920
0.026137
0.026155
0.026169
0.026182
0.026199
0.026213
0.026227
0.026240
0.026253
0.026268
0.026496
0.026695
0.026712
0.026730
0.026744
0.026757
0.026770
0.026783
0.026797
0.026809
0.026822
0.051762
0.052018
0.052048
0.052083
0.052117
0.052153
0.052188
0.052204
0.052217
0.052233
0.052247
0.027033
0.027237
0.027254
0.027269
0.027283
0.027317
0.027346
0.027368
0.027383
0.027397
0.027415
0.027227
0.027426
0.027447
0.027461
0.027476
0.027492
0.027505
0.027518
0.027532
0.027545
0.027558
0.026449
0.026654
0.026671
0.026685
0.026698
0.026711
0.026733
0.026749
0.026765
0.026778
0.026792
0.026292
0.026496
0.026520
0.026548
0.026568
0.026592
0.026619
0.026636
0.026650
0.026663
0.026682
0.026182
0.026392
0.026410
0.026425
0.026444
0.026460
0.026473
0.026486
0.026499
0.026512
0.026525
0.026656
0.026866
0.026895
0.026910
0.026930
0.026944
0.026957
0.026970
0.026983
0.026996
0.027009
0.026093
0.026307
0.026325
0.026339
0.026353
0.026366
0.026380
0.026393
0.026407
0.026420
0.026434
0.026437
0.026639
0.026657
0.026676
0.026693
0.026709
0.026725
0.026741
0.026756
0.026772
0.026787
0.027003
0.027221
0.027241
0.027257
0.027274
0.027291
0.027307
0.027323
0.027339
0.027355
0.027370
0.054862
0.055065
0.055083
0.055098
0.055111
0.055125
0.055138
0.055151
0.055164
0.055177
0.055190
0.028217
0.028435
0.028452
0.028466
0.028480
0.028493
0.028506
0.028519
