107	259	575	241
87	256	586	245
87	258	591	247
88	261	597	249
89	263	603	252
90	266	609	254
91	268	614	257
92	271	620	259
93	273	626	261
93	276	632	264
94	278	638	266
95	281	643	269
96	265	610	255
96	265	612	255
97	266	614	256
98	267	616	257
99	268	618	258
100	269	620	259
100	269	623	260
101	270	625	261
102	271	627	262
103	272	629	263
104	273	631	264
87	222	586	245
87	222	587	245
87	219	586	245
87	217	586	245
86	215	585	244
86	213	584	244
86	210	584	244
86	208	583	243
85	206	582	243
85	203	582	243
85	201	581	243
172	282	598	250
171	279	597	249
176	282	597	249
181	284	597	249
185	286	598	250
190	289	598	250
194	291	598	250
199	293	599	250
204	296	599	250
208	298	599	250
213	300	599	250
103	258	586	245
107	260	586	245
105	260	585	244
104	260	585	244
102	259	584	244
100	259	584	244
98	259	583	244
97	259	583	243
95	259	582	243
93	258	582	243
91	258	581	243
198	246	610	255
196	245	609	254
200	244	610	255
204	244	611	255
208	243	612	256
213	242	613	256
217	241	614	257
221	240	616	257
225	239	617	257
229	238	618	258
234	237	619	258
149	263	634	266
153	262	635	266
152	262	636	267
151	263	638	268
151	263	640	268
150	264	642	269
149	264	644	270
148	265	646	271
148	266	648	272
147	266	649	273
146	267	651	273
82	219	634	266
81	219	635	266
77	217	636	267
72	215	637	267
68	213	638	267
64	211	638	268
59	208	639	268
55	206	640	268
51	204	641	269
47	202	641	269
42	200	642	269
110	243	622	260
105	240	622	260
105	241	622	260
105	241	621	259
104	241	621	259
104	242	621	259
104	242	620	259
103	242	620	258
103	243	619	258
103	243	619	258
102	243	618	258
115	228	598	250
114	228	597	249
115	227	596	249
115	227	594	248
115	226	592	247
116	226	591	247
116	225	589	246
116	225	588	245
117	224	586	245
117	223	585	244
118	223	583	243
162	196	586	245
162	195	584	244
165	193	583	243
167	191	581	243
170	189	580	242
173	187	579	242
176	185	577	241
179	183	576	240
181	181	575	240
184	179	573	239
187	177	572	239
219	222	598	250
221	219	596	249
226	220	596	249
230	221	596	249
234	221	597	249
239	222	597	249
243	222	597	249
248	223	597	249
252	223	597	249
256	224	597	249
261	225	598	249
136	238	586	245
140	238	586	245
137	239	585	244
134	241	585	244
132	242	584	244
129	243	584	244
126	244	583	243
123	246	583	243
120	247	582	243
117	248	581	243
115	249	581	243
218	218	586	245
215	219	585	244
218	218	585	244
221	218	584	244
224	217	584	244
227	216	584	244
230	216	584	244
233	215	584	244
236	215	583	244
239	214	583	243
242	214	583	243
135	241	610	255
138	240	609	254
135	241	610	255
131	242	612	255
128	243	613	256
125	244	614	256
122	245	616	257
119	246	617	258
116	247	618	258
113	247	619	259
110	248	621	259
92	222	598	250
88	222	599	250
84	222	599	250
81	221	599	250
77	221	598	250
73	220	598	250
69	219	598	250
65	219	598	250
61	218	598	250
57	218	598	250
53	217	598	250
124	247	574	240
120	246	573	239
120	247	572	239
120	248	571	238
120	249	569	238
120	250	568	237
121	251	566	236
121	252	565	236
121	253	563	235
121	254	562	235
121	255	560	234
118	244	586	245
118	245	584	244
118	245	584	244
118	245	584	244
118	246	584	244
118	246	584	244
118	246	584	244
118	247	584	244
118	247	584	244
117	247	584	244
117	248	584	244
172	217	586	245
171	217	586	245
174	215	586	245
177	214	586	245
180	213	586	245
183	211	586	245
186	210	586	245
189	208	586	245
192	207	586	245
195	206	586	245
198	204	586	245
152	217	586	245
154	215	586	245
155	214	586	245
155	214	586	245
155	213	586	245
155	213	586	245
156	212	586	245
156	211	586	245
156	211	586	245
156	210	586	245
156	209	586	245
124	203	586	245
124	202	586	245
122	201	586	245
120	200	586	245
119	199	586	245
117	198	586	245
116	197	586	245
114	196	586	245
112	195	586	245
111	194	586	245
109	193	586	245
140	208	598	250
138	207	598	250
138	206	598	250
138	206	599	250
138	206	600	250
138	206	600	251
139	206	601	251
139	206	602	251
139	206	602	251
139	206	603	252
139	205	604	252
112	196	586	245
112	195	586	245
110	195	586	245
109	194	585	244
107	193	585	244
106	193	585	244
105	192	584	244
103	191	584	244
102	191	584	244
101	190	583	244
99	189	583	243
134	180	598	250
132	179	597	249
133	178	598	250
133	176	598	250
134	175	599	250
134	174	599	250
135	173	599	250
136	172	600	251
136	171	600	251
137	169	601	251
137	168	601	251
127	180	598	250
127	178	598	250
127	178	598	250
127	177	598	250
127	177	599	250
127	176	599	250
127	176	599	250
127	175	599	250
127	175	600	250
127	174	600	250
127	174	600	251
105	185	574	240
104	184	574	240
103	184	572	239
102	184	571	239
101	184	570	238
99	185	569	238
98	185	567	237
97	185	566	236
96	185	565	236
94	185	564	235
93	185	562	235
112	189	586	245
110	189	584	244
110	189	584	244
110	189	584	244
110	190	585	244
110	190	585	244
109	190	585	244
109	190	585	244
109	191	585	244
109	191	585	244
109	191	585	244
106	196	586	245
105	196	586	245
105	196	586	245
105	197	586	245
104	197	586	245
104	198	586	245
104	198	586	245
103	199	586	245
103	199	586	245
103	200	586	245
102	200	587	245
113	162	586	245
112	162	586	245
112	160	586	245
113	159	586	245
113	157	586	245
113	155	586	245
113	154	586	245
114	152	586	245
114	150	586	245
114	149	586	245
114	147	586	245
115	193	610	255
115	191	610	255
115	192	611	255
115	193	612	256
115	194	614	256
116	195	615	257
116	196	616	257
116	196	618	258
116	197	619	258
117	198	620	259
117	199	622	260
79	210	598	250
79	210	599	250
77	212	599	250
75	213	599	250
73	215	599	250
71	216	599	250
69	218	599	250
67	219	598	250
65	221	598	250
64	222	598	250
62	224	598	250
100	224	598	250
98	225	597	249
98	226	597	249
98	228	597	249
98	229	597	249
99	230	597	249
99	232	597	249
99	233	597	249
100	235	597	249
100	236	597	249
100	237	596	249
112	222	574	240
112	223	573	239
113	223	572	239
114	224	571	238
115	224	569	238
115	225	568	237
116	225	567	237
117	225	565	236
118	226	564	235
119	226	562	235
120	227	561	234
170	203	598	250
170	203	596	249
174	202	597	249
178	201	598	250
181	200	598	250
185	199	599	250
188	198	600	250
192	197	600	251
196	196	601	251
199	195	602	251
203	194	603	252
135	221	610	255
138	220	610	255
138	220	611	255
137	221	612	256
137	221	613	256
137	222	614	257
136	222	616	257
136	223	617	257
135	223	618	258
135	224	619	258
135	225	620	259
114	206	586	245
113	206	587	245
112	206	586	245
110	205	585	244
109	204	584	244
107	204	583	243
105	203	582	243
104	203	581	243
102	202	580	242
101	202	579	242
99	201	579	242
145	200	610	255
143	199	609	254
144	198	609	254
145	198	610	255
146	197	611	255
147	197	612	256
148	196	613	256
149	195	614	256
150	195	615	257
151	194	616	257
152	194	616	257
67	193	610	255
68	192	610	255
64	191	611	255
60	191	611	255
56	190	612	255
53	189	612	256
49	189	613	256
45	188	613	256
41	188	613	256
37	187	614	256
34	186	614	257
102	214	610	255
98	213	610	255
98	214	610	255
98	215	610	255
98	216	610	255
99	217	611	255
99	217	611	255
99	218	611	255
99	219	611	255
99	220	611	255
100	221	611	255
88	203	598	250
88	203	598	250
87	203	597	249
87	203	596	249
86	203	596	249
86	203	595	249
85	203	595	248
85	202	594	248
84	202	593	248
84	202	593	247
83	202	592	247
117	207	610	255
116	206	609	254
117	206	609	254
119	207	610	255
120	207	610	255
122	207	610	255
123	207	611	255
124	207	611	255
126	207	612	255
