1.898810
0.033866
0.034144
0.034163
0.034178
0.034194
0.034208
0.034222
0.034236
0.034251
0.034265
0.034280
0.029863
0.030095
0.030111
0.030133
0.030148
0.030164
0.030178
0.030192
0.030205
0.030218
0.030232
0.028455
0.028685
0.028703
0.028718
0.028732
0.028745
0.028759
0.028772
0.028785
0.028799
0.028813
0.026870
0.027094
0.027112
0.027126
0.027139
0.027153
0.027166
0.027179
0.027192
0.027205
0.027219
0.024623
0.024846
0.024864
0.024879
0.024892
0.024905
0.024923
0.024936
0.024950
0.024963
0.024976
0.026444
0.026670
0.026687
0.026703
0.026717
0.026730
0.026743
0.026756
0.026769
0.026782
0.026795
0.024956
0.025180
0.025197
0.025211
0.025225
0.025238
0.025254
0.025267
0.025280
0.025293
0.025306
0.026475
0.026697
0.026715
0.026729
0.026743
0.026757
0.026770
0.026783
0.026797
0.026809
0.026823
0.026270
0.026503
0.026520
0.026535
0.026548
0.026561
0.026574
0.026587
0.026601
0.026613
0.026627
0.051333
0.051561
0.051578
0.051592
0.051605
0.051619
0.051631
0.051647
0.051660
0.051672
0.051685
0.028145
0.028371
0.028389
0.028403
0.028416
0.028429
0.028442
0.028455
0.028469
0.028482
0.028495
0.027307
0.027534
0.027551
0.027565
0.027578
0.027594
0.027607
0.027620
0.027633
0.027645
0.027658
0.028811
0.029035
0.029052
0.029066
0.029080
0.029093
0.029107
0.029120
0.029133
0.029146
0.029159
0.033786
0.034042
0.034072
0.034090
0.034108
0.034128
0.034145
0.034163
0.034180
0.034197
0.034214
0.028224
0.028458
0.028477
0.028494
0.028510
0.028525
0.028540
0.028555
0.028570
0.028585
0.028599
0.024690
0.024923
0.024941
0.024955
0.024969
0.024982
0.024995
0.025008
0.025024
0.025037
0.025050
0.025410
0.025620
0.025647
0.025661
0.025675
0.025688
0.025701
0.025714
0.025727
0.025740
0.025753
0.025155
0.025367
0.025393
0.025407
0.025420
0.025433
0.025446
0.025460
0.025472
0.025486
0.025499
0.024868
0.025093
0.025110
0.025128
0.025141
0.025154
0.025167
0.025180
0.025193
0.025206
0.025219
0.049394
0.049614
0.049632
0.049646
0.049659
0.049673
0.049685
0.049699
0.049712
0.049726
0.049738
0.025101
0.025340
0.025373
0.025399
0.025424
0.025449
0.025473
0.025497
0.025521
0.025545
0.025568
0.026110
0.026348
0.026382
0.026410
0.026435
0.026461
0.026485
0.026509
0.026532
0.026555
0.026579
0.025975
0.026208
0.026226
0.026240
0.026253
0.026266
0.026280
0.026293
0.026306
0.026319
0.026331
0.026231
0.026462
0.026488
0.026513
0.026534
0.026550
0.026567
0.026582
0.026598
0.026618
0.026636
0.026377
0.026603
0.026634
0.026651
0.026667
0.026686
0.026702
0.026718
0.026733
0.026748
0.026764
0.024840
0.025069
0.025091
0.025109
0.025126
0.025143
0.025159
0.025174
0.025190
0.025206
0.025222
0.024875
0.025105
0.025127
0.025144
0.025161
0.025177
0.025192
0.025208
0.025223
0.025239
0.025255
0.025578
0.025804
0.025821
0.025835
0.025849
0.025862
0.025875
0.025888
0.025901
0.025914
0.025926
0.025369
0.025601
0.025618
0.025633
0.025646
0.025660
0.025673
0.025686
0.025699
0.025713
0.025726
0.053938
0.054174
0.054205
0.054232
0.054259
0.054284
0.054308
0.054332
0.054356
0.054380
0.054404
0.025711
0.025928
0.025953
0.025987
0.026013
0.026037
0.026061
0.026085
0.026109
0.026134
0.026158
0.026364
0.026579
0.026605
0.026619
0.026633
0.026646
0.026659
0.026671
0.026689
0.026702
0.026715
0.026423
0.026645
0.026666
0.026680
0.026694
0.026708
0.026721
0.026735
0.026748
0.026761
0.026774
0.025698
0.025922
0.025939
0.025954
0.025967
0.025980
0.025994
0.026007
0.026020
0.026033
0.026046
0.025740
0.025964
0.025982
0.025996
0.026009
0.026023
0.026037
0.026050
0.026063
0.026076
0.026089
0.025458
0.025685
0.025703
0.025717
0.025731
0.025744
0.025757
0.025770
0.025783
0.025795
0.025808
0.025820
0.026041
0.026058
0.026072
0.026086
0.026100
0.026113
0.026126
0.026139
0.026156
0.026169
0.025998
0.026231
0.026250
0.026264
0.026277
0.026290
0.026303
0.026316
0.026329
0.026342
0.026355
0.027417
