561	304	200	350
560	303	200	350
565	305	201	353
570	308	203	356
576	311	205	360
582	314	207	363
587	317	209	367
593	320	211	370
598	323	213	374
604	326	215	377
609	329	217	381
615	332	219	384
560	303	200	350
560	303	200	350
560	303	200	350
560	303	200	350
560	303	200	350
560	303	200	350
560	303	200	350
560	303	200	350
560	303	200	350
560	303	200	350
560	303	200	350
560	298	200	350
560	297	200	350
560	297	200	350
560	297	200	350
560	297	200	350
560	296	200	350
560	296	200	350
560	296	200	350
560	295	200	350
560	295	200	350
560	295	200	350
563	299	203	356
563	298	203	356
563	298	203	356
563	298	203	356
563	298	203	357
563	298	203	357
563	298	203	357
564	298	204	358
564	298	204	358
564	298	204	358
564	298	204	359
568	300	203	356
568	299	203	356
568	299	203	356
568	300	203	356
569	300	203	356
569	300	203	356
569	300	203	357
570	300	203	357
570	300	203	357
570	300	203	357
571	300	203	357
568	300	203	356
568	300	203	356
568	300	203	356
568	300	203	356
568	300	203	356
568	300	203	356
569	300	203	356
569	300	203	356
569	300	203	356
569	300	203	356
569	300	203	356
568	300	203	356
568	300	203	356
568	300	203	356
568	300	203	356
568	300	203	356
568	300	203	356
568	300	203	356
568	300	203	356
568	300	203	356
568	300	203	356
568	300	203	356
563	295	203	356
563	295	203	356
562	294	203	356
562	294	203	356
562	294	203	356
561	293	203	356
561	293	203	356
561	293	203	356
561	293	203	356
560	292	203	356
560	292	203	356
568	299	203	356
567	298	203	356
567	298	203	356
568	298	203	356
568	299	203	356
568	299	203	356
568	299	203	356
568	299	203	356
568	299	203	356
568	299	203	356
569	299	203	356
568	300	203	356
568	300	203	356
568	300	203	356
568	300	203	356
568	300	203	356
568	300	203	356
568	300	203	356
568	300	203	356
568	300	203	356
568	301	203	356
568	301	203	356
568	304	203	356
568	304	203	356
568	304	203	356
568	304	203	356
568	304	203	356
568	305	203	356
568	305	203	356
568	305	203	356
568	305	203	356
568	306	203	356
568	306	203	356
565	308	199	349
565	308	199	349
564	308	198	348
564	308	198	348
564	309	198	347
564	309	198	347
564	309	197	347
564	310	197	346
563	310	197	346
563	310	197	345
563	311	197	345
565	308	199	349
564	308	198	348
564	308	198	348
564	308	198	348
564	308	198	348
564	308	198	347
564	309	198	347
564	309	198	347
564	309	198	347
564	309	197	347
564	309	197	347
568	305	203	356
567	305	202	355
568	305	203	356
568	304	203	356
568	304	203	356
568	304	203	357
568	304	203	357
568	304	204	357
568	304	204	358
569	304	204	358
569	304	204	358
561	301	208	364
561	300	208	364
560	300	208	364
560	300	208	365
560	300	209	366
559	299	209	366
559	299	210	367
559	299	210	367
558	298	210	368
558	298	211	369
558	298	211	369
563	305	203	356
562	304	203	356
562	304	203	356
562	304	203	356
562	305	202	356
562	305	202	355
562	305	202	355
562	305	202	355
562	305	202	355
562	305	202	355
562	305	202	354
563	300	203	356
562	300	202	355
562	299	202	355
562	299	202	355
562	299	202	355
562	299	202	355
562	299	202	355
562	298	202	355
562	298	202	354
562	298	202	354
562	298	202	354
561	301	208	364
561	300	207	363
560	300	208	364
560	300	208	364
560	300	208	365
560	300	208	365
560	300	209	365
560	300	209	366
560	300	209	366
560	300	209	367
560	300	210	367
561	301	208	364
560	300	208	364
560	300	208	364
560	300	208	364
560	300	208	364
560	300	208	365
560	300	208	365
560	300	208	365
560	300	209	365
560	300	209	365
560	300	209	366
558	305	203	356
557	304	203	356
557	305	202	355
557	305	202	355
557	305	202	355
557	305	202	354
557	306	201	354
556	306	201	353
556	306	201	353
556	306	201	353
556	306	200	352
563	305	203	356
562	305	202	355
563	305	202	355
563	305	202	355
563	305	202	355
563	305	202	354
563	305	202	354
564	305	202	354
564	305	201	354
564	306	201	354
564	306	201	353
563	305	203	356
563	305	202	355
563	305	202	355
563	305	202	355
563	305	202	355
563	305	202	355
563	305	202	355
563	305	202	355
563	305	202	355
563	305	202	355
564	305	202	355
560	308	199	349
560	308	198	348
559	308	198	348
559	308	198	348
559	308	198	347
559	308	198	347
559	308	197	346
559	309	197	346
559	309	197	346
559	309	197	345
558	309	196	345
556	306	208	364
555	306	207	363
555	306	208	364
555	306	208	364
555	306	208	365
554	306	209	366
554	306	209	366
554	305	210	367
553	305	210	368
553	305	210	368
553	305	211	369
551	306	208	364
550	305	208	364
550	305	208	364
549	305	208	365
549	305	208	365
549	305	209	365
548	305	209	366
548	305	209	366
547	305	209	366
547	305	209	367
547	305	210	367
548	314	203	356
547	313	203	356
547	314	202	355
546	314	202	355
546	315	202	355
546	315	202	354
545	316	202	354
545	316	201	354
545	317	201	353
544	317	201	353
544	317	201	353
558	310	203	356
557	310	202	355
558	310	202	355
558	310	202	355
558	310	202	355
559	310	202	354
559	310	202	354
560	310	202	354
560	310	202	354
561	310	201	354
561	310	201	354
553	300	203	356
553	299	202	355
553	299	202	355
553	298	202	355
553	298	202	355
553	297	202	355
553	297	202	355
553	296	202	355
552	295	202	355
552	295	202	355
552	294	202	355
539	297	212	371
538	296	211	370
538	295	212	371
537	295	212	372
536	295	213	373
535	294	213	374
534	294	214	375
533	293	214	375
533	293	215	376
532	292	215	377
531	292	216	378
539	292	212	371
538	291	212	371
537	291	212	372
537	290	212	372
537	290	213	372
536	289	213	373
536	289	213	373
535	288	213	374
535	288	214	374
535	288	214	374
534	287	214	375
539	297	212	371
538	296	212	371
538	296	212	371
538	296	212	371
538	296	212	371
538	296	212	371
538	297	212	371
537	297	212	372
537	297	212	372
537	297	212	372
537	297	212	372
537	294	216	378
536	294	216	378
536	294	216	378
536	293	216	378
536	293	216	379
536	293	217	379
536	293	217	380
536	293	217	380
535	293	217	381
535	293	217	381
535	293	218	381
529	285	220	386
528	284	220	386
528	284	220	387
527	283	220	387
527	283	221	388
526	282	221	388
526	282	221	389
525	281	222	390
525	281	222	390
524	280	222	391
524	279	223	392
524	292	212	371
523	291	212	371
523	291	212	371
522	291	211	370
522	291	211	369
521	292	211	369
521	292	210	368
520	292	210	368
520	292	210	367
519	292	209	367
519	292	209	366
494	295	203	356
493	295	202	355
491	295	202	354
489	295	201	353
487	295	200	352
486	296	200	350
484	296	199	349
482	296	198	348
480	296	198	347
478	297	197	346
476	297	196	345
490	282	212	371
488	282	211	369
487	281	211	370
486	281	211	370
485	280	212	370
484	279	212	371
483	279	212	371
482	278	212	372
480	277	212	372
479	277	213	372
478	276	213	373
503	279	216	378
501	278	216	378
502	277	216	378
502	277	216	379
503	277	217	380
503	276	217	380
503	276	218	381
504	275	218	382
504	275	218	382
504	274	219	383
505	274	219	383
503	284	216	378
503	283	216	378
503	283	216	378
503	283	216	379
504	283	216	379
504	283	216	379
504	284	217	379
504	284	217	380
504	284	217	380
505	284	217	380
505	284	217	380
501	275	220	386
501	275	220	386
501	274	220	386
501	274	220	387
501	273	220	387
501	273	221	388
501	272	221	388
501	272	221	389
500	272	222	389
500	271	222	390
500	271	222	390
453	259	220	386
452	258	220	386
450	257	220	386
447	256	220	386
444	255	220	387
442	254	220	387
439	253	220	387
436	252	220	387
434	250	221	388
431	249	221	388
428	248	221	388
513	251	212	371
510	249	212	371
512	249	211	370
514	248	211	369
516	247	210	368
518	246	210	368
520	245	210	367
523	244	209	366
525	243	209	365
527	242	208	365
529	241	208	364
552	239	220	386
554	238	219	385
557	237	219	385
560	236	220	386
563	235	220	386
567	234	220	387
570	233	220	387
573	232	221	388
576	231	221	388
580	230	221	389
583	229	221	389
594	239	220	386
597	237	220	386
600	237	220	386
604	237	220	386
608	236	220	387
611	236	220	387
615	235	220	387
619	235	221	388
622	235	221	388
626	234	221	388
630	234	221	388
588	234	220	386
591	233	220	386
592	233	220	386
593	232	220	386
595	232	220	386
596	232	220	386
597	231	220	386
598	231	220	386
599	230	220	386
600	230	220	386
601	230	220	387
611	238	216	378
612	237	216	378
613	237	215	377
615	237	215	377
616	237	215	376
618	237	215	376
619	237	215	375
621	237	214	375
623	238	214	375
624	238	214	374
626	238	214	374
599	234	220	386
600	234	219	385
600	233	219	385
600	233	220	386
600	233	220	386
600	233	220	386
600	233	220	386
600	233	220	387
600	232	220	387
600	232	220	387
600	232	220	387
601	243	216	378
600	242	216	378
600	243	215	377
600	243	215	377
600	244	215	377
601	244	215	377
601	244	215	376
601	245	215	376
601	245	215	376
601	246	214	375
601	246	214	375
580	272	225	394
580	272	224	393
578	274	225	394
577	276	225	395
576	277	226	395
575	279	226	396
574	281	226	397
573	283	227	398
571	285	227	398
570	286	228	399
569	288	228	400
489	294	225	394
487	295	225	394
482	297	225	395
476	299	225	395
471	301	226	395
465	303	226	396
460	305	226	396
454	307	226	396
448	309	226	397
443	311	227	397
437	313	227	397
485	275	234	410
479	277	234	410
476	276	234	411
474	276	235	412
471	276	235	413
468	275	236	414
466	275	237	415
463	275	237	416
460	275	238	417
458	274	238	418
455	274	239	419
480	272	243	426
477	271	243	426
476	271	244	428
475	270	245	429
473	270	245	430
472	270	246	432
471	269	247	433
470	269	247	434
469	268	248	436
468	268	249	437
467	268	250	438
486	278	243	426
484	277	243	427
484	277	244	427
484	277	244	428
484	278	244	428
484	278	244	429
484	278	245	429
484	278	245	430
484	278	245	431
484	278	246	431
484	279	246	432
469	296	243	426
468	296	243	426
468	297	243	426
467	298	243	426
466	299	243	427
465	300	243	427
464	301	243	427
463	302	243	427
462	303	243	427
461	304	244	427
460	306	244	427
437	300	239	418
436	301	239	418
433	301	238	417
431	302	238	417
429	303	238	416
427	303	238	416
425	304	238	416
423	305	237	415
420	306	237	415
418	306	237	414
416	307	237	414
437	300	239	418
434	300	238	417
433	300	238	417
432	301	238	417
432	301	238	417
431	301	238	416
430	301	238	416
429	302	238	416
428	302	238	416
427	302	238	416
426	302	237	415
447	319	243	426
446	319	242	425
446	320	243	426
446	321	243	426
446	322	243	426
447	323	243	427
447	324	243	427
447	326	244	428
447	327	244	428
448	328	244	428
448	329	244	429
452	377	234	410
452	378	234	410
452	381	233	409
453	385	233	408
453	389	232	408
454	392	232	407
454	396	232	406
454	400	231	406
455	404	231	405
455	407	230	404
456	411	230	404
460	403	229	402
460	406	228	401
461	409	228	400
461	412	227	399
462	415	227	398
462	418	226	398
463	421	226	397
464	424	225	396
464	427	225	395
465	430	224	395
466	433	224	394
464	411	220	386
464	414	219	385
465	415	218	384
465	417	218	382
466	418	217	381
466	420	216	380
467	421	216	379
467	423	215	378
467	425	214	376
468	426	214	375
468	428	213	374
481	399	216	378
481	400	215	376
482	400	214	375
483	400	214	374
484	400	213	374
485	400	213	373
487	399	212	372
488	399	212	371
489	399	211	370
490	399	211	369
491	399	210	368
465	415	216	378
466	414	215	377
465	415	215	376
465	416	215	376
464	417	214	376
464	417	214	375
464	418	214	375
463	419	214	374
463	420	214	374
462	420	214	374
462	421	213	373
471	409	216	378
470	409	215	377
470	409	215	377
470	409	215	377
470	409	215	377
470	409	215	377
471	409	215	377
471	409	215	377
471	409	215	376
471	409	215	376
471	409	215	376
347	435	216	378
347	434	215	377
340	436	215	377
333	437	215	377
326	439	215	377
319	440	215	377
313	442	215	377
