1.442276
0.037495
0.037710
0.037740
0.037767
0.037794
0.037819
0.037843
0.037867
0.037891
0.037915
0.037938
0.037441
0.037732
0.037764
0.037791
0.037816
0.037856
0.037882
0.037907
0.037932
0.037958
0.037986
0.026337
0.026573
0.026607
0.026630
0.026651
0.026672
0.026693
0.026714
0.026734
0.026755
0.026775
0.033887
0.034117
0.034140
0.034159
0.034177
0.034195
0.034212
0.034231
0.034248
0.034266
0.034282
0.025582
0.025784
0.025824
0.025850
0.025876
0.025899
0.025923
0.025948
0.025971
0.025995
0.026019
0.035041
0.035269
0.035292
0.035322
0.035341
0.035358
0.035376
0.035394
0.035412
0.035429
0.035447
0.035384
0.035602
0.035623
0.035641
0.035658
0.035676
0.035696
0.035713
0.035730
0.035747
0.035764
0.037319
0.037551
0.037581
0.037601
0.037620
0.037638
0.037656
0.037674
0.037692
0.037710
0.037728
0.033444
0.033693
0.033715
0.033733
0.033751
0.033769
0.033786
0.033803
0.033821
0.033839
0.033856
0.057705
0.058001
0.058037
0.058063
0.058088
0.058113
0.058137
0.058165
0.058190
0.058213
0.058233
0.037241
0.037559
0.037624
0.037684
0.037747
0.037807
0.037868
0.037927
0.037988
0.038047
0.038106
0.025264
0.025517
0.025552
0.025580
0.025605
0.025633
0.025658
0.025682
0.025706
0.025730
0.025754
0.032919
0.033149
0.033171
0.033190
0.033207
0.033225
0.033244
0.033261
0.033278
0.033296
0.033313
0.038945
0.039211
0.039249
0.039275
0.039298
0.039327
0.039349
0.039368
0.039387
0.039411
0.039441
0.035445
0.035657
0.035678
0.035706
0.035725
0.035743
0.035760
0.035778
0.035795
0.035813
0.035830
0.034529
0.034757
0.034778
0.034796
0.034814
0.034832
0.034849
0.034867
0.034887
0.034905
0.034922
0.027514
0.027714
0.027732
0.027747
0.027761
0.027774
0.027787
0.027803
0.027818
0.027834
0.027849
0.026947
0.027156
0.027175
0.027193
0.027209
0.027225
0.027241
0.027257
0.027274
0.027290
0.027306
0.037210
0.037420
0.037441
0.037471
0.037488
0.037506
0.037524
0.037541
0.037558
0.037575
0.037593
0.063708
0.063916
0.063946
0.063965
0.063982
0.064000
0.064017
0.064035
0.064053
0.064071
0.064089
0.045054
0.045290
0.045315
0.045343
0.045363
0.045382
0.045402
0.045421
0.045440
0.045460
0.045481
0.028444
0.028682
0.028717
0.028736
0.028754
0.028774
0.028797
0.028816
0.028833
0.028851
0.028868
0.036223
0.036458
0.036482
0.036512
0.036534
0.036555
0.036576
0.036597
0.036618
0.036638
0.036660
0.035598
0.035805
0.035836
0.035855
0.035874
0.035892
0.035914
0.035933
0.035950
0.035968
0.035985
0.034808
0.035043
0.035067
0.035096
0.035118
0.035141
0.035161
0.035180
0.035198
0.035218
0.035239
0.025873
0.026072
0.026091
0.026107
0.026121
0.026139
0.026156
0.026172
0.026187
0.026202
0.026217
0.027565
0.027767
0.027787
0.027804
0.027820
0.027836
0.027852
0.027867
0.027883
0.027898
0.027914
0.032421
0.032679
0.032705
0.032730
0.032754
0.032779
0.032803
0.032826
0.032850
0.032873
0.032897
0.036254
0.036470
0.036492
0.036520
0.036539
0.036557
0.036576
0.036594
0.036612
0.036631
0.036649
0.064085
0.064302
0.064322
0.064337
0.064353
0.064368
0.064383
0.064399
0.064413
0.064428
0.064443
0.033042
0.033299
0.033341
0.033372
0.033402
0.033431
0.033461
0.033490
0.033520
0.033549
0.033578
0.040242
0.040467
0.040490
0.040508
0.040526
0.040544
0.040561
0.040579
0.040596
0.040614
0.040632
0.034530
0.034750
0.034777
0.034798
0.034829
0.034850
0.034885
0.034908
0.034928
0.034947
0.034967
0.029105
0.029329
0.029354
0.029378
0.029403
0.029427
0.029451
0.029475
0.029500
0.029523
0.029547
0.036703
0.036951
0.036977
0.036999
0.037021
0.037043
0.037065
0.037086
0.037108
0.037129
0.037150
0.034590
0.034804
0.034834
0.034853
0.034871
0.034889
0.034906
0.034924
0.034941
0.034959
0.034976
0.040931
0.041169
0.041193
0.041214
0.041243
0.041263
0.041283
0.041302
0.041322
0.041345
0.041365
0.043601
0.043833
0.043866
0.043888
0.043911
0.043933
0.043953
0.043974
0.043994
0.044014
0.044033
0.036134
0.036367
0.036389
0.036408
0.036427
0.036445
0.036463
0.036481
0.036499
0.036516
0.036534
0.062354
0.062575
0.062596
0.062615
0.062633
0.062650
0.062668
0.062686
0.062704
0.062721
0.062738
0.037064
0.037434
0.037502
0.037576
0.037639
0.037700
0.037760
0.037820
0.037881
0.038605
0.038672
0.048324
0.048549
0.048573
0.048602
0.048622
0.048642
0.048662
0.048682
0.048703
0.048725
0.048746
0.036657
0.036877
0.036908
0.036927
0.036945
0.036963
0.036981
0.036999
0.037017
0.037034
0.037051
0.035208
0.035434
0.035466
0.035485
0.035503
0.035520
