1.441892
0.032563
0.032773
0.032804
0.032822
0.032841
0.032858
0.032876
0.032894
0.032912
0.032929
0.032947
0.034421
0.034635
0.034655
0.034682
0.034700
0.034719
0.034736
0.034754
0.034771
0.034789
0.034806
0.030799
0.031011
0.031042
0.031061
0.031080
0.031098
0.031115
0.031133
0.031152
0.031172
0.031190
0.030562
0.030797
0.030819
0.030838
0.030855
0.030873
0.030890
0.030908
0.030926
0.030943
0.030960
0.031391
0.031603
0.031635
0.031653
0.031672
0.031690
0.031707
0.031725
0.031742
0.031760
0.031777
0.031144
0.031361
0.031391
0.031410
0.031428
0.031448
0.031466
0.031484
0.031502
0.031520
0.031537
0.031502
0.031735
0.031757
0.031775
0.031793
0.031811
0.031833
0.031851
0.031869
0.031886
0.031904
0.031761
0.031987
0.032009
0.032028
0.032046
0.032064
0.032082
0.032099
0.032116
0.032134
0.032151
0.031830
0.032074
0.032097
0.032116
0.032135
0.032152
0.032171
0.032189
0.032208
0.032226
0.032243
0.059049
0.059272
0.059295
0.059325
0.059344
0.059362
0.059380
0.059400
0.059418
0.059435
0.059454
0.032686
0.032907
0.032930
0.032950
0.032972
0.032992
0.033010
0.033029
0.033046
0.033065
0.033083
0.032127
0.032342
0.032363
0.032382
0.032400
0.032421
0.032438
0.032456
0.032473
0.032490
0.032508
0.032765
0.032982
0.033012
0.033031
0.033048
0.033066
0.033083
0.033101
0.033120
0.033137
0.033155
