1.734569
0.040335
0.040553
0.040575
0.040594
0.040612
0.040630
0.040648
0.040665
0.040683
0.040700
0.040718
0.031548
0.031751
0.031782
0.031800
0.031818
0.031837
0.031854
0.031872
0.031889
0.031907
0.031925
0.031190
0.031399
0.031429
0.031449
0.031467
0.031485
0.031503
0.031521
0.031539
0.031556
0.031574
0.039438
0.039672
0.039697
0.039727
0.039748
0.039768
0.039789
0.039810
0.039830
0.039851
0.039870
0.030818
0.031038
0.031059
0.031086
0.031104
0.031121
0.031139
0.031156
0.031174
0.031191
0.031209
0.030758
0.030983
0.031005
0.031025
0.031044
0.031061
0.031079
0.031096
0.031114
0.031132
0.031149
0.031002
0.031226
0.031248
0.031266
0.031285
0.031307
0.031329
0.031347
0.031364
0.031382
0.031400
0.031300
0.031526
0.031547
0.031566
0.031584
0.031602
0.031619
0.031637
0.031655
0.031672
0.031690
0.031301
0.031531
0.031553
0.031571
0.031589
0.031607
0.031625
0.031643
0.031661
0.031679
0.031697
0.057381
0.057617
0.057638
0.057657
0.057675
0.057693
0.057710
0.057731
0.057748
0.057766
0.057783
0.030784
0.031011
0.031032
0.031059
0.031077
0.031096
0.031114
0.031131
0.031149
0.031168
0.031186
0.031929
0.032148
0.032169
0.032196
0.032214
0.032234
0.032251
0.032269
0.032286
0.032310
0.032327
0.030685
0.030898
0.030919
0.030947
0.030965
0.030982
0.031001
0.031018
0.031036
0.031053
0.031071
0.031690
0.031894
0.031924
0.031942
0.031960
0.031980
0.031997
0.032015
0.032032
0.032050
0.032068
0.030607
0.030816
0.030847
0.030866
0.030883
0.030901
0.030919
0.030936
0.030954
0.030972
0.030989
0.032154
0.032386
0.032408
0.032427
0.032444
0.032462
0.032479
0.032497
0.032518
0.032536
0.032554
0.040016
0.040296
0.040331
0.040356
0.040380
0.040404
0.040426
0.040449
0.040473
0.040495
0.040519
0.038627
0.038865
0.038889
0.038909
0.038929
0.038949
0.038970
0.038991
0.039012
0.039032
0.039051
0.037565
0.037758
0.037776
0.037793
0.037807
0.037820
0.037833
0.037846
0.037859
0.037872
0.037885
0.049278
0.049477
0.049494
0.049507
0.049521
0.049535
0.049548
0.049561
0.049575
0.049588
0.049601
0.023426
0.023623
0.023640
0.023655
0.023669
0.023681
0.023695
0.023708
0.023721
0.023734
0.023747
0.023815
0.024012
0.024031
0.024045
0.024059
0.024072
0.024086
0.024100
0.024114
0.024127
0.024139
0.023906
0.024130
0.024147
0.024170
0.024183
0.024197
0.024209
0.024223
0.024235
0.024248
0.024261
0.023739
0.023962
0.023979
0.023993
0.024007
0.024021
0.024034
0.024047
0.024060
0.024072
0.024085
0.023852
0.024051
0.024069
0.024083
0.024097
0.024112
0.024126
0.024139
0.024153
0.024166
