1.844105
0.045322
0.045635
0.045659
0.045678
0.045697
0.045715
0.045734
0.045752
0.045771
0.045790
0.045808
0.035342
0.035635
0.035658
0.035687
0.035708
0.035730
0.035751
0.035781
0.035802
0.035821
0.035835
0.030331
0.030560
0.030578
0.030593
0.030607
0.030620
0.030633
0.030647
0.030660
0.030673
0.030686
0.031404
0.031623
0.031650
0.031663
0.031677
0.031691
0.031704
0.031717
0.031729
0.031742
0.031755
0.031724
0.031960
0.031979
0.031993
0.032006
0.032020
0.032033
0.032046
0.032059
0.032072
0.032085
0.031251
0.031491
0.031509
0.031525
0.031539
0.031552
0.031565
0.031578
0.031591
0.031604
0.031616
0.030617
0.030859
0.030877
0.030891
0.030905
0.030918
0.030933
0.030947
0.030960
0.030972
0.030985
0.029845
0.030079
0.030108
0.030133
0.030158
0.030188
0.030212
0.030236
0.030260
0.030284
0.030308
0.029930
0.030154
0.030180
0.030194
0.030207
0.030221
0.030234
0.030246
0.030260
0.030273
0.030286
0.054718
0.054941
0.054960
0.054974
0.054987
0.055001
0.055014
0.055029
0.055042
0.055055
0.055067
0.031004
0.031228
0.031245
0.031260
0.031273
0.031286
0.031300
0.031313
0.031327
0.031339
0.031352
0.030631
0.030862
0.030879
0.030894
0.030907
0.030923
0.030936
0.030950
0.030963
0.030976
0.030989
0.031121
0.031358
0.031376
0.031391
0.031405
0.031418
0.031431
0.031445
0.031457
0.031471
0.031484
0.031091
0.031321
0.031338
0.031352
0.031366
0.031381
0.031395
0.031408
0.031421
0.031434
