582	274	477	309
586	277	467	302
591	279	471	304
597	282	476	307
603	285	480	310
609	287	485	313
614	290	490	316
620	293	494	319
626	296	499	322
632	298	503	325
638	301	508	328
643	304	513	331
573	270	467	302
571	269	467	302
570	268	467	302
569	268	467	302
568	267	467	302
567	266	467	302
566	266	467	302
564	265	467	302
563	264	467	302
562	264	467	302
561	263	467	302
533	267	477	309
531	266	477	309
528	266	477	309
525	265	478	309
523	265	478	310
520	264	479	310
517	264	480	311
514	264	480	311
511	263	481	312
509	263	481	312
506	262	482	312
519	273	477	309
516	272	477	309
514	272	477	309
512	272	478	309
510	273	478	309
508	273	478	310
506	273	478	310
504	273	479	310
502	273	479	310
500	274	479	310
498	274	479	311
516	246	496	321
514	246	496	321
513	244	497	321
512	243	498	322
511	242	499	323
510	240	500	324
509	239	501	324
508	237	503	325
507	236	504	326
507	235	505	326
506	233	506	327
539	258	476	308
538	256	477	308
539	256	476	308
540	256	475	307
541	256	475	307
542	256	474	307
543	256	474	306
544	256	473	306
545	256	472	305
546	256	472	305
547	256	471	305
562	251	458	297
562	251	457	296
564	250	456	295
566	250	454	294
568	250	453	294
570	249	452	293
571	249	450	292
573	249	449	291
575	248	448	290
577	248	446	289
578	248	445	289
573	239	476	308
574	238	474	307
576	237	475	307
577	237	475	307
578	236	475	307
580	235	476	308
581	234	476	308
582	233	477	308
584	233	477	308
585	232	478	309
586	231	478	309
585	262	467	302
586	261	467	302
587	262	467	302
588	263	466	301
589	263	466	301
591	264	466	301
592	265	466	301
593	266	466	301
594	267	465	301
595	268	465	300
596	269	465	300
572	234	467	302
573	234	466	301
572	233	466	301
572	232	466	301
572	231	466	301
572	230	466	301
571	229	466	301
571	228	466	301
571	227	465	301
570	226	465	301
570	225	465	301
600	247	449	291
599	245	448	290
601	246	447	290
602	246	446	289
603	246	445	288
605	246	444	288
606	246	443	287
607	246	442	287
609	247	441	286
610	247	440	285
611	247	439	285
574	300	449	291
575	300	447	290
574	303	447	290
573	306	447	289
572	309	446	289
572	312	446	289
571	315	445	288
570	318	445	288
569	321	444	288
568	324	444	288
568	327	443	287
583	310	458	297
582	313	457	296
582	315	457	296
582	316	458	297
582	318	458	297
582	320	458	297
582	322	459	297
582	324	459	298
582	326	460	298
582	328	460	298
582	330	460	298
574	304	476	308
574	305	476	308
573	306	477	308
573	306	478	309
572	306	479	310
572	307	481	311
571	307	482	311
571	308	483	312
571	308	484	313
570	308	485	314
570	309	486	314
549	326	496	321
548	326	497	321
547	327	498	322
545	328	500	323
543	330	502	324
542	331	503	325
540	332	505	326
539	333	506	327
537	335	508	328
535	336	510	330
534	337	511	331
502	297	516	334
500	298	517	335
497	297	519	336
493	296	521	337
490	295	522	338
487	294	524	339
483	292	526	340
480	291	528	341
477	290	529	343
474	289	531	344
470	288	533	345
521	272	526	341
517	270	527	342
517	269	529	342
517	267	530	343
516	265	531	344
516	263	532	345
516	261	534	346
515	259	535	347
515	257	536	348
515	255	537	348
514	253	539	349
521	294	526	341
520	292	527	341
520	292	527	342
520	292	528	342
520	293	528	342
520	293	529	343
520	294	529	343
520	294	530	343
520	294	530	344
520	295	530	344
521	295	531	344
515	314	537	347
515	314	537	347
514	315	538	347
514	317	538	348
514	318	539	348
513	320	540	349
513	321	541	349
513	322	541	349
512	324	542	350
512	325	543	350
512	327	544	351
531	314	537	347
530	315	537	347
531	316	538	347
532	316	538	347
532	317	538	347
533	317	538	348
534	318	539	348
535	319	539	348
535	319	539	348
536	320	540	348
537	320	540	348
512	283	558	362
512	283	558	362
512	282	559	363
511	280	560	363
510	279	562	364
509	277	563	365
509	275	564	366
508	274	565	367
507	272	567	368
507	271	568	369
506	269	569	370
513	275	558	362
512	273	559	362
511	272	559	363
511	271	560	363
511	269	560	364
511	268	561	364
510	267	561	364
510	266	562	365
510	265	563	365
509	264	563	365
509	263	564	366
464	291	558	362
463	289	558	362
460	290	558	362
458	290	558	362
455	291	559	362
452	291	559	362
449	292	559	362
446	292	559	363
444	293	559	363
441	293	559	363
438	293	560	363
435	301	581	376
432	301	581	376
429	302	582	376
426	303	583	377
423	303	585	378
420	304	586	379
417	305	587	380
415	306	589	380
412	307	590	381
409	308	591	382
406	308	593	383
415	293	604	391
412	293	605	391
409	293	607	392
407	293	609	394
405	293	610	395
403	293	612	396
401	293	614	397
398	293	616	398
396	293	618	400
394	293	620	401
392	292	622	402
453	298	617	399
450	297	618	400
452	298	620	401
453	298	621	402
454	298	623	402
455	298	624	403
457	298	626	404
458	299	627	405
459	299	629	406
460	299	630	407
462	299	632	408
497	290	641	415
498	290	642	415
501	289	644	417
504	289	646	418
507	289	648	419
510	288	650	420
513	288	651	422
517	288	653	423
520	287	655	424
523	287	657	425
526	286	659	427
532	320	667	432
535	319	668	433
538	321	671	434
541	322	673	436
544	324	675	437
548	325	677	438
551	327	679	440
554	328	682	441
558	330	684	443
561	331	686	444
564	333	688	446
506	297	681	441
509	298	683	442
509	297	684	443
508	297	686	444
508	296	688	445
508	296	689	446
508	295	691	447
508	294	693	448
508	294	694	449
507	293	696	451
507	293	698	452
448	302	694	450
447	301	695	451
444	301	696	451
440	301	698	452
437	301	699	453
433	301	700	454
430	301	702	455
427	300	703	456
423	300	704	457
420	300	706	458
416	300	707	459
436	296	681	441
432	295	682	441
430	295	682	441
428	295	681	441
425	294	681	441
423	294	681	441
421	294	681	441
419	293	681	440
417	293	680	440
414	293	680	440
412	292	680	440
432	277	708	459
429	276	707	458
428	275	709	459
427	274	710	460
426	273	711	461
425	271	713	462
424	270	714	463
423	269	715	464
422	268	717	464
421	267	718	465
420	265	719	466
425	315	722	468
423	313	723	468
423	315	724	469
422	316	726	470
421	318	727	471
421	320	728	472
420	321	730	473
419	323	731	474
418	324	732	475
418	326	734	476
417	328	735	476
398	294	694	450
397	295	695	450
395	295	694	450
393	294	693	449
392	294	692	448
390	294	691	448
388	293	690	447
386	293	689	447
384	292	688	446
383	292	687	445
381	292	686	445
412	283	667	432
410	282	665	431
410	281	663	430
410	280	661	428
410	279	659	427
410	279	657	426
410	278	655	424
410	277	653	423
410	276	651	421
410	275	649	420
410	274	647	419
358	255	694	450
358	254	691	448
355	252	692	449
352	250	693	449
349	248	693	449
346	246	694	450
343	244	695	450
340	242	695	451
337	240	696	451
334	238	697	452
332	236	697	452
362	254	667	432
359	252	667	432
358	251	666	431
356	250	665	430
355	249	664	430
354	248	663	429
353	247	662	428
352	246	661	428
351	246	660	427
350	245	658	426
349	244	657	425
329	253	641	415
327	252	639	414
325	251	637	412
323	251	635	411
321	251	634	410
319	250	632	409
317	250	630	407
315	250	628	406
312	249	626	405
310	249	624	403
308	249	622	402
393	281	641	415
390	280	639	413
393	282	638	413
396	283	637	412
398	285	636	412
401	286	635	411
404	287	634	411
406	289	634	410
409	290	633	409
412	292	632	409
414	293	631	408
441	298	617	399
443	299	616	398
447	301	614	397
451	302	613	396
455	304	611	395
459	305	609	394
463	307	608	393
467	309	606	392
471	310	605	391
475	312	603	390
479	313	601	388
439	293	604	391
442	294	602	389
444	294	601	389
446	295	599	388
447	295	598	387
449	296	596	386
450	296	595	385
452	296	594	384
453	297	592	383
455	297	591	382
456	297	589	381
430	284	604	391
431	284	602	390
431	283	602	389
431	283	601	389
431	283	601	389
431	282	600	388
431	282	599	388
431	281	599	388
431	281	598	387
431	280	598	387
431	280	597	387
391	309	581	376
390	308	580	375
388	309	579	374
386	310	577	373
384	312	576	372
381	313	574	371
379	314	573	371
377	315	571	370
375	316	570	369
372	317	569	368
370	319	567	367
363	304	570	369
360	305	568	368
358	305	567	367
355	305	566	366
353	305	564	365
350	306	563	364
347	306	562	364
345	306	561	363
342	307	560	362
340	307	558	361
337	307	557	361
346	304	570	369
343	304	568	368
341	304	568	367
339	304	567	367
337	304	567	367
335	304	566	367
333	304	566	366
331	304	565	366
329	304	565	366
327	304	565	365
325	304	564	365
369	305	593	384
367	305	592	383
367	305	593	384
368	305	594	385
368	305	595	385
369	305	597	386
369	305	598	387
370	305	599	388
370	305	600	388
371	305	601	389
371	305	602	390
380	289	570	369
380	289	571	369
381	288	570	369
382	287	569	368
383	286	568	368
384	285	568	367
385	284	567	367
386	283	566	366
387	283	565	366
388	282	565	365
389	281	564	365
375	296	547	354
375	295	546	353
376	295	544	352
376	295	542	351
376	295	541	350
376	295	539	349
376	295	537	348
376	295	536	346
376	295	534	345
376	295	532	344
377	295	531	343
351	303	547	354
351	302	545	352
349	303	544	352
348	303	543	351
347	304	543	351
345	304	542	351
344	305	541	350
343	305	541	350
341	306	540	349
340	306	539	349
339	306	538	348
400	265	526	341
398	265	525	340
400	263	523	339
402	261	522	338
404	259	521	337
407	257	519	337
409	255	518	336
411	253	516	335
413	252	515	334
415	250	514	333
417	248	512	332
476	295	526	341
478	293	524	340
483	293	524	339
488	294	523	339
493	295	522	339
499	296	522	338
504	296	521	338
509	297	521	337
514	298	520	337
519	299	519	337
525	300	519	336
537	295	506	327
542	295	505	326
547	296	504	325
553	296	502	324
559	297	501	323
564	297	500	323
570	298	498	322
575	298	497	321
581	298	496	320
587	299	495	319
592	299	493	318
511	308	486	315
516	308	484	314
517	309	483	313
518	310	481	312
518	311	479	310
519	311	478	309
520	312	476	308
521	313	474	307
521	314	473	306
522	315	471	305
523	316	469	304
476	280	486	315
476	280	484	313
474	279	483	313
472	278	483	313
471	277	482	312
469	276	481	312
467	274	481	311
465	273	480	311
463	272	479	311
461	271	479	310
459	270	478	310
463	280	486	315
461	278	485	314
459	278	485	314
457	277	484	314
456	277	484	314
454	276	484	314
452	275	484	313
451	275	484	313
449	274	483	313
448	274	483	313
446	273	483	313
479	293	467	302
477	292	466	301
477	292	465	301
477	293	464	300
478	294	463	299
478	294	462	298
478	295	461	298
479	295	460	297
479	296	459	296
479	296	457	295
479	297	456	295
510	323	458	297
510	323	456	296
512	325	455	295
514	327	454	295
516	329	453	294
517	331	452	293
519	333	451	293
521	335	451	292
523	337	450	291
525	338	449	291
527	340	448	290
513	355	440	285
514	356	439	284
515	359	437	283
516	362	436	282
517	364	434	281
518	367	433	280
520	369	432	279
521	372	430	279
522	375	429	278
523	377	428	277
524	380	426	276
472	349	458	297
473	351	456	296
471	352	457	296
469	353	457	296
467	353	457	297
465	354	458	297
463	355	458	297
461	355	459	297
459	356	459	298
457	357	460	298
455	358	460	298
474	362	440	285
472	362	440	285
471	363	439	284
470	364	439	284
469	365	438	283
468	366	437	283
468	367	436	282
467	368	436	282
466	368	435	281
465	369	434	281
464	370	433	280
500	374	440	285
499	374	439	284
500	375	438	284
501	376	438	284
502	377	438	283
503	378	437	283
505	380	437	283
506	381	437	283
507	382	436	282
508	383	436	282
509	384	436	282
507	336	440	285
508	337	439	284
509	335	439	284
510	333	439	284
511	331	439	284
512	330	439	284
513	328	439	284
513	326	438	284
514	325	438	284
515	323	438	284
516	321	438	284
472	348	423	274
472	346	422	273
471	346	421	273
469	345	420	272
468	345	419	272
466	345	418	271
465	345	418	270
463	345	417	270
461	345	416	269
460	345	415	268
458	344	414	268
482	332	415	269
480	331	414	268
480	330	413	267
480	330	412	267
479	329	411	266
479	328	410	266
479	327	409	265
479	326	408	265
478	325	407	264
478	324	407	263
478	324	406	263
485	332	399	258
484	331	398	257
484	330	396	256
485	330	395	255
485	330	394	254
