1.324461
0.028964
0.029203
0.029228
0.029253
0.029277
0.029301
0.029325
0.029348
0.029373
0.029397
0.029421
0.037781
0.038054
0.038076
0.038095
0.038113
0.038131
0.038149
0.038167
0.038185
0.038203
0.038220
0.026737
0.026967
0.026991
0.027017
0.027040
0.027065
0.027089
0.027113
0.027138
0.027162
0.027186
0.023727
0.023969
0.024002
0.024028
0.024054
0.024078
0.024103
0.024127
0.024151
0.024175
0.024198
0.023972
0.024199
0.024228
0.024251
0.024275
0.024301
0.024323
0.024347
0.024371
0.024394
0.024418
0.023695
0.023923
0.023948
0.023982
0.024007
0.024032
0.024057
0.024081
0.024105
0.024129
0.024153
0.025015
0.025244
0.025272
0.025294
0.025320
0.025343
0.025370
0.025394
0.025417
0.025441
0.025465
0.024740
0.024965
0.024992
0.025026
0.025051
0.025075
0.025099
0.025123
0.025147
0.025171
0.025195
0.024598
0.024834
0.024861
0.024886
0.024911
0.024935
0.024960
0.024984
0.025008
0.025033
0.025056
0.051705
0.051939
0.051972
0.051998
0.052023
0.052048
0.052072
0.052097
0.052125
0.052150
0.052172
0.031530
0.031787
0.031808
0.031836
0.031854
0.031872
0.031890
0.031908
0.031926
0.031944
0.031961
0.043349
0.043570
0.043599
0.043616
0.043633
0.043650
0.043666
0.043681
0.043696
0.043712
0.043727
0.024389
0.024684
0.024715
0.024751
0.024781
0.024811
0.024840
0.024866
0.024895
0.024921
0.024954
0.024086
0.024310
0.024328
0.024342
0.024355
0.024371
0.024384
0.024397
0.024410
0.024423
0.024436
0.023484
0.023711
0.023729
0.023743
0.023757
0.023770
0.023784
0.023796
0.023809
0.023822
0.023835
0.023973
0.024195
0.024222
0.024236
0.024250
0.024263
0.024276
0.024289
0.024303
0.024316
0.024329
0.026962
0.027218
0.027247
0.027262
0.027276
0.027289
0.027302
0.027315
0.027328
0.027341
0.027354
0.023744
0.023970
0.023987
0.024001
0.024014
0.024027
0.024040
0.024054
0.024067
0.024082
0.024114
0.023616
0.023855
0.023882
0.023898
0.023911
0.023925
0.023938
0.023951
0.023964
0.023976
0.023989
0.051577
0.051806
0.051823
0.051838
0.051851
0.051865
0.051878
0.051891
0.051904
0.051917
0.051929
0.024487
0.024709
0.024726
0.024740
0.024754
0.024767
0.024781
0.024794
0.024807
0.024820
0.024833
0.022983
0.023206
0.023227
0.023242
0.023255
0.023268
0.023281
0.023294
0.023307
0.023320
0.023333
0.023326
0.023553
0.023570
0.023584
0.023597
0.023610
0.023623
0.023637
0.023650
0.023663
0.023676
0.025458
0.025680
0.025697
0.025711
0.025725
0.025738
0.025751
0.025765
0.025778
0.025791
0.025804
0.024043
0.024273
0.024290
0.024309
0.024323
0.024338
0.024352
0.024365
0.024378
0.024391
0.024405
0.023746
0.023968
0.023985
0.024000
0.024014
0.024027
0.024040
0.024053
0.024065
0.024078
0.024091
0.023443
0.023653
0.023679
0.023693
0.023706
0.023720
0.023732
0.023746
0.023758
0.023772
0.023785
0.023952
0.024177
0.024194
0.024208
0.024222
0.024235
0.024248
0.024261
0.024274
0.024287
0.024300
0.024742
0.024966
0.024983
0.024998
0.025012
0.025025
0.025039
0.025052
0.025066
0.025079
0.025092
0.050578
0.050804
0.050834
0.050870
0.050896
0.050921
0.050945
0.050970
0.050994
0.051017
0.051041
0.024408
0.024647
0.024681
0.024706
0.024733
0.024757
0.024781
0.024806
0.024831
0.024854
0.024879
0.024881
0.025118
0.025151
0.025175
0.025197
0.025217
0.025249
0.025273
0.025293
0.025312
0.025336
0.024906
0.025140
0.025174
0.025210
0.025237
0.025261
0.025286
0.025311
0.025336
0.025359
0.025383
0.025567
0.025804
0.025837
0.025865
0.025893
0.025918
0.025943
0.025967
0.025990
0.026015
0.026038
