1.788790
0.029565
0.029848
0.029869
0.029886
0.029903
0.029919
0.029935
0.029951
0.029969
0.029985
0.030000
0.026789
0.027040
0.027060
0.027076
0.027092
0.027108
0.027123
0.027142
0.027157
0.027171
0.027184
0.025320
0.025559
0.025583
0.025602
0.025618
0.025634
0.025651
0.025667
0.025683
0.025698
0.025715
0.024433
0.024659
0.024678
0.024692
0.024705
0.024719
0.024732
0.024745
0.024758
0.024771
0.024784
0.026410
0.026627
0.026654
0.026669
0.026683
0.026697
0.026710
0.026724
0.026737
0.026750
0.026764
0.028184
0.028412
0.028430
0.028445
0.028459
0.028473
0.028486
0.028498
0.028512
0.028525
0.028538
0.028774
0.029013
0.029031
0.029045
0.029059
0.029072
0.029089
0.029102
0.029116
0.029129
0.029143
0.031117
0.031344
0.031362
0.031376
0.031389
0.031402
0.031415
0.031428
0.031441
0.031454
0.031467
0.024884
0.025107
0.025125
0.025139
0.025152
0.025166
0.025179
0.025191
0.025204
0.025218
0.025231
0.049744
0.049969
0.049986
0.050000
0.050013
0.050026
0.050039
0.050055
0.050067
0.050080
0.050093
0.024477
0.024702
0.024719
0.024733
0.024747
0.024760
0.024774
0.024787
0.024800
0.024813
0.024826
0.024812
0.025036
0.025053
0.025066
0.025080
0.025095
0.025108
0.025121
0.025134
0.025147
0.025160
0.024390
0.024612
0.024630
0.024644
0.024658
0.024672
0.024685
0.024698
0.024711
0.024723
0.024736
0.024797
0.025050
0.025068
0.025082
0.025095
0.025110
0.025123
0.025136
0.025149
0.025162
0.025175
0.024343
0.024562
0.024589
0.024604
0.024617
0.024631
0.024643
0.024657
0.024670
0.024683
0.024696
0.025165
0.025389
0.025406
0.025420
0.025433
0.025446
0.025460
0.025473
0.025489
0.025501
0.025514
0.025980
0.026209
0.026227
0.026241
0.026255
0.026268
0.026281
0.026294
0.026307
0.026319
0.026332
0.025159
0.025371
0.025387
0.025401
0.025424
0.025437
0.025450
0.025462
0.025476
0.025489
0.025501
0.025058
0.025286
0.025304
0.025320
0.025334
0.025347
0.025361
0.025374
0.025387
0.025400
0.025414
0.051392
0.051616
0.051633
0.051646
0.051660
0.051673
0.051686
0.051699
0.051712
0.051725
0.051738
0.025428
0.025644
0.025672
0.025686
0.025699
0.025712
0.025725
0.025738
0.025751
0.025764
0.025777
0.024351
0.024582
0.024602
0.024617
0.024631
0.024645
0.024658
0.024671
0.024685
0.024697
0.024710
0.024375
0.024605
0.024623
0.024637
0.024650
0.024663
0.024676
0.024689
0.024702
0.024714
0.024728
0.024838
0.025065
0.025083
0.025097
0.025111
0.025125
0.025138
0.025151
0.025164
0.025177
0.025190
0.024170
0.024400
0.024418
0.024432
0.024446
0.024463
0.024477
0.024490
0.024503
0.024515
0.024528
0.023443
0.023669
0.023687
0.023701
0.023715
0.023728
0.023741
0.023755
0.023768
0.023781
0.023794
0.024330
0.024558
0.024575
0.024590
0.024604
0.024617
0.024630
0.024644
0.024656
0.024669
0.024683
0.025284
0.025514
0.025546
0.025583
0.025607
0.025632
0.025656
0.025680
0.025704
0.025728
0.025752
0.025305
0.025545
0.025579
0.025605
0.025631
0.025656
0.025680
0.025704
0.025728
0.025753
0.025777
0.050637
0.050860
0.050877
0.050891
0.050905
0.050918
0.050932
0.050945
0.050958
0.050971
0.050984
0.026040
0.026267
0.026285
0.026300
0.026313
0.026327
0.026340
0.026354
0.026367
0.026381
0.026393
0.025268
0.025496
0.025514
0.025528
0.025542
0.025555
0.025568
0.025581
0.025594
0.025608
0.025620
0.024284
0.024511
0.024532
0.024547
0.024563
0.024582
0.024602
0.024622
0.024656
0.024679
0.024699
0.025967
0.026195
0.026214
0.026228
0.026241
0.026254
0.026267
0.026280
0.026293
0.026305
0.026319
0.029715
0.029947
0.029965
0.029979
0.029993
0.030006
0.030020
0.030033
0.030046
0.030059
0.030072
0.025864
0.026103
0.026121
0.026135
0.026149
0.026162
0.026176
0.026189
0.026201
0.026214
0.026227
0.025618
0.025846
0.025863
0.025878
0.025892
0.025905
0.025918
0.025931
0.025944
0.025961
0.025974
0.025825
0.026054
0.026071
0.026086
0.026099
0.026113
0.026126
0.026139
0.026152
0.026165
0.026178
0.024958
0.025184
0.025202
0.025217
0.025230
0.025243
0.025257
0.025270
0.025283
0.025296
0.025309
0.051046
0.051276
0.051294
0.051308
0.051330
0.051356
0.051372
0.051385
0.051399
0.051416
0.051431
0.023983
0.024208
0.024225
0.024240
0.024254
0.024267
0.024281
0.024294
0.024307
0.024320
0.024333
0.024774
0.024999
0.025017
0.025031
0.025045
0.025058
0.025071
0.025084
0.025097
0.025110
0.025123
0.025203
0.025433
0.025451
0.025465
0.025478
0.025492
0.025505
0.025518
0.025531
0.025544
0.025557
0.025403
0.025630
0.025647
0.025662
0.025675
0.025689
0.025702
0.025715
0.025728
0.025741
0.025754
0.025912
0.026216
0.026248
0.026285
0.026311
0.026337
0.026362
0.026387
0.026411
0.026433
0.026457
0.032355
0.032585
0.032603
0.032617
0.032631
0.032645
0.032658
0.032671
0.032684
0.032697
0.032711
0.025550
0.025774
0.025792
0.025807
0.025820
0.025834
0.025847
0.025860
0.025873
0.025886
0.025900
0.025434
0.025657
0.025675
0.025689
0.025703
0.025716
0.025729
0.025742
0.025755
0.025770
0.025784
0.025062
0.025295
0.025313
0.025328
0.025342
0.025356
0.025369
0.025382
0.025395
0.025408
0.025421
0.053417
0.053639
0.053657
0.053671
0.053685
0.053698
0.053711
0.053724
0.053737
0.053751
0.053763
0.027226
0.027456
0.027474
0.027488
0.027502
0.027516
0.027529
0.027542
0.027555
0.027568
0.027581
0.025225
0.025454
0.025472
0.025486
0.025500
0.025513
0.025526
0.025540
0.025553
0.025567
0.025579
0.026830
0.027065
0.027084
0.027098
0.027112
0.027125
0.027138
0.027151
0.027164
0.027178
0.027190
0.026360
0.026588
0.026605
0.026619
0.026634
0.026647
0.026661
0.026675
0.026688
0.026701
0.026715
0.024611
0.024827
0.024854
0.024868
0.024884
