1.490154
0.035827
0.036045
0.036066
0.036094
0.036113
0.036131
0.036149
0.036166
0.036184
0.036202
0.036219
0.034712
0.034914
0.034943
0.034959
0.034974
0.034990
0.035005
0.035020
0.035036
0.035052
0.035073
0.036659
0.036866
0.036886
0.036907
0.036930
0.036954
0.036978
0.037004
0.037028
0.037052
0.037076
0.034531
0.034748
0.034770
0.034788
0.034815
0.034833
0.034851
0.034869
0.034887
0.034904
0.034921
0.034562
0.034817
0.034859
0.034883
0.034914
0.034936
0.034967
0.034988
0.035009
0.035031
0.035052
0.033010
0.033263
0.033287
0.033308
0.033327
0.033346
0.033364
0.033382
0.033401
0.033419
0.033437
0.030176
0.030396
0.030430
0.030450
0.030469
0.030489
0.030511
0.030531
0.030550
0.030571
0.030591
0.033436
0.033662
0.033684
0.033703
0.033721
0.033738
0.033755
0.033772
0.033790
0.033808
0.033825
0.033101
0.033314
0.033344
0.033363
0.033381
0.033398
0.033416
0.033433
0.033451
0.033469
0.033489
0.051062
0.051276
0.051296
0.051312
0.051327
0.051342
0.051358
0.051375
0.051390
0.051405
0.051420
0.033525
0.033751
0.033774
0.033794
0.033812
0.033830
0.033848
0.033866
0.033884
0.033901
0.033918
0.032813
0.033037
0.033058
0.033076
0.033094
0.033113
0.033130
0.033147
0.033165
0.033183
0.033200
0.030232
0.030466
0.030484
0.030500
0.030517
0.030533
0.030548
0.030564
0.030579
0.030593
0.030608
0.024812
0.025005
0.025024
0.025049
0.025065
0.025084
0.025099
0.025114
0.025129
0.025145
0.025159
0.029511
0.029749
0.029785
0.029807
0.029827
0.029845
0.029865
0.029884
0.029903
0.029923
0.029944
0.036693
0.036933
0.036958
0.036980
0.037001
0.037021
0.037040
0.037060
0.037081
0.037101
0.037121
0.026186
0.026389
0.026408
0.026424
0.026439
0.026454
0.026470
0.026487
0.026502
0.026517
0.026531
0.031587
0.031814
0.031836
0.031863
0.031881
0.031910
0.031928
0.031946
0.031964
0.031983
0.032001
0.031398
0.031633
0.031666
0.031690
0.031712
0.031732
0.031753
0.031774
0.031794
0.031814
0.031833
0.063856
0.064103
0.064135
0.064156
0.064174
0.064194
0.064216
0.064238
0.064258
0.064279
0.064299
0.025948
0.026173
0.026205
0.026233
0.026258
0.026282
0.026307
0.026331
0.026354
0.026377
0.026401
0.031819
0.032044
0.032069
0.032088
0.032106
0.032124
0.032141
0.032159
0.032177
0.032194
0.032212
0.039649
0.039926
0.039958
0.039985
0.040009
0.040032
0.040056
0.040078
0.040102
0.040126
0.040150
0.030777
0.031024
0.031047
0.031066
0.031085
0.031104
0.031123
0.031143
0.031161
0.031181
0.031209
0.026513
0.026722
0.026754
0.026780
0.026805
0.026831
0.026855
0.026880
0.026903
0.026927
0.026951
0.025973
0.026182
0.026213
0.026239
0.026263
0.026292
0.026318
0.026344
0.026370
0.026396
0.026415
0.037380
0.037651
0.037683
0.037719
0.037745
0.037770
0.037795
0.037820
0.037844
0.037865
0.037885
0.033789
0.034019
0.034041
0.034060
0.034078
0.034097
0.034114
0.034132
0.034150
0.034168
0.034188
0.033495
0.033760
0.033786
0.033808
0.033830
0.033852
0.033873
0.033895
0.033916
0.033938
0.033959
0.059207
0.059427
0.059464
0.059483
0.059501
0.059519
0.059537
0.059555
0.059572
0.059590
