1.631539
0.033071
0.033300
0.033321
0.033340
0.033358
0.033376
0.033393
0.033410
0.033428
0.033446
0.033463
0.032777
0.032998
0.033020
0.033037
0.033056
0.033073
0.033091
0.033109
0.033126
0.033144
0.033162
0.030753
0.030969
0.030990
0.031009
0.031035
0.031053
0.031070
0.031088
0.031105
0.031122
0.031140
0.033336
0.033545
0.033568
0.033596
0.033615
0.033634
0.033652
0.033671
0.033688
0.033706
0.033723
0.032033
0.032254
0.032285
0.032304
0.032323
0.032341
0.032359
0.032376
0.032393
0.032410
0.032429
0.033200
0.033405
0.033436
0.033456
0.033473
0.033491
0.033508
0.033526
0.033544
0.033561
0.033579
0.031194
0.031412
0.031433
0.031461
0.031478
0.031497
0.031517
0.031534
0.031551
0.031569
0.031586
0.032943
0.033156
0.033186
0.033205
0.033223
0.033241
0.033259
0.033276
0.033294
0.033312
0.033332
0.032861
0.033068
0.033099
0.033118
0.033136
0.033154
0.033171
0.033189
0.033206
0.033224
0.033241
0.063121
0.063339
0.063362
0.063382
0.063399
0.063417
0.063435
0.063455
0.063472
0.063489
0.063506
0.031396
0.031632
0.031654
0.031673
0.031692
0.031709
0.031727
0.031744
0.031762
0.031779
0.031796
0.033588
0.033797
0.033827
0.033845
0.033864
0.033884
0.033903
0.033920
0.033937
0.033955
0.033972
0.032859
0.033083
0.033105
0.033123
0.033141
0.033159
0.033177
0.033195
0.033213
0.033231
0.033250
0.033407
0.033643
0.033675
0.033695
0.033713
0.033734
0.033752
0.033770
0.033788
0.033806
0.033824
0.033963
0.034186
0.034208
0.034226
0.034243
0.034261
0.034278
0.034297
0.034314
0.034331
0.034349
0.033550
0.033773
0.033794
0.033812
0.033829
0.033846
0.033864
0.033881
0.033900
0.033918
0.033935
0.033459
0.033671
0.033692
0.033711
0.033729
0.033747
0.033765
0.033783
0.033801
0.033818
0.033836
0.033990
0.034195
0.034226
0.034244
0.034261
0.034278
0.034296
0.034313
0.034330
0.034348
0.034365
0.032261
0.032485
0.032507
0.032530
0.032548
0.032567
0.032585
0.032602
0.032620
0.032637
0.032655
0.065735
0.065952
0.065983
0.066001
0.066019
0.066036
0.066054
0.066071
0.066093
0.066112
0.066129
0.032802
0.033010
0.033031
0.033058
0.033076
0.033093
0.033111
0.033128
0.033146
0.033164
0.033181
0.033676
0.033892
0.033916
0.033934
0.033952
0.033969
0.033987
0.034004
0.034021
0.034039
0.034056
0.033760
0.033980
0.034001
0.034020
0.034038
0.034055
0.034073
0.034090
0.034108
0.034125
0.034142
0.033259
0.033475
0.033497
0.033515
0.033533
0.033551
0.033568
0.033587
0.033605
0.033623
0.033640
0.032711
0.032932
0.032962
0.032981
0.033000
0.033020
0.033038
0.033056
0.033073
0.033091
0.033108
0.032273
0.032478
0.032498
0.032526
0.032544
0.032562
0.032579
0.032597
0.032614
0.032632
0.032649
0.033606
0.033825
0.033847
0.033866
0.033885
0.033902
0.033920
0.033937
0.033955
0.033978
0.033996
0.033135
0.033350
0.033381
0.033399
0.033417
0.033434
0.033452
0.033469
0.033486
0.033504
0.033521
0.034195
0.034424
0.034446
0.034465
0.034482
0.034500
0.034518
0.034535
0.034554
0.034571
0.034589
0.063112
0.063347
0.063369
0.063388
0.063406
0.063424
0.063441
0.063458
0.063476
0.063493
0.063511
0.033627
0.033847
0.033872
0.033891
0.033911
0.033929
0.033946
0.033964
0.033982
0.033999
0.034017
0.033034
0.033266
0.033287
0.033306
0.033324
0.033341
0.033359
0.033377
0.033394
0.033412
0.033429
0.031490
0.031711
0.031736
0.031755
0.031774
0.031791
0.031815
0.031834
0.031852
0.031869
0.031887
0.032941
0.033165
0.033187
0.033205
0.033223
0.033241
0.033258
0.033275
0.033293
0.033310
0.033328
0.032127
0.032345
0.032367
0.032386
0.032404
0.032422
0.032439
0.032457
0.032474
