1.766037
0.030882
0.031163
0.031185
0.031204
0.031222
0.031241
0.031258
0.031275
0.031291
0.031308
0.031323
0.026484
0.026723
0.026744
0.026772
0.026789
0.026807
0.026823
0.026840
0.026856
0.026873
0.026889
0.025529
0.025762
0.025782
0.025800
0.025824
0.025841
0.025857
0.025873
0.025890
0.025905
0.025921
0.024669
0.024901
0.024922
0.024939
0.024955
0.024971
0.024988
0.025005
0.025021
0.025036
0.025052
0.025241
0.025462
0.025479
0.025493
0.025507
0.025521
0.025535
0.025548
0.025560
0.025574
0.025587
0.023710
0.023936
0.023953
0.023968
0.023982
0.023995
0.024008
0.024021
0.024033
0.024046
0.024059
0.023709
0.023934
0.023952
0.023965
0.023979
0.023992
0.024009
0.024022
0.024035
0.024048
0.024061
0.024367
0.024623
0.024657
0.024696
0.024730
0.024758
0.024774
0.024788
0.024809
0.024837
0.024868
0.031505
0.031767
0.031789
0.031809
0.031826
0.031844
0.031861
0.031879
0.031896
0.031913
0.031930
0.051953
0.052172
0.052189
0.052202
0.052226
0.052238
0.052252
0.052267
0.052279
0.052293
0.052306
0.025860
0.026090
0.026113
0.026127
0.026140
0.026154
0.026167
0.026180
0.026193
0.026206
0.026219
0.024084
0.024307
0.024323
0.024338
0.024373
0.024397
0.024412
0.024425
0.024439
0.024453
0.024466
0.036255
0.036489
0.036506
0.036525
0.036539
0.036552
0.036565
0.036578
0.036591
0.036604
0.036617
0.025130
0.025360
0.025378
0.025392
0.025405
0.025421
0.025435
0.025448
0.025461
0.025474
0.025487
0.023758
0.023985
0.024003
0.024017
0.024031
0.024044
0.024058
0.024071
0.024083
0.024096
0.024109
0.030752
0.031000
0.031031
0.031049
0.031066
0.031084
0.031102
0.031119
0.031140
0.031158
0.031175
0.027786
0.028009
0.028026
0.028040
0.028054
0.028067
0.028080
0.028093
0.028106
0.028119
0.028132
0.024014
0.024226
0.024253
0.024266
0.024280
0.024293
0.024306
0.024319
0.024332
0.024345
0.024358
0.024439
0.024661
0.024678
0.024695
0.024709
0.024722
0.024735
0.024748
0.024761
0.024773
0.024786
0.048535
0.048756
0.048774
0.048788
0.048801
0.048815
0.048827
0.048840
0.048853
0.048866
0.048878
0.024883
0.025107
0.025125
0.025139
0.025152
0.025165
0.025178
0.025191
0.025204
0.025217
0.025229
0.024210
0.024433
0.024453
0.024467
0.024480
0.024493
0.024506
0.024518
0.024531
0.024544
0.024557
0.023907
0.024132
0.024150
0.024184
0.024203
0.024217
0.024231
0.024245
0.024258
0.024271
0.024284
0.024882
0.025111
0.025128
0.025142
0.025155
0.025168
0.025181
0.025194
0.025207
0.025220
0.025232
0.023952
0.024180
0.024198
0.024211
0.024245
0.024274
0.024290
0.024304
0.024323
0.024337
0.024350
0.024723
0.024948
0.024965
0.024979
0.024993
0.025006
0.025019
0.025032
0.025045
0.025058
0.025070
0.024862
0.025091
