1.835494
0.040628
0.040921
0.040940
0.040955
0.040971
0.040986
0.040999
0.041013
0.041028
0.041042
0.041056
0.029394
0.029635
0.029652
0.029666
0.029696
0.029714
0.029730
0.029746
0.029761
0.029779
0.029796
0.026884
0.027129
0.027149
0.027168
0.027184
0.027200
0.027217
0.027233
0.027249
0.027264
0.027281
0.029464
0.029698
0.029718
0.029735
0.029752
0.029768
0.029784
0.029801
0.029818
0.029835
0.029851
0.026284
0.026509
0.026531
0.026548
0.026565
0.026581
0.026596
0.026612
0.026628
0.026643
0.026659
0.026115
0.026338
0.026355
0.026371
0.026384
0.026397
0.026410
0.026424
0.026436
0.026449
0.026462
0.026414
0.026634
0.026651
0.026665
0.026686
0.026700
0.026715
0.026729
0.026742
0.026755
0.026769
0.025521
0.025748
0.025766
0.025781
0.025795
0.025808
0.025821
0.025835
0.025848
0.025861
0.025873
0.033886
0.034111
0.034128
0.034142
0.034156
0.034169
0.034182
0.034195
0.034208
0.034221
0.034234
0.051855
0.052074
0.052092
0.052106
0.052119
0.052132
0.052145
0.052160
0.052173
0.052186
0.052198
0.033402
0.033666
0.033688
0.033706
0.033724
0.033742
0.033760
0.033777
0.033794
0.033813
0.033831
0.029234
0.029464
0.029482
0.029496
0.029509
0.029525
0.029538
0.029551
0.029564
0.029577
0.029590
0.025637
0.025855
0.025872
0.025886
0.025900
0.025913
0.025926
0.025939
0.025953
0.025966
0.025979
0.025001
0.025221
0.025238
0.025252
0.025266
0.025281
0.025294
0.025307
0.025320
0.025333
0.025346
0.024833
0.025057
0.025074
0.025088
0.025103
0.025116
0.025129
0.025142
0.025155
0.025168
0.025181
0.024563
0.024784
0.024802
0.024817
0.024830
0.024844
0.024857
0.024870
0.024886
0.024899
0.024911
0.024978
0.025199
0.025216
0.025231
0.025244
0.025257
0.025270
0.025283
0.025296
0.025309
0.025321
0.025204
0.025431
0.025455
0.025479
0.025502
0.025527
0.025551
0.025575
0.025599
0.025623
0.025647
0.032037
0.032274
0.032303
0.032336
0.032363
0.032387
0.032413
0.032437
0.032461
0.032485
0.032508
0.054072
0.054300
0.054324
0.054349
0.054373
0.054397
0.054422
0.054447
0.054471
0.054495
0.054519
0.028904
0.029131
0.029158
0.029183
0.029207
0.029232
0.029256
0.029280
0.029304
0.029328
0.029352
0.025938
0.026168
0.026204
0.026230
0.026257
0.026281
0.026305
0.026328
0.026351
0.026376
0.026398
0.028560
0.028795
0.028824
0.028852
0.028877
0.028902
0.028926
0.028950
0.028974
0.028998
0.029022
0.025858
0.026088
0.026112
0.026136
0.026162
0.026186
0.026211
0.026235
0.026259
0.026283
0.026307
0.026002
0.026234
0.026265
0.026292
0.026320
0.026347
0.026372
0.026396
0.026420
0.026444
0.026468
0.028045
0.028270
0.028295
0.028319
0.028344
0.028369
0.028393
0.028417
0.028441
0.028465
0.028489
0.027588
0.027832
0.027862
0.027888
0.027912
0.027937
0.027961
0.027985
0.028008
0.028032
0.028056
0.026335
0.026563
0.026583
0.026601
0.026618
0.026634
0.026650
0.026666
0.026683
0.026699
0.026716
0.026807
0.027030
0.027046
0.027060
0.027074
0.027087
0.027100
0.027113
0.027126
0.027139
0.027152
0.055761
0.055983
0.056000
0.056015
0.056028
0.056041
0.056055
0.056068
0.056080
0.056093
