1.435628
0.036458
0.036682
0.036717
0.036736
0.036755
0.036773
0.036792
0.036809
0.036828
0.036846
0.036864
0.033331
0.033550
0.033571
0.033589
0.033617
0.033635
0.033653
0.033672
0.033690
0.033708
0.033725
0.035414
0.035636
0.035658
0.035678
0.035697
0.035714
0.035732
0.035749
0.035767
0.035785
0.035802
0.035453
0.035665
0.035686
0.035713
0.035731
0.035749
0.035766
0.035784
0.035803
0.035821
0.035838
0.034368
0.034590
0.034621
0.034640
0.034658
0.034675
0.034693
0.034710
0.034727
0.034745
0.034762
0.033380
0.033613
0.033643
0.033664
0.033683
0.033700
0.033718
0.033736
0.033777
0.033795
0.033813
0.033163
0.033397
0.033419
0.033441
0.033460
0.033478
0.033499
0.033516
0.033535
0.033552
0.033569
0.031401
0.031636
0.031672
0.031691
0.031709
0.031726
0.031744
0.031761
0.031780
0.031797
0.031815
0.033200
0.033430
0.033453
0.033472
0.033491
0.033508
0.033527
0.033546
0.033563
0.033582
0.033600
0.058408
0.058738
0.058805
0.058874
0.058936
0.058997
0.059057
0.059121
0.059181
0.059242
0.059302
0.032458
0.032684
0.032717
0.032737
0.032756
0.032775
0.032793
0.032812
0.032831
0.032850
0.032869
0.032634
0.032869
0.032899
0.032917
0.032935
0.032956
0.032973
0.032990
0.033008
0.033025
0.033043
0.033760
0.033994
0.034025
0.034043
0.034061
0.034079
0.034097
0.034115
0.034132
0.034149
0.034167
0.032069
0.032304
0.032326
0.032344
0.032361
0.032380
0.032397
0.032415
0.032432
0.032449
0.032466
0.033554
0.033789
0.033811
0.033830
0.033849
0.033866
0.033884
0.033901
0.033918
0.033936
0.033953
0.033407
0.033628
0.033652
0.033671
0.033688
0.033706
0.033724
0.033741
0.033762
0.033780
0.033797
0.032907
0.033138
0.033169
0.033187
0.033205
0.033223
0.033240
0.033257
0.033274
0.033291
0.033309
0.033260
0.033505
0.033526
0.033545
0.033562
0.033580
0.033597
0.033615
0.033634
0.033652
0.033670
0.034845
0.035061
0.035082
0.035103
0.035121
0.035139
0.035156
0.035174
0.035191
0.035209
0.035226
0.058685
0.058899
0.058932
0.058952
0.058970
0.058988
0.059006
0.059025
0.059043
0.059061
0.059079
0.033470
0.033712
0.033735
0.033755
0.033774
0.033792
0.033810
0.033828
0.033846
0.033864
0.033881
0.032259
0.032489
0.032514
0.032532
0.032550
0.032569
0.032586
0.032603
0.032620
0.032638
0.032655
0.034723
0.034955
0.034978
0.034997
0.035016
0.035033
0.035054
0.035073
0.035091
0.035108
0.035126
0.032497
0.032736
0.032757
0.032776
0.032795
0.032813
0.032831
0.032849
0.032866
0.032884
0.032901
0.033213
0.033441
0.033464
0.033484
0.033501
0.033522
0.033540
0.033557
0.033575
0.033592
0.033610
0.034530
0.034755
0.034791
0.034819
0.034841
0.034863
0.034885
0.034907
0.034928
0.034950
0.034971
0.031495
0.031723
0.031745
0.031765
0.031783
0.031801
0.031820
0.031838
0.031856
0.031874
0.031893
0.030991
0.031299
0.031324
0.031343
0.031361
0.031379
0.031398
0.031417
0.031434
0.031453
0.031471
0.030876
0.031132
0.031158
0.031181
0.031203
0.031224
0.031246
0.031268
0.031290
0.031311
0.031333
0.057876
0.058088
0.058120
0.058138
0.058156
0.058174
0.058192
0.058209
0.058227
0.058244
0.058262
0.033358
0.033584
0.033605
0.033633
0.033651
0.033669
0.033687
0.033724
0.033744
0.033762
0.033780
0.033184
0.033398
0.033420
0.033438
0.033456
0.033473
0.033492
0.033508
0.033526
0.033544
0.033561
0.031137
0.031366
0.031392
0.031411
0.031430
0.031447
0.031466
0.031484
0.031501
0.031518
0.031536
0.032697
0.032929
0.032951
0.032970
0.032988
0.033006
0.033023
0.033041
0.033057
0.033075
0.033092
0.032588
0.032802
0.032833
0.032852
0.032870
0.032889
0.032908
0.032926
0.032943
0.032961
0.032979
0.033212
0.033449
0.033471
0.033489
0.033508
0.033526
0.033543
0.033561
0.033578
0.033596
0.033613
0.032277
0.032512
0.032534
0.032553
0.032572
0.032590
0.032608
0.032625
0.032643
0.032663
0.032681
0.032375
0.032605
0.032627
0.032646
0.032664
0.032681
0.032699
0.032716
0.032734
0.032751
0.032768
0.032187
0.032400
0.032431
0.032450
0.032469
0.032487
0.032505
0.032523
0.032541
0.032558
0.032575
0.059331
0.059555
0.059577
0.059595
0.059613
0.059631
0.059648
0.059666
0.059683
0.059701
0.059718
0.032452
0.032667
0.032688
0.032716
0.032735
0.032753
0.032771
0.032788
0.032806
0.032823
0.032842
0.033701
0.033922
0.033944
0.033963
0.033981
0.033999
0.034017
0.034034
0.034052
0.034069
0.034086
0.033664
0.033871
0.033902
0.033921
0.033939
0.033957
0.033974
0.033992
0.034010
0.034028
0.034045
0.033263
0.033475
0.033496
0.033524
0.033541
0.033560
0.033578
0.033596
0.033613
0.033630
0.033648
0.032906
0.033125
0.033146
0.033164
0.033190
0.033208
0.033225
0.033242
0.033260
0.033277
0.033294
0.032747
0.032965
0.032987
0.033005
0.033023
0.033041
0.033058
0.033076
0.033093
0.033110
0.033128
0.032050
0.032277
0.032300
