1.817632
0.030958
0.031220
0.031248
0.031263
0.031279
0.031293
0.031307
0.031320
0.031335
0.031349
0.031363
0.033195
0.033457
0.033478
0.033506
0.033525
0.033544
0.033561
0.033580
0.033597
0.033616
0.033634
0.027783
0.028025
0.028044
0.028059
0.028073
0.028087
0.028100
0.028114
0.028127
0.028141
0.028155
0.024673
0.024921
0.024940
0.024959
0.024975
0.024991
0.025007
0.025023
0.025039
0.025054
0.025069
0.023860
0.024094
0.024114
0.024131
0.024147
0.024163
0.024179
0.024195
0.024212
0.024228
0.024244
0.024050
0.024282
0.024299
0.024315
0.024329
0.024342
0.024355
0.024368
0.024381
0.024393
0.024406
0.023764
0.023996
0.024013
0.024027
0.024041
0.024054
0.024070
0.024082
0.024096
0.024109
0.024122
0.022695
0.022925
0.022943
0.022957
0.022971
0.022984
0.022997
0.023010
0.023023
0.023036
0.023049
0.022999
0.023268
0.023292
0.023312
0.023331
0.023350
0.023369
0.023388
0.023408
0.023427
0.023447
0.049356
0.049582
0.049599
0.049613
0.049627
0.049640
0.049653
0.049668
0.049681
0.049694
0.049706
0.023736
0.023956
0.023982
0.023996
0.024010
0.024023
0.024037
0.024050
0.024064
0.024077
0.024090
0.022675
0.022893
0.022920
0.022934
0.022947
0.022963
0.022976
0.022989
0.023002
0.023015
0.023028
0.023573
0.023802
0.023819
0.023833
0.023846
0.023859
0.023872
0.023885
0.023899
0.023912
0.023925
0.022743
0.022972
0.022988
0.023002
0.023015
0.023031
0.023044
0.023057
0.023069
0.023082
0.023095
0.023564
0.023790
0.023807
0.023822
0.023837
0.023849
0.023863
0.023876
0.023888
0.023901
0.023914
0.024395
0.024612
0.024638
0.024652
0.024665
0.024678
0.024692
0.024705
0.024719
0.024732
0.024745
0.023797
0.024026
0.024044
0.024058
0.024072
0.024085
0.024098
0.024111
0.024124
0.024136
0.024149
0.023960
0.024189
0.024206
0.024220
0.024234
0.024247
0.024260
0.024273
0.024286
0.024299
0.024312
0.025230
0.025497
0.025526
0.025545
0.025571
0.025587
0.025602
0.025618
0.025633
0.025649
0.025664
0.052958
0.053190
0.053207
0.053221
0.053234
0.053246
0.053260
0.053273
0.053287
0.053299
0.053312
0.025148
0.025381
0.025398
0.025412
0.025425
0.025438
0.025451
0.025464
0.025476
0.025490
0.025502
0.025569
0.025788
0.025818
0.025832
0.025847
0.025860
0.025874
0.025887
0.025900
0.025913
0.025926
0.025316
0.025540
0.025557
0.025571
0.025584
0.025597
0.025610
0.025623
0.025636
0.025649
0.025662
0.025015
0.025254
0.025271
0.025286
0.025300
0.025313
0.025327
0.025340
0.025353
0.025366
0.025379
0.024731
0.024962
0.024981
0.024995
0.025009
0.025025
0.025038
0.025051
0.025064
0.025077
0.025091
0.024889
0.025114
0.025132
0.025147
0.025160
0.025173
0.025186
0.025199
0.025212
0.025225
0.025238
0.026225
0.026458
0.026476
0.026490
0.026503
0.026517
0.026530
0.026543
0.026556
0.026569
0.026582
0.025101
0.025327
0.025345
0.025359
0.025372
0.025385
0.025398
0.025411
0.025424
0.025437
0.025450
0.025667
0.025896
0.025914
0.025928
0.025942
0.025957
0.025970
0.025983
0.025997
0.026010
0.026024
0.050119
0.050344
0.050362
0.050376
0.050390
0.050404
0.050417
0.050430
0.050442
0.050455
0.050468
0.025304
0.025538
0.025556
0.025571
0.025585
0.025598
0.025612
0.025625
0.025638
0.025652
0.025665
0.025152
0.025388
0.025405
0.025419
0.025433
0.025446
0.025459
0.025472
0.025486
0.025499
0.025512
0.025205
0.025430
0.025451
0.025465
0.025479
0.025492
0.025506
0.025519
0.025532
0.025545
0.025558
0.025260
0.025484
0.025501
0.025515
0.025529
0.025542
0.025554
0.025567
0.025580
0.025593
0.025606
0.025778
0.026009
0.026027
0.026041
0.026055
0.026069
0.026082
0.026095
0.026109
0.026122
0.026134
0.025520
0.025748
0.025765
0.025779
0.025793
0.025806
0.025819
0.025833
0.025846
0.025859
0.025871
0.024702
0.024930
0.024948
0.024962
0.024977
0.024991
0.025004
0.025017
0.025030
0.025047
0.025060
0.024966
0.025182
0.025208
0.025223
0.025236
0.025249
0.025263
0.025276
0.025289
0.025302
0.025315
0.025122
0.025345
0.025363
0.025378
0.025391
0.025404
0.025417
0.025430
0.025443
0.025456
0.025469
0.050618
0.050843
0.050860
0.050874
0.050887
0.050900
0.050913
0.050926
0.050939
0.050952
0.050965
0.025416
0.025637
0.025665
0.025679
0.025692
0.025706
0.025719
0.025733
0.025746
0.025759
0.025772
0.026126
0.026358
0.026375
0.026390
0.026403
0.026417
0.026430
0.026443
0.026455
0.026469
0.026481
0.026004
0.026234
0.026252
0.026267
0.026281
0.026294
0.026308
0.026320
0.026334
0.026347
0.026360
0.025440
0.025668
0.025686
0.025700
0.025714
0.025727
0.025740
0.025753
0.025765
0.025778
0.025791
0.025039
0.025265
0.025282
0.025296
0.025311
0.025324
0.025338
0.025351
0.025364
0.025377
0.025390
0.025185
0.025402
0.025429
0.025442
0.025457
0.025470
0.025483
0.025496
0.025509
0.025522
0.025535
0.024959
0.025183
0.025200
0.025214
0.025228
0.025241
0.025254
0.025267
0.025280
0.025293
0.025306
0.024859
0.025085
0.025103
0.025117
0.025131
0.025143
0.025156
0.025169
0.025182
0.025198
0.025212
0.025511
0.025745
0.025763
0.025777
0.025791
0.025805
0.025818
0.025831
0.025844
0.025857
0.025870
0.051753
0.051980
0.051997
0.052011
0.052025
0.052038
0.052051
0.052064
0.052077
0.052091
0.052104
0.025879
0.026110
0.026128
0.026143
0.026157
0.026170
0.026184
0.026197
0.026210
0.026223
0.026236
0.025748
0.025973
0.025991
0.026005
0.026019
0.026032
0.026045
0.026058
0.026072
0.026085
0.026098
0.025186
0.025420
0.025438
0.025452
0.025465
0.025479
0.025492
0.025505
0.025517
0.025530
0.025543
0.025554
0.025779
0.025797
0.025811
0.025824
0.025838
0.025851
0.025865
0.025877
0.025891
0.025904
0.025522
0.025749
0.025766
0.025780
0.025795
0.025809
0.025822
0.025835
0.025848
0.025861
0.025874
0.025840
0.026057
0.026084
0.026098
0.026112
0.026125
0.026139
0.026152
0.026165
0.026178
0.026191
0.025401
0.025630
0.025648
0.025662
0.025676
0.025689
0.025702
0.025715
0.025728
0.025742
0.025755
0.024944
0.025171
0.025189
0.025203
0.025218
0.025232
0.025245
0.025258
0.025271
0.025284
0.025297
0.025641
0.025873
0.025891
0.025905
0.025919
0.025933
0.025946
0.025959
0.025972
0.025985
0.025998
0.050570
0.050790
0.050807
0.050821
0.050853
0.050875
0.050889
0.050903
0.050916
0.050934
