1.691912
0.035652
0.035869
0.035899
0.035917
0.035936
0.035954
0.035972
0.035989
0.036008
0.036025
0.036042
0.029849
0.030070
0.030090
0.030107
0.030123
0.030140
0.030155
0.030171
0.030187
0.030202
0.030217
0.034806
0.035021
0.035043
0.035061
0.035079
0.035097
0.035115
0.035133
0.035151
0.035169
0.035187
0.028889
0.029104
0.029124
0.029139
0.029155
0.029171
0.029185
0.029200
0.029215
0.029230
0.029244
0.028317
0.028517
0.028537
0.028554
0.028570
0.028586
0.028601
0.028617
0.028633
0.028648
0.028664
0.025689
0.025889
0.025908
0.025926
0.025942
0.025958
0.025974
0.025989
0.026005
0.026021
0.026036
0.025949
0.026148
0.026168
0.026185
0.026200
0.026216
0.026234
0.026249
0.026265
0.026280
0.026295
0.026631
0.026850
0.026884
0.026910
0.026934
0.026958
0.026982
0.027005
0.027030
0.027055
0.027076
0.034210
0.034471
0.034492
0.034511
0.034528
0.034546
0.034564
0.034581
0.034599
0.034616
0.034634
0.054244
0.054459
0.054483
0.054500
0.054515
0.054531
0.054547
0.054565
0.054581
0.054597
0.054613
0.028120
0.028338
0.028358
0.028375
0.028391
0.028407
0.028424
0.028439
0.028455
0.028472
0.028487
0.027364
0.027570
0.027591
0.027607
0.027624
0.027643
0.027658
0.027674
0.027689
0.027705
0.027720
0.029399
0.029611
0.029631
0.029648
0.029665
0.029681
0.029696
0.029713
0.029728
0.029744
0.029759
0.029069
0.029285
0.029307
0.029326
0.029343
0.029363
0.029379
0.029394
0.029410
0.029426
0.029442
0.030470
0.030709
0.030742
0.030778
0.030812
0.030848
0.030878
0.030904
0.030928
0.030952
0.030977
0.037577
0.037798
0.037821
0.037839
0.037856
0.037874
0.037892
0.037909
0.037928
0.037946
0.037963
0.027942
0.028154
0.028175
0.028191
0.028208
0.028223
0.028238
0.028253
0.028269
0.028284
0.028299
0.032768
0.033010
0.033033
0.033053
0.033083
0.033104
0.033124
0.033144
0.033164
0.033184
0.033204
0.036173
0.036401
0.036423
0.036445
0.036463
0.036480
0.036498
0.036515
0.036532
0.036550
0.036567
0.055386
0.055594
0.055611
0.055626
0.055639
0.055652
0.055665
0.055678
0.055692
0.055705
0.055718
0.027838
0.028051
0.028069
0.028083
0.028097
0.028110
0.028126
0.028144
0.028160
0.028176
0.028191
0.028291
0.028507
0.028527
0.028542
0.028555
0.028568
0.028582
0.028595
0.028609
0.028622
0.028635
0.029732
0.029949
0.029966
0.029980
0.029994
0.030007
0.030020
0.030033
0.030046
0.030059
0.030072
0.026737
0.026932
0.026949
0.026964
0.026978
0.026991
0.027004
0.027018
0.027031
0.027044
0.027057
0.029120
0.029335
0.029353
0.029367
0.029381
0.029398
0.029411
0.029424
0.029438
0.029450
0.029470
0.036310
0.036525
0.036557
0.036576
0.036594
0.036612
0.036630
0.036648
0.036666
0.036684
0.036701
0.037012
0.037234
0.037256
0.037275
0.037293
0.037311
0.037328
0.037346
0.037364
0.037382
0.037400
0.035783
0.036008
0.036030
0.036049
0.036067
0.036084
0.036101
0.036119
0.036136
0.036153
0.036170
0.035834
0.036057
0.036078
0.036105
0.036123
0.036140
0.036158
0.036175
0.036192
0.036210
0.036228
0.066634
0.066846
0.066878
0.066896
0.066914
0.066931
0.066949
0.066966
0.066983
0.067002
0.067019
0.035519
0.035751
0.035772
0.035792
0.035810
0.035827
0.035844
0.035862
0.035880
0.035898
0.035917
0.035351
0.035572
0.035603
0.035621
0.035639
0.035657
0.035674
0.035692
0.035709
0.035726
0.035743
0.035111
0.035340
0.035366
0.035384
0.035402
0.035420
0.035438
