1.869889
0.033547
0.033831
0.033865
0.033890
0.033919
0.033945
0.033972
0.033997
0.034024
0.034049
0.034073
0.034983
0.035274
0.035296
0.035316
0.035334
0.035354
0.035373
0.035391
0.035409
0.035427
0.035446
0.034810
0.035061
0.035083
0.035111
0.035129
0.035148
0.035166
0.035183
0.035201
0.035218
0.035238
0.040510
0.040904
0.040946
0.040981
0.041014
0.041046
0.041079
0.041110
0.041142
0.041175
0.041207
0.032045
0.032299
0.032320
0.032338
0.032365
0.032383
0.032401
0.032418
0.032436
0.032454
0.032471
0.032166
0.032438
0.032459
0.032480
0.032499
0.032518
0.032536
0.032553
0.032571
0.032588
0.032606
0.033910
0.034169
0.034192
0.034210
0.034228
0.034245
0.034265
0.034283
0.034300
0.034318
0.034335
0.031778
0.032044
0.032066
0.032084
0.032102
0.032119
0.032137
0.032155
0.032171
0.032188
0.032206
0.024090
0.024318
0.024336
0.024350
0.024364
0.024377
0.024390
0.024404
0.024417
0.024430
0.024442
0.051655
0.051886
0.051903
0.051918
0.051931
0.051944
0.051957
0.051972
0.051985
0.051998
0.052011
0.029034
0.029262
0.029280
0.029294
0.029307
0.029320
0.029333
0.029346
0.029359
0.029373
0.029386
0.025794
0.026020
0.026038
0.026052
0.026066
0.026082
0.026095
0.026108
0.026121
0.026134
0.026147
0.026837
0.027063
0.027081
0.027095
0.027109
0.027122
0.027135
0.027148
0.027162
0.027175
0.027188
0.026917
0.027141
0.027167
0.027181
0.027195
0.027210
0.027223
0.027236
0.027250
0.027262
0.027276
0.024946
0.025172
0.025190
0.025203
0.025218
0.025232
0.025245
0.025258
0.025272
0.025284
0.025298
0.026064
0.026296
0.026313
0.026327
0.026340
0.026353
0.026366
0.026379
0.026394
0.026407
0.026420
0.025697
0.025926
0.025944
0.025958
0.025971
0.025984
0.025997
0.026010
0.026023
0.026036
0.026048
0.025294
0.025520
0.025536
0.025550
0.025564
0.025577
0.025590
0.025604
0.025617
0.025629
0.025643
0.025171
0.025399
0.025417
0.025434
0.025447
0.025460
0.025474
0.025487
0.025501
0.025514
0.025527
0.049680
0.049906
0.049923
0.049937
0.049950
0.049963
0.049976
0.049989
0.050002
0.050015
0.050028
0.025862
0.026101
0.026119
0.026133
0.026147
0.026160
0.026173
0.026185
0.026198
0.026211
0.026224
0.024097
0.024325
0.024344
0.024358
0.024371
0.024384
0.024397
0.024411
0.024423
0.024436
0.024449
0.025122
0.025349
0.025367
0.025381
0.025394
0.025408
0.025421
0.025434
0.025447
0.025460
0.025473
0.023427
0.023643
0.023669
0.023683
0.023697
0.023710
0.023723
0.023736
0.023750
0.023762
0.023775
0.023572
0.023790
0.023817
0.023831
0.023845
0.023861
0.023874
0.023887
0.023901
0.023913
0.023926
0.025106
0.025334
0.025352
0.025367
0.025381
0.025395
0.025408
0.025421
0.025434
0.025447
0.025460
0.024883
0.025113
0.025132
0.025146
0.025160
0.025172
0.025191
0.025204
0.025218
0.025231
0.025244
0.026670
0.026901
0.026919
0.026933
0.026947
0.026960
0.026973
0.026987
0.027000
0.027013
0.027026
0.027188
0.027427
0.027445
0.027460
0.027474
0.027487
0.027500
0.027513
0.027526
0.027540
0.027553
0.055445
0.055670
0.055688
0.055703
0.055717
0.055730
0.055743
0.055756
0.055769
0.055782
