1.477218
0.036959
0.037209
0.037231
0.037250
0.037268
0.037286
0.037304
0.037321
0.037340
0.037358
0.037377
0.034093
0.034318
0.034339
0.034358
0.034376
0.034395
0.034412
0.034430
0.034447
0.034464
0.034482
0.033394
0.033622
0.033644
0.033674
0.033692
0.033711
0.033730
0.033749
0.033766
0.033784
0.033801
0.033884
0.034095
0.034126
0.034145
0.034163
0.034181
0.034199
0.034216
0.034234
0.034251
0.034269
0.035392
0.035620
0.035641
0.035658
0.035677
0.035696
0.035713
0.035732
0.035750
0.035767
0.035785
0.034803
0.035021
0.035042
0.035070
0.035089
0.035106
0.035124
0.035141
0.035159
0.035177
0.035194
0.035715
0.035922
0.035953
0.035972
0.035990
0.036008
0.036029
0.036047
0.036064
0.036081
0.036099
0.036648
0.036865
0.036889
0.036908
0.036927
0.036944
0.036961
0.036978
0.036995
0.037013
0.037030
0.035347
0.035558
0.035588
0.035606
0.035624
0.035642
0.035659
0.035676
0.035694
0.035711
0.035729
0.055955
0.056190
0.056213
0.056231
0.056249
0.056266
0.056283
0.056303
0.056320
0.056338
0.056354
0.036052
0.036278
0.036299
0.036318
0.036336
0.036353
0.036371
0.036388
0.036406
0.036424
0.036442
0.037280
0.037493
0.037523
0.037541
0.037559
0.037579
0.037596
0.037614
0.037631
0.037648
0.037665
0.036437
0.036656
0.036687
0.036705
0.036723
0.036740
0.036758
0.036777
0.036794
0.036812
0.036829
0.035588
0.035805
0.035825
0.035843
0.035861
0.035880
0.035898
0.035915
0.035933
0.035950
0.035967
0.035137
0.035351
0.035382
0.035402
0.035420
0.035438
0.035456
0.035474
0.035491
0.035508
0.035526
0.035360
0.035583
0.035604
0.035623
0.035640
0.035658
0.035675
0.035693
0.035713
0.035731
0.035748
0.037860
0.038069
0.038090
0.038118
0.038136
0.038154
0.038171
0.038188
0.038206
0.038224
0.038240
0.033625
0.033862
0.033883
0.033901
0.033920
0.033938
0.033957
0.033975
0.033993
0.034010
0.034028
0.034537
0.034743
0.034774
0.034796
0.034814
0.034831
0.034849
0.034867
0.034884
0.034902
0.034919
0.057030
0.057252
0.057283
0.057301
0.057319
0.057336
0.057353
0.057371
0.057389
0.057406
0.057423
0.033414
0.033638
0.033669
0.033687
0.033705
0.033723
0.033741
0.033758
0.033775
0.033793
0.033810
0.033636
0.033871
0.033896
0.033915
0.033933
0.033951
0.033968
0.033986
0.034004
0.034021
0.034039
0.034798
0.035010
0.035041
0.035059
0.035077
0.035095
0.035113
0.035131
0.035149
0.035166
0.035184
0.036178
0.036395
0.036416
0.036435
0.036453
0.036471
0.036489
0.036506
0.036523
0.036541
0.036558
0.034412
0.034652
0.034675
0.034693
0.034712
0.034733
0.034751
0.034768
0.034786
0.034803
0.034821
0.035805
0.036022
0.036044
0.036063
0.036082
0.036100
0.036118
0.036135
0.036153
0.036170
0.036188
0.034531
0.034750
0.034772
0.034790
0.034808
0.034826
0.034843
0.034861
0.034879
0.034897
0.034915
0.036070
0.036293
0.036315
0.036334
0.036352
0.036369
0.036387
0.036404
0.036422
0.036439
0.036456
0.035440
0.035666
0.035687
0.035706
0.035724
0.035741
0.035759
0.035777
0.035794
0.035812
0.035830
0.059997
0.060217
0.060239
0.060257
0.060276
0.060293
0.060311
0.060328
