1.878859
0.037080
0.037373
0.037404
0.037422
0.037441
0.037457
0.037474
0.037491
0.037509
0.037526
0.037544
0.025461
0.025703
0.025747
0.025773
0.025795
0.025811
0.025825
0.025839
0.025852
0.025866
0.025880
0.026461
0.026695
0.026714
0.026729
0.026743
0.026757
0.026770
0.026784
0.026797
0.026810
0.026823
0.025931
0.026147
0.026164
0.026178
0.026201
0.026214
0.026227
0.026241
0.026254
0.026267
0.026280
0.022972
0.023179
0.023204
0.023218
0.023232
0.023246
0.023259
0.023272
0.023285
0.023299
0.023313
0.031395
0.031651
0.031672
0.031692
0.031709
0.031727
0.031744
0.031761
0.031779
0.031796
0.031813
0.032409
0.032634
0.032651
0.032665
0.032679
0.032692
0.032708
0.032721
0.032734
0.032748
0.032761
0.023048
0.023263
0.023279
0.023293
0.023306
0.023319
0.023333
0.023345
0.023358
0.023371
0.023384
0.022805
0.023021
0.023037
0.023052
0.023065
0.023079
0.023092
0.023106
0.023124
0.023143
0.023162
0.050183
0.050403
0.050420
0.050434
0.050448
0.050461
0.050474
0.050489
0.050502
0.050515
0.050528
0.022915
0.023140
0.023157
0.023171
0.023185
0.023199
0.023213
0.023226
0.023238
0.023252
0.023265
0.025355
0.025578
0.025596
0.025610
0.025623
0.025639
0.025652
0.025666
0.025679
0.025692
0.025705
0.025824
0.026032
0.026058
0.026072
0.026085
0.026098
0.026112
0.026125
0.026138
0.026150
0.026163
0.025687
0.025910
0.025928
0.025942
0.025955
0.025972
0.025985
0.025998
0.026011
0.026024
0.026037
0.023776
0.024001
0.024019
0.024034
0.024047
0.024060
0.024073
0.024086
0.024099
0.024112
0.024125
0.025791
0.026012
0.026029
0.026043
0.026056
0.026069
0.026082
0.026095
0.026112
0.026125
0.026138
0.024335
0.024565
0.024584
0.024598
0.024611
0.024625
0.024638
0.024651
0.024664
0.024677
0.024690
0.024018
0.024233
0.024250
0.024271
0.024304
0.024333
0.024361
0.024392
0.024421
0.024445
0.024470
0.029852
0.030149
0.030189
0.030220
0.030246
0.030271
0.030297
0.030323
0.030349
0.030376
0.030403
0.051244
0.051464
0.051482
0.051496
0.051509
0.051522
0.051535
0.051548
0.051561
0.051574
0.051587
0.026873
0.027093
0.027111
0.027125
0.027138
0.027152
0.027165
0.027177
0.027190
0.027203
0.027216
0.028837
0.029066
0.029099
0.029124
0.029148
0.029182
0.029206
0.029230
0.029253
0.029277
0.029300
0.024143
0.024379
0.024409
0.024436
0.024461
0.024485
0.024509
0.024533
0.024557
0.024580
0.024604
0.023689
0.023912
0.023930
0.023944
0.023958
0.023971
0.023984
0.023998
0.024011
0.024024
0.024038
0.025540
0.025761
0.025778
0.025793
0.025806
0.025823
0.025836
0.025849
0.025862
0.025875
0.025887
0.023869
0.024086
0.024103
0.024117
0.024131
0.024144
0.024157
0.024170
0.024183
0.024199
0.024214
0.024252
0.024470
0.024489
0.024506
0.024522
0.024537
0.024551
0.024567
0.024582
0.024598
0.024613
0.027837
0.028057
0.028076
0.028093
0.028108
0.028124
0.028139
0.028154
0.028168
0.028184
0.028199
0.024243
0.024464
0.024485
0.024501
0.024517
0.024532
0.024547
0.024562
0.024578
0.024593
0.024609
0.057710
0.057961
0.057982
0.058000
0.058022
0.058040
0.058058
0.058076
0.058094
0.058112
0.058130
0.030937
0.031190
0.031212
0.031230
0.031249
0.031266
0.031284
0.031302
0.031321
0.031338
0.031356
0.033950
0.034169
0.034190
0.034208
0.034232
0.034257
0.034274
0.034292
0.034308
0.034324
0.034340
0.028475
0.028694
0.028717
0.028734
0.028750
0.028765
0.028781
0.028797
0.028812
0.028827
0.028842
0.023037
0.023253
0.023273
0.023290
0.023305
0.023320
0.023335
0.023350
0.023364
0.023380
0.023395
0.024038
0.024262
0.024282
0.024298
0.024314
0.024329
0.024344
0.024361
0.024375
0.024388
0.024401
0.023885
0.024102
0.024119
0.024134
