1.579607
0.034718
0.034961
0.034982
0.035010
0.035029
0.035047
0.035065
0.035083
0.035100
0.035118
0.035136
0.035316
0.035538
0.035562
0.035591
0.035612
0.035646
0.035670
0.035695
0.035718
0.035742
0.035766
0.032560
0.032772
0.032803
0.032823
0.032841
0.032859
0.032876
0.032894
0.032912
0.032930
0.032948
0.036056
0.036277
0.036299
0.036318
0.036336
0.036354
0.036371
0.036389
0.036407
0.036424
0.036442
0.035231
0.035442
0.035462
0.035478
0.035495
0.035509
0.035524
0.035539
0.035554
0.035569
0.035584
0.032315
0.032503
0.032528
0.032543
0.032557
0.032570
0.032583
0.032596
0.032609
0.032622
0.032635
0.027020
0.027238
0.027271
0.027295
0.027321
0.027345
0.027372
0.027395
0.027420
0.027443
0.027467
0.034878
0.035109
0.035142
0.035164
0.035184
0.035205
0.035225
0.035245
0.035266
0.035286
0.035306
0.035428
0.035753
0.035820
0.035882
0.035943
0.036003
0.036063
0.036123
0.036183
0.036243
0.036303
0.063661
0.063898
0.063920
0.063938
0.063957
0.063974
0.063993
0.064012
0.064030
0.064048
0.064066
0.033585
0.033835
0.033859
0.033878
0.033896
0.033915
0.033937
0.033956
0.033975
0.033994
0.034013
0.033357
0.033568
0.033599
0.033618
0.033636
0.033655
0.033673
0.033690
0.033709
0.033728
0.033745
0.032820
0.033042
0.033063
0.033081
0.033099
0.033117
0.033135
0.033153
0.033170
0.033188
0.033205
0.032824
0.033035
0.033064
0.033082
0.033101
0.033122
0.033140
0.033157
0.033175
0.033192
0.033211
0.033028
0.033234
0.033260
0.033290
0.033308
0.033326
0.033344
0.033361
0.033379
0.033396
0.033414
0.033000
0.033224
0.033255
0.033274
0.033293
0.033311
0.033329
0.033346
0.033367
0.033385
0.033402
0.033238
0.033475
0.033506
0.033526
0.033544
0.033561
0.033580
0.033597
0.033615
0.033633
0.033651
0.036520
0.036732
0.036762
0.036781
0.036799
0.036818
0.036836
0.036854
0.036872
0.036890
0.036909
0.040081
0.040310
0.040345
0.040370
0.040392
0.040413
0.040434
0.040455
0.040476
0.040497
0.040518
0.063439
0.063664
0.063686
0.063704
0.063722
0.063740
0.063757
0.063774
0.063792
0.063809
0.063827
0.034595
0.034812
0.034831
0.034857
0.034875
0.034893
0.034910
0.034928
0.034946
0.034963
0.034981
0.034759
0.034978
0.035012
0.035031
0.035049
0.035067
0.035086
0.035104
0.035122
0.035140
0.035158
0.034779
0.035097
0.035163
0.035225
0.035286
0.035346
0.035406
0.035466
0.035538
0.035605
0.035666
0.032694
0.032936
0.032968
0.032991
0.033014
0.033035
0.033056
0.033078
0.033099
0.033121
0.033142
0.034042
0.034257
0.034279
0.034300
0.034318
0.034340
0.034358
0.034375
0.034392
0.034410
0.034428
0.035884
0.036089
0.036109
0.036126
0.036143
0.036160
0.036177
0.036193
0.036208
0.036224
0.036239
0.025984
0.026188
0.026208
0.026226
0.026242
0.026259
0.026275
0.026292
0.026308
0.026324
0.026340
0.026602
0.026814
0.026834
0.026850
0.026867
0.026883
0.026899
0.026915
0.026930
0.026946
0.026961
0.025190
0.025413
0.025439
0.025459
0.025479
0.025500
0.025518
0.025537
0.025556
0.025576
0.025595
0.055561
0.055755
0.055779
0.055811
0.055835
0.055860
0.055883
0.055907
0.055931
0.055954
0.055978
0.027245
0.027449
0.027466
0.027481
0.027494
0.027507
0.027523
0.027537
0.027550
0.027564
0.027577
0.038990
0.039233
0.039256
0.039276
0.039295
0.039313
0.039332
0.039349
0.039367
0.039384
0.039402
0.036041
0.036267
0.036294
0.036325
0.036344
0.036364
0.036384
0.036403
0.036423
0.036444
0.036464
0.031988
0.032226
0.032339
0.032367
0.032391
0.032411
0.032430
0.032449
0.032468
0.032487
0.032506
0.033567
0.033791
0.033823
0.033842
0.033860
0.033878
0.033897
0.033915
0.033933
0.033951
0.033969
0.033728
0.033955
0.033977
0.033996
0.034014
0.034033
0.034052
0.034070
0.034087
0.034105
0.034123
0.035641
0.035866
0.035888
0.035917
0.035936
0.035955
0.035974
0.035993
0.036012
0.036035
0.036054
0.034187
0.034398
0.034429
0.034448
0.034467
0.034486
0.034504
0.034523
0.034541
0.034559
0.034577
0.036683
0.036921
0.036943
0.036963
0.036983
0.037001
0.037020
0.037038
0.037056
0.037075
0.037093
0.065857
0.066055
0.066083
0.066101
0.066117
0.066132
0.066147
0.066163
0.066178
0.066193
0.066208
0.028430
0.028620
0.028648
0.028662
0.028676
0.028691
0.028705
0.028718
0.028731
0.028746
0.028759
0.035155
0.035381
0.035403
0.035422
0.035440
0.035458
0.035475
0.035492
0.035510
0.035527
0.035544
0.039523
0.039753
0.039776
0.039796
0.039815
0.039833
0.039852
0.039871
0.039889
0.039907
0.039926
0.033847
0.034070
0.034091
0.034118
0.034136
0.034154
0.034172
0.034189
0.034207
0.034224
0.034242
0.034428
0.034662
0.034685
0.034715
0.034734
0.034753
0.034772
0.034791
0.034809
0.034828
0.034847
0.033468
0.033683
0.033702
0.033729
0.033747
0.033765
0.033783
0.033801
0.033818
0.033836
0.033854
0.042423
0.042677
0.042716
0.042740
0.042765
0.042788
0.042811
0.042834
0.042857
0.042880
0.042905
0.033072
0.033303
0.033325
0.033345
0.033363
0.033380
0.033398
0.033415
0.033433
0.033454
0.033472
0.033819
0.034040
0.034060
0.034078
0.034099
0.034118
0.034136
0.034154
0.034172
0.034190
0.034208
0.066541
0.066776
0.066807
0.066826
0.066844
0.066862
0.066880
0.066898
0.066916
0.066934
0.066952
0.033699
0.033911
0.033930
0.033959
0.033978
0.033995
0.034013
0.034031
0.034050
0.034067
0.034085
0.037107
0.037324
0.037346
0.037365
0.037384
0.037402
0.037420
0.037439
0.037457
0.037475
0.037494
0.033604
0.033833
0.033855
0.033874
0.033892
0.033910
0.033928
0.033945
0.033963
0.033980
0.033998
0.033021
0.033239
0.033269
0.033288
0.033306
0.033324
0.033342
0.033361
0.033378
0.033396
0.033414
0.037757
0.037975
0.038007
0.038026
0.038049
0.038067
0.038086
0.038103
0.038121
0.038139
0.038157
0.034546
0.034769
0.034791
0.034819
0.034838
0.034856
0.034875
0.034893
0.034911
0.034929
0.034947
0.035167
0.035418
0.035445
0.035468
0.035489
0.035510
0.035531
0.035550
0.035569
0.035588
0.035606
0.028212
0.028395
0.028422
0.028439
0.028454
0.028468
0.028481
0.028494
0.028507
0.028520
0.028533
0.030706
0.030980
0.031008
0.031031
0.031066
0.031088
0.031110
0.031132
0.031153
0.031174
0.031195
0.062069
0.062269
0.062288
0.062314
0.062331
0.062347
0.062363
0.062379
0.062396
0.062411
0.062427
0.036838
0.037066
0.037087
0.037107
0.037127
0.037146
0.037164
0.037182
0.037200
0.037218
0.037236
0.035782
0.036005
0.036027
0.036047
0.036065
0.036083
0.036102
0.036120
0.036141
0.036159
0.036177
0.038151
0.038370
0.038401
0.038420
0.038439
0.038456
0.038474
0.038491
0.038509
0.038526
0.038544
0.035686
0.035932
0.035959
0.035981
0.036004
0.036026
0.036047
0.036069
0.036090
0.036111
0.036132
0.033901
0.034110
0.034141
0.034160
0.034178
0.034196
0.034214
0.034231
0.034249
0.034267
0.034284
0.035299
0.035515
0.035546
0.035564
0.035583
0.035600
0.035619
0.035636
0.035654
0.035671
0.035689
0.034914
0.035146
0.035168
0.035187
0.035206
0.035224
0.035242
0.035259
0.035277
0.035294
0.035312
0.035514
0.035732
0.035752
0.035774
0.035793
0.035811
0.035829
0.035847
0.035864
0.035882
0.035900
0.035376
0.035602
0.035625
0.035644
0.035663
0.035681
0.035699
0.035717
0.035735
0.035753
0.035771
0.070594
0.070822
0.070843
0.070860
0.070892
0.070910
0.070928
0.070946
0.070963
0.070981
0.070998
0.034013
0.034243
0.034265
0.034284
0.034302
0.034320
0.034338
0.034356
0.034374
0.034392
0.034409
0.034038
0.034279
0.034312
0.034331
0.034350
0.034383
0.034407
0.034429
0.034453
0.034479
0.034503
0.033335
0.033562
0.033584
0.033603
0.033622
0.033640
0.033658
0.033676
0.033695
0.033714
0.033731
0.034480
0.034739
0.034761
0.034780
0.034798
0.034816
0.034833
0.034851
0.034869
0.034886
0.034904
0.036774
0.037018
0.037039
0.037056
0.037073
0.037094
0.037111
0.037128
0.037143
0.037159
0.037174
0.036727
0.036959
0.036983
0.037004
0.037034
0.037055
0.037075
0.037095
0.037115
0.037134
0.037153
0.025805
0.026004
0.026021
0.026036
0.026050
0.026064
0.026077
0.026090
0.026103
0.026116
0.026129
0.032270
0.032493
0.032511
0.032528
0.032542
0.032556
0.032569
0.032583
0.032598
0.032613
0.032626
0.031668
0.031862
0.031880
0.031894
0.031909
0.031922
0.031939
0.031952
0.031965
0.031978
0.031991
0.057394
0.057600
0.057617
0.057631
0.057645
0.057660
0.057673
0.057687
0.057700
0.057713
0.057726
0.030065
0.030274
0.030294
0.030312
0.030329
0.030345
0.030360
0.030376
0.030392
0.030407
0.030423
0.027551
0.027866
0.027910
0.027945
0.027974
0.028002
0.028031
0.028059
