1.268876
0.040287
0.040506
0.040528
0.040546
0.040565
0.040582
0.040601
0.040619
0.040637
0.040654
0.040672
0.038493
0.038703
0.038733
0.038751
0.038769
0.038787
0.038805
0.038822
0.038839
0.038857
0.038876
0.047632
0.047862
0.047886
0.047917
0.047938
0.047960
0.047980
0.048001
0.048021
0.048040
0.048060
0.032026
0.032248
0.032279
0.032307
0.032335
0.032362
0.032387
0.032411
0.032435
0.032459
0.032483
0.031692
0.031893
0.031915
0.031936
0.031952
0.031968
0.031982
0.031998
0.032012
0.032027
0.032042
0.031327
0.031555
0.031585
0.031603
0.031619
0.031635
0.031651
0.031667
0.031682
0.031698
0.031714
0.039242
0.039457
0.039478
0.039505
0.039523
0.039541
0.039561
0.039578
0.039595
0.039613
0.039631
0.040071
0.040291
0.040313
0.040331
0.040350
0.040367
0.040385
0.040403
0.040421
0.040438
0.040455
0.039161
0.039409
0.039439
0.039458
0.039475
0.039493
0.039511
0.039529
0.039546
0.039564
0.039582
0.069852
0.070076
0.070098
0.070117
0.070134
0.070152
0.070171
0.070191
0.070209
0.070227
0.070244
0.038880
0.039090
0.039112
0.039140
0.039158
0.039176
0.039194
0.039212
0.039229
0.039248
0.039265
0.041220
0.041485
0.041515
0.041539
0.041561
0.041579
0.041593
0.041606
0.041625
0.041646
0.041668
0.031927
0.032138
0.032167
0.032193
0.032221
0.032247
0.032271
0.032296
0.032322
0.032346
0.032385
0.035271
0.035474
0.035494
0.035509
0.035524
0.035541
0.035557
0.035572
0.035587
0.035602
0.035617
0.045798
0.046044
0.046070
0.046092
0.046112
0.046132
0.046152
0.046172
0.046191
0.046211
0.046230
0.039936
0.040161
0.040191
0.040211
0.040228
0.040246
0.040263
0.040281
0.040301
0.040318
0.040335
0.046462
0.046707
0.046733
0.046755
0.046776
0.046797
0.046816
0.046836
0.046855
0.046874
0.046893
0.047446
0.047679
0.047712
0.047733
0.047752
0.047771
0.047791
0.047811
0.047832
0.047852
0.047872
0.031856
0.032071
0.032096
0.032123
0.032145
0.032169
0.032193
0.032217
0.032240
0.032264
0.032288
0.071064
0.071302
0.071324
0.071343
0.071361
0.071380
0.071398
0.071415
0.071433
0.071450
0.071468
0.039036
0.039300
0.039331
0.039350
0.039368
0.039386
0.039403
0.039420
0.039438
0.039455
0.039472
0.039921
0.040143
0.040177
0.040196
0.040213
0.040231
0.040249
0.040266
0.040283
0.040301
0.040318
0.040050
0.040275
0.040296
0.040315
0.040333
0.040350
0.040367
0.040385
0.040402
0.040420
0.040437
0.039443
0.039689
0.039712
0.039732
0.039751
0.039770
0.039788
0.039807
0.039826
0.039845
0.039863
0.038594
0.038822
0.038845
0.038865
0.038884
0.038907
0.038926
0.038944
0.038962
0.038981
0.038999
0.038916
0.039150
0.039173
0.039192
0.039210
0.039228
0.039246
0.039263
0.039281
0.039298
0.039315
0.039979
0.040205
0.040228
0.040246
0.040265
0.040283
0.040300
0.040318
0.040335
0.040353
0.040370
0.038755
0.039002
0.039024
0.039043
0.039062
0.039079
0.039098
0.039115
0.039133
0.039150
0.039168
0.038767
0.038993
0.039023
0.039042
0.039060
0.039077
0.039095
0.039114
0.039132
0.039150
0.039168
0.071865
0.072094
0.072116
0.072135
0.072153
0.072170
0.072188
0.072206
0.072223
0.072241
0.072258
0.038964
0.039194
0.039216
0.039234
0.039253
0.039270
0.039288
0.039306
0.039324
0.039341
0.039359
0.039056
0.039299
0.039322
0.039340
0.039359
0.039377
0.039394
0.039411
0.039429
0.039447
0.039464
0.038709
0.038935
0.038960
0.038978
0.038996
0.039014
0.039032
