1.818815
0.037892
0.038119
0.038142
0.038161
0.038181
0.038200
0.038218
0.038235
0.038253
0.038271
0.038289
0.031398
0.031618
0.031648
0.031666
0.031684
0.031702
0.031720
0.031737
0.031755
0.031772
0.031790
0.031186
0.031400
0.031431
0.031450
0.031468
0.031486
0.031504
0.031522
0.031539
0.031558
0.031576
0.030994
0.031219
0.031240
0.031268
0.031286
0.031304
0.031322
0.031340
0.031358
0.031375
0.031393
0.030414
0.030628
0.030659
0.030678
0.030696
0.030714
0.030732
0.030749
0.030766
0.030784
0.030801
0.031699
0.031928
0.031958
0.031979
0.031996
0.032014
0.032034
0.032052
0.032069
0.032086
0.032103
0.030864
0.031080
0.031100
0.031127
0.031145
0.031163
0.031183
0.031200
0.031217
0.031235
0.031253
0.032222
0.032455
0.032477
0.032495
0.032513
0.032531
0.032547
0.032565
0.032582
0.032599
0.032617
0.031574
0.031796
0.031817
0.031835
0.031853
0.031870
0.031888
0.031905
0.031922
0.031940
0.031957
0.058239
0.058446
0.058477
0.058495
0.058513
0.058531
0.058548
0.058568
0.058586
0.058604
0.058621
0.031697
0.031914
0.031934
0.031951
0.031977
0.031995
0.032013
0.032031
0.032048
0.032066
0.032084
0.031895
0.032122
0.032143
0.032161
0.032179
0.032199
0.032217
0.032234
0.032251
0.032268
0.032285
0.031574
0.031794
0.031824
0.031842
0.031860
0.031878
0.031895
0.031912
0.031931
0.031949
0.031967
0.031642
0.031865
0.031887
0.031905
0.031923
0.031944
0.031961
0.031979
0.031996
0.032014
0.032031
0.031851
0.032053
0.032073
0.032101
0.032118
0.032136
0.032154
0.032171
0.032189
0.032207
0.032224
0.031523
0.031750
0.031771
0.031789
0.031807
0.031825
0.031842
0.031859
0.031879
0.031897
0.031914
0.031412
0.031626
0.031646
0.031673
0.031692
0.031709
0.031727
0.031744
0.031761
0.031779
0.031796
0.032025
0.032246
0.032267
0.032286
0.032304
0.032321
0.032338
0.032356
0.032373
0.032391
0.032409
0.032021
0.032251
0.032272
0.032294
0.032312
0.032330
0.032347
0.032365
0.032382
0.032399
0.032417
0.058830
0.059048
0.059069
0.059088
0.059105
0.059123
0.059140
0.059158
0.059176
0.059193
0.059211
0.030314
0.030537
0.030559
0.030577
0.030595
0.030612
0.030630
0.030647
0.030664
0.030681
0.030698
0.032790
0.033010
0.033034
0.033052
0.033069
0.033088
0.033106
0.033123
0.033141
0.033158
0.033175
0.030863
0.031094
0.031116
0.031134
0.031151
0.031168
0.031186
0.031203
0.031220
0.031237
0.031255
0.032142
0.032353
0.032384
0.032403
0.032422
0.032440
0.032459
0.032476
0.032494
0.032512
0.032529
0.030977
0.031208
0.031239
0.031260
0.031278
0.031300
0.031317
0.031335
0.031353
0.031370
0.031388
0.031141
0.031357
0.031387
0.031405
0.031423
0.031441
0.031458
0.031476
0.031494
0.031511
0.031529
0.032733
0.032953
0.032975
0.032994
0.033012
0.033030
0.033048
0.033066
0.033083
0.033101
0.033118
0.030859
0.031074
0.031105
0.031123
0.031142
0.031159
0.031177
0.031195
0.031212
0.031230
0.031248
0.030756
0.030982
0.031004
0.031022
0.031040
0.031058
0.031076
0.031093
0.031111
0.031128
0.031146
0.056872
0.057096
0.057128
0.057146
0.057164
0.057182
0.057200
0.057218
0.057235
0.057254
0.057271
0.033789
0.033996
0.034018
0.034045
0.034063
0.034081
0.034099
0.034116
0.034134
0.034152
0.034170
0.031281
0.031503
0.031533
0.031552
0.031570
0.031588
0.031606
0.031623
0.031641
0.031658
0.031676
0.031167
0.031391
0.031415
0.031442
0.031460
0.031478
0.031495
0.031513
0.031532
0.031550
0.031567
0.032212
0.032433
0.032455
0.032474
0.032492
0.032510
0.032528
0.032545
0.032563
0.032580
0.032597
0.032427
0.032639
0.032661
0.032680
0.032697
0.032715
0.032733
0.032751
0.032769
0.032786
0.032804
0.032869
0.033096
0.033118
0.033137
0.033155
0.033174
0.033191
0.033209
0.033226
0.033244
0.033261
0.032835
0.033042
0.033062
0.033089
0.033107
0.033124
0.033143
0.033163
0.033181
0.033203
0.033220
0.032163
0.032368
0.032389
0.032417
0.032434
0.032452
0.032470
0.032488
0.032505
0.032522
0.032540
0.032032
0.032254
0.032284
0.032303
0.032321
0.032340
0.032357
0.032375
0.032393
0.032410
0.032427
0.058493
0.058728
0.058750
0.058771
0.058790
0.058810
0.058828
0.058855
0.058873
0.058892
0.058910
0.033775
0.034003
0.034025
0.034044
0.034063
0.034081
0.034098
0.034116
0.034134
0.034152
0.034169
0.030772
0.030987
0.031008
0.031034
0.031053
0.031070
0.031088
0.031105
0.031123
0.031140
0.031157
0.031746
0.031972
0.031995
0.032014
0.032032
0.032050
0.032068
0.032086
0.032103
0.032120
0.032138
0.031837
0.032058
0.032079
0.032106
0.032124
0.032142
0.032160
0.032177
0.032195
0.032212
0.032230
0.033313
0.033544
0.033567
0.033586
0.033604
0.033622
0.033640
0.033658
0.033675
0.033692
0.033710
0.033069
0.033283
0.033304
0.033332
0.033350
0.033368
0.033386
0.033403
0.033422
0.033440
0.033457
0.032714
0.032919
0.032940
0.032968
0.032986
0.033003
0.033021
0.033038
0.033056
0.033073
0.033091
0.032987
0.033207
0.033229
0.033247
0.033265
0.033283
0.033301
0.033318
0.033336
0.033356
0.033373
0.032840
0.033076
0.033097
0.033124
0.033144
0.033162
0.033180
0.033199
0.033216
0.033234
0.033251
0.059343
0.059570
0.059592
0.059611
0.059628
0.059646
0.059664
0.059681
0.059699
0.059716
0.059735
0.033251
0.033482
0.033503
0.033530
0.033548
0.033565
0.033583
0.033601
0.033618
0.033635
0.033653
0.033013
0.033226
0.033247
0.033275
0.033293
0.033310
0.033328
0.033345
0.033363
0.033381
0.033400
0.032832
0.033036
0.033067
0.033086
0.033103
0.033121
0.033138
0.033156
0.033173
0.033190
0.033208
0.033124
0.033357
0.033386
0.033413
0.033431
0.033448
0.033466
0.033483
0.033503
0.033522
0.033540
0.032169
0.032393
0.032415
0.032433
0.032454
0.032472
0.032490
0.032507
0.032525
0.032542
0.032559
0.034183
0.034400
0.034421
0.034440
0.034457
0.034475
0.034493
0.034510
0.034528
0.034545
0.034563
0.032317
0.032546
0.032577
0.032595
0.032614
0.032632
0.032650
0.032668
0.032685
0.032703
0.032720
0.031788
0.032009
0.032032
0.032052
0.032069
0.032089
0.032109
0.032128
0.032146
0.032163
0.032180
0.032657
0.032873
0.032895
0.032913
0.032931
0.032949
0.032967
0.032985
0.033002
0.033019
0.033037
0.060830
0.061061
0.061091
0.061109
0.061127
0.061146
0.061163
0.061181
0.061198
0.061216
0.061233
0.034025
0.034232
0.034263
0.034281
0.034300
0.034317
0.034335
0.034353
0.034370
0.034387
0.034405
0.033298
0.033515
0.033536
0.033555
0.033573
0.033591
0.033609
0.033627
0.033649
0.033666
0.033684
0.033056
0.033275
0.033305
0.033324
0.033342
0.033360
0.033378
0.033396
0.033414
0.033432
0.033450
0.032139
0.032348
0.032378
0.032398
0.032416
0.032434
0.032451
0.032469
0.032486
0.032503
0.032521
0.033834
0.034040
0.034070
0.034089
0.034107
0.034125
0.034142
0.034161
0.034178
0.034196
0.034214
0.032475
0.032705
0.032737
0.032756
0.032774
0.032793
0.032810
0.032828
0.032845
0.032863
0.032880
0.032749
0.032955
0.032975
0.033003
0.033020
0.033038
0.033055
0.033073
0.033090
0.033108
0.033125
0.032416
0.032637
0.032659
0.032677
0.032695
0.032713
0.032730
0.032748
0.032765
0.032783
0.032800
0.032477
0.032702
0.032724
0.032742
0.032760
0.032777
0.032795
0.032813
0.032830
0.032847
0.032865
0.061136
0.061350
0.061371
0.061390
0.061408
0.061425
0.061443
0.061461
0.061478
0.061496
0.061513
0.033759
0.033981
0.034002
0.034029
0.034046
0.034064
0.034081
0.034099
0.034116
0.034134
0.034152
0.032899
0.033114
0.033136
0.033155
0.033172
0.033190
0.033208
0.033226
0.033243
0.033260
0.033278
0.032617
0.032823
0.032853
0.032871
0.032889
0.032906
0.032924
0.032976
0.032995
0.033013
0.033031
0.032859
0.033079
0.033110
0.033128
0.033147
0.033164
0.033182
0.033199
0.033216
0.033234
0.033252
0.032752
0.032975
0.032997
0.033015
0.033034
0.033051
0.033069
0.033087
0.033105
0.033123
0.033140
0.032438
0.032665
0.032687
0.032705
0.032723
0.032747
0.032765
0.032783
0.032801
0.032819
0.032836
0.033215
0.033449
0.033479
0.033507
0.033525
0.033542
0.033560
0.033579
0.033596
0.033614
0.033632
0.031561
0.031793
0.031815
0.031834
0.031852
0.031869
0.031887
0.031904
0.031922
0.031940
0.031957
0.034161
0.034387
0.034408
0.034426
0.034445
0.034463
0.034481
0.034499
0.034516
0.034534
0.034551
0.060319
0.060542
0.060564
0.060583
0.060601
0.060622
0.060640
0.060662
0.060680
0.060698
0.060716
0.032667
0.032883
0.032904
0.032931
0.032949
0.032967
0.032986
0.033003
0.033021
0.033038
0.033056
0.033455
0.033664
0.033695
0.033713
0.033731
0.033749
0.033767
0.033784
0.033802
0.033819
0.033837
0.031256
0.031489
0.031510
0.031529
0.031548
0.031566
0.031583
0.031601
0.031618
0.031636
0.031653
0.031330
0.031556
0.031578
0.031596
0.031615
0.031632
0.031649
0.031667
0.031684
0.031702
0.031719
0.032392
0.032608
0.032630
0.032649
0.032668
0.032685
0.032703
0.032721
0.032739
0.032756
0.032774
0.032184
0.032421
0.032443
0.032462
0.032480
0.032498
0.032516
0.032533
0.032551
0.032568
0.032586
0.033303
0.033519
0.033549
0.033569
0.033587
0.033605
0.033623
0.033641
0.033659
0.033676
0.033693
0.033440
0.033671
0.033693
0.033711
0.033730
0.033747
0.033765
0.033782
0.033800
0.033818
0.033835
0.033263
0.033496
0.033519
0.033538
0.033556
0.033574
0.033592
0.033609
0.033627
0.033645
0.033662
0.061478
0.061702
0.061724
0.061743
0.061761
0.061779
0.061797
0.061815
0.061832
0.061850
0.061867
0.034440
0.034657
0.034678
0.034697
0.034716
0.034734
0.034751
0.034769
0.034786
0.034804
0.034822
0.033951
0.034175
0.034196
0.034215
0.034232
0.034250
0.034267
0.034285
0.034302
0.034320
0.034338
0.033413
0.033642
0.033664
0.033683
0.033701
0.033718
0.033736
0.033753
0.033771
0.033788
0.033806
0.032638
0.032858
0.032880
0.032899
0.032916
0.032934
0.032951
0.032969
0.032986
0.033004
0.033022
0.032855
0.033070
0.033101
0.033120
0.033138
0.033156
0.033174
0.033192
0.033210
0.033228
0.033245
0.032785
0.033016
0.033037
0.033055
0.033073
0.033091
0.033108
0.033126
0.033144
0.033162
0.033179
0.032319
0.032531
0.032563
0.032582
0.032600
0.032618
0.032635
0.032653
0.032670
0.032688
0.032706
0.032807
0.033026
0.033047
0.033067
0.033085
0.033103
0.033122
0.033142
0.033161
0.033179
0.033197
0.032490
0.032711
0.032732
0.032751
0.032769
0.032787
0.032805
0.032822
0.032840
0.032857
0.032876
0.062104
0.062327
0.062349
0.062368
0.062386
0.062403
0.062422
0.062440
0.062457
0.062475
0.062492
0.033645
0.033867
0.033889
0.033908
0.033926
0.033943
0.033962
0.033979
0.033996
0.034014
0.034032
0.033523
0.033750
0.033772
0.033790
0.033809
0.033827
0.033845
0.033863
0.033880
0.033902
0.033919
0.031774
0.032001
0.032025
0.032045
0.032063
0.032081
0.032098
0.032116
0.032133
0.032151
0.032168
0.033029
0.033255
0.033276
0.033295
0.033313
0.033331
0.033349
0.033366
0.033384
0.033401
0.033418
0.032504
0.032718
0.032750
0.032768
0.032787
0.032804
0.032822
0.032840
0.032857
0.032875
0.032892
0.033674
0.033879
0.033910
0.033928
0.033946
0.033964
0.033982
0.033999
0.034017
0.034034
0.034051
0.032250
0.032473
0.032504
0.032523
0.032541
0.032558
0.032576
0.032593
0.032611
0.032628
0.032645
0.031834
0.032060
0.032082
0.032100
0.032118
0.032136
0.032153
0.032171
0.032188
0.032206
0.032223
0.033033
0.033254
0.033276
0.033295
0.033313
0.033331
0.033348
0.033366
0.033384
0.033401
