1.675416
0.034018
0.034249
0.034270
0.034289
0.034308
0.034325
0.034343
0.034361
0.034379
0.034396
0.034414
0.032861
0.033092
0.033122
0.033140
0.033164
0.033183
0.033201
0.033218
0.033235
0.033252
0.033270
0.033103
0.033348
0.033370
0.033390
0.033408
0.033426
0.033444
0.033462
0.033480
0.033498
0.033516
0.032610
0.032836
0.032867
0.032885
0.032903
0.032921
0.032938
0.032957
0.032974
0.032992
0.033010
0.033024
0.033267
0.033291
0.033309
0.033327
0.033345
0.033363
0.033381
0.033398
0.033416
0.033433
0.031965
0.032199
0.032222
0.032241
0.032259
0.032277
0.032294
0.032311
0.032329
0.032346
0.032363
0.032874
0.033123
0.033145
0.033163
0.033182
0.033199
0.033218
0.033236
0.033253
0.033270
0.033288
0.031993
0.032213
0.032234
0.032260
0.032279
0.032296
0.032314
0.032331
0.032348
0.032365
0.032382
0.032317
0.032540
0.032561
0.032579
0.032597
0.032614
0.032632
0.032649
0.032667
0.032685
0.032702
0.061590
0.061820
0.061841
0.061860
0.061878
0.061895
0.061913
0.061934
0.061951
0.061968
0.061985
0.032597
0.032829
0.032851
0.032869
0.032887
0.032905
0.032924
0.032943
0.032960
0.032978
0.032995
0.033225
0.033460
0.033482
0.033500
0.033518
0.033538
0.033555
0.033573
0.033591
0.033608
0.033624
0.033266
0.033481
0.033503
0.033521
0.033540
0.033557
0.033575
0.033592
0.033609
0.033627
0.033644
0.032710
0.032935
0.032965
0.032983
0.033001
0.033020
0.033038
0.033055
0.033073
0.033090
0.033108
0.032899
0.033133
0.033154
0.033172
0.033190
0.033208
0.033226
0.033243
0.033261
0.033278
0.033295
0.034115
0.034332
0.034352
0.034379
0.034397
0.034415
0.034432
0.034449
0.034469
0.034486
0.034503
0.032676
0.032899
0.032921
0.032939
0.032957
0.032975
0.032992
0.033010
0.033027
0.033044
0.033062
0.036519
0.036738
0.036760
0.036778
0.036796
0.036814
0.036831
0.036848
0.036866
0.036883
0.036901
0.039781
0.039998
0.040028
0.040050
0.040067
0.040084
0.040102
0.040119
0.040136
0.040154
0.040171
0.067312
0.067529
0.067560
0.067578
0.067596
0.067613
0.067631
0.067649
0.067666
0.067684
0.067701
0.036211
0.036438
0.036469
0.036488
0.036505
0.036523
0.036541
0.036559
0.036577
0.036594
0.036611
0.038285
0.038517
0.038541
0.038568
0.038586
0.038604
0.038621
0.038639
0.038656
0.038675
0.038692
0.039837
0.040058
0.040080
0.040099
0.040117
0.040135
0.040153
0.040170
0.040188
0.040205
0.040223
0.036932
0.037163
0.037184
0.037211
0.037228
0.037246
0.037264
0.037282
0.037300
0.037318
0.037335
0.032419
0.032645
0.032666
0.032685
0.032703
0.032724
0.032742
0.032759
0.032777
0.032795
0.032813
0.032568
0.032784
0.032815
0.032834
0.032851
0.032869
0.032887
0.032904
0.032921
0.032938
0.032955
0.032354
0.032590
0.032613
0.032632
0.032650
0.032668
0.032685
0.032703
0.032721
0.032738
0.032755
0.032781
0.032995
0.033025
0.033043
0.033062
0.033080
0.033097
0.033114
0.033132
0.033149
0.033166
0.032455
0.032684
0.032706
0.032725
0.032743
0.032761
0.032778
0.032796
0.032814
0.032832
0.032849
0.063191
0.063415
0.063436
0.063464
0.063482
0.063500
0.063518
0.063535
0.063552
0.063571
0.063589
0.039684
0.039911
0.039941
0.039960
0.039978
0.039995
0.040013
0.040031
0.040049
0.040066
0.040084
0.039470
0.039709
0.039731
0.039750
0.039768
0.039786
0.039803
0.039821
0.039838
0.039855
0.039873
0.042703
0.042929
0.042954
0.042974
0.042991
0.043009
0.043027
0.043046
0.043063
0.043081
0.043098
0.042214
0.042439
0.042461
0.042479
0.042497
0.042515
0.042533
0.042550
0.042567
0.042585
0.042602
0.043252
0.043461
0.043491
0.043510
0.043528
0.043546
0.043564
0.043581
0.043599
0.043617
0.043634
0.042430
0.042651
0.042683
0.042701
0.042719
0.042737
0.042755
0.042773
0.042790
0.042808
0.042825
0.041115
0.041331
0.041353
0.041372
0.041390
0.041408
0.041426
0.041444
0.041461
0.041483
0.041501
0.042646
0.042869
0.042891
0.042909
0.042927
0.042944
0.042962
0.042979
0.042997
0.043014
0.043031
0.041108
