1.717118
0.029639
0.029877
0.029896
0.029910
0.029924
0.029938
0.029951
0.029965
0.029979
0.029992
0.030005
0.028851
0.029074
0.029089
0.029102
0.029117
0.029131
0.029144
0.029157
0.029170
0.029184
0.029197
0.029737
0.029965
0.029994
0.030010
0.030024
0.030037
0.030051
0.030064
0.030078
0.030092
0.030106
0.025103
0.025330
0.025347
0.025361
0.025374
0.025388
0.025401
0.025414
0.025427
0.025440
0.025453
0.026945
0.027162
0.027190
0.027205
0.027219
0.027232
0.027245
0.027259
0.027272
0.027285
0.027299
0.024619
0.024847
0.024864
0.024879
0.024893
0.024906
0.024920
0.024932
0.024945
0.024958
0.024971
0.024164
0.024389
0.024407
0.024420
0.024434
0.024447
0.024462
0.024475
0.024489
0.024503
0.024516
0.022622
0.022846
0.022864
0.022877
0.022891
0.022904
0.022917
0.022931
0.022943
0.022956
0.022969
0.023788
0.024007
0.024024
0.024038
0.024051
0.024064
0.024078
0.024091
0.024104
0.024117
0.024130
0.049068
0.049277
0.049304
0.049318
0.049331
0.049344
0.049357
0.049372
0.049385
0.049398
0.049412
0.023592
0.023815
0.023833
0.023847
0.023860
0.023874
0.023887
0.023900
0.023913
0.023926
0.023939
0.023712
0.023937
0.023954
0.023968
0.023981
0.023996
0.024009
0.024022
0.024035
0.024048
0.024061
0.023847
0.024069
0.024087
0.024101
0.024115
0.024128
0.024142
0.024154
0.024167
0.024180
0.024192
0.023932
0.024159
0.024176
0.024190
0.024203
0.024219
0.024232
0.024245
0.024261
0.024278
0.024294
0.023334
0.023565
0.023586
0.023603
0.023619
0.023635
0.023651
0.023666
0.023681
0.023697
0.023712
0.022998
0.023223
0.023242
0.023258
0.023274
0.023289
0.023305
0.023321
0.023340
0.023355
0.023370
0.022498
0.022721
0.022742
0.022759
0.022775
0.022791
0.022807
0.022822
0.022837
0.022852
0.022867
0.023333
0.023558
0.023577
0.023595
0.023610
0.023625
0.023641
0.023656
0.023671
0.023686
0.023700
0.024645
0.024872
0.024893
0.024913
0.024930
0.024946
0.024962
0.024977
0.024993
0.025008
0.025023
0.049258
0.049474
0.049492
0.049519
0.049535
0.049551
0.049566
0.049582
0.049597
0.049613
0.049628
0.023720
0.023950
0.023971
0.023988
0.024005
0.024021
0.024037
0.024053
0.024068
0.024083
0.024099
0.024223
0.024451
0.024473
0.024487
0.024501
0.024514
0.024527
0.024540
0.024554
0.024566
0.024579
0.024041
0.024271
0.024289
0.024303
0.024317
0.024330
0.024343
0.024356
0.024369
0.024382
0.024395
0.023174
0.023382
0.023409
0.023423
0.023436
0.023449
0.023462
0.023475
0.023488
0.023501
0.023514
0.023932
0.024170
0.024197
0.024211
0.024226
0.024242
0.024256
0.024269
0.024282
0.024296
0.024309
0.023654
0.023879
0.023897
0.023912
0.023926
0.023939
0.023953
0.023966
0.023979
0.023992
0.024004
0.024189
0.024400
0.024426
0.024441
0.024454
0.024468
0.024481
0.024494
0.024507
0.024520
0.024533
0.023487
0.023713
0.023731
0.023745
0.023758
0.023772
0.023785
0.023797
0.023810
0.023823
0.023835
0.030694
0.030948
0.030979
0.030998
0.031016
0.031034
0.031051
0.031069
0.031087
0.031104
0.031122
0.053410
0.053635
0.053653
0.053667
0.053681
0.053694
0.053708
0.053720
0.053734
0.053747
0.053760
0.023674
0.023896
0.023913
0.023928
0.023941
0.023954
0.023968
0.023981
0.023994
0.024008
0.024021
0.023696
0.023922
0.023940
0.023955
0.023968
0.023981
0.023994
0.024007
0.024020
0.024033
0.024045
0.023546
0.023770
0.023791
0.023805
0.023819
0.023832
0.023845
0.023859
0.023871
0.023885
0.023898
0.023489
0.023710
0.023728
0.023742
0.023756
0.023769
0.023783
0.023796
0.023809
0.023822
0.023835
0.023691
0.023902
0.023928
0.023943
0.023956
0.023970
0.023983
0.023997
0.024010
0.024024
0.024037
0.023483
0.023708
0.023726
0.023740
0.023754
0.023767
0.023781
0.023794
0.023807
0.023820
0.023833
0.023242
0.023458
0.023484
0.023499
0.023513
0.023527
0.023540
0.023553
0.023567
0.023583
0.023596
0.023127
0.023351
0.023368
0.023382
0.023396
0.023409
0.023422
0.023436
0.023449
0.023462
0.023475
0.024132
0.024353
0.024370
0.024384
0.024398
0.024411
0.024424
0.024437
0.024450
0.024463
0.024476
0.049754
0.049971
0.049998
0.050012
0.050025
0.050039
0.050052
0.050065
0.050077
0.050090
0.050103
0.024943
0.025167
0.025184
0.025198
0.025212
0.025225
0.025239
0.025252
0.025265
0.025278
0.025291
0.024146
0.024364
0.024381
0.024395
0.024408
0.024421
0.024434
0.024447
0.024460
0.024473
0.024486
0.030613
0.030868
0.030899
0.030917
0.030936
0.030953
0.030971
0.030989
0.031006
0.031024
0.031041
0.027563
0.027786
0.027804
0.027819
0.027832
0.027846
