1.106700
0.024616
0.024850
0.024867
0.024882
0.024896
0.024909
0.024922
0.024936
0.024949
0.024962
0.024975
0.030460
0.030727
0.030748
0.030767
0.030785
0.030803
0.030821
0.030839
0.030856
0.030874
0.030891
0.027397
0.027616
0.027643
0.027659
0.027673
0.027687
0.027700
0.027714
0.027727
0.027741
0.027754
0.031607
0.031870
0.031893
0.031911
0.031930
0.031947
0.031965
0.031983
0.032001
0.032019
0.032037
0.031707
0.031964
0.031984
0.032010
0.032028
0.032046
0.032064
0.032082
0.032100
0.032118
0.032136
0.032873
0.033138
0.033159
0.033180
0.033197
0.033215
0.033233
0.033250
0.033267
0.033285
0.033302
0.030210
0.030463
0.030483
0.030509
0.030527
0.030545
0.030564
0.030581
0.030599
0.030617
0.030634
0.031456
0.031703
0.031733
0.031751
0.031769
0.031786
0.031804
0.031821
0.031839
0.031856
0.031874
0.030133
0.030382
0.030401
0.030428
0.030447
0.030464
0.030481
0.030499
0.030517
0.030535
0.030552
0.065793
0.066031
0.066063
0.066087
0.066113
0.066137
0.066161
0.066188
0.066212
0.066237
0.066260
0.023509
0.023742
0.023772
0.023798
0.023822
0.023846
0.023871
0.023895
0.023920
0.023943
0.023967
0.023960
0.024195
0.024227
0.024254
0.024280
0.024306
0.024330
0.024354
0.024378
0.024401
0.024425
0.025026
0.025258
0.025288
0.025317
0.025343
0.025368
0.025392
0.025416
0.025440
0.025464
0.025488
0.024414
0.024656
0.024687
0.024714
0.024741
0.024769
0.024793
0.024818
0.024842
0.024865
0.024889
0.023361
0.023596
0.023628
0.023654
0.023680
0.023704
0.023728
0.023752
0.023776
0.023800
0.023824
0.023776
0.024013
0.024046
0.024071
0.024096
0.024120
0.024144
0.024169
0.024194
0.024217
0.024243
0.023445
0.023675
0.023708
0.023732
0.023767
0.023791
0.023815
0.023839
0.023863
0.023887
0.023911
0.024114
0.024363
0.024397
0.024417
0.024436
0.024455
0.024474
0.024496
0.024517
0.024535
0.024549
0.025357
0.025584
0.025601
0.025618
0.025632
0.025645
0.025659
0.025671
0.025684
0.025697
0.025710
0.049877
0.050087
0.050113
0.050128
0.050141
0.050155
0.050168
0.050182
0.050195
0.050208
0.050221
0.024899
0.025109
0.025135
0.025149
0.025162
0.025176
0.025189
0.025202
0.025215
0.025228
0.025241
0.026086
0.026305
0.026325
0.026340
0.026353
0.026366
0.026380
0.026392
0.026406
0.026418
0.026431
0.026250
0.026473
0.026490
0.026504
0.026518
0.026530
0.026543
0.026556
0.026569
0.026582
0.026595
0.025073
0.025283
0.025309
0.025324
0.025337
0.025351
0.025364
0.025378
0.025391
0.025403
0.025416
0.023805
0.024028
0.024045
0.024060
0.024073
0.024089
0.024102
0.024115
0.024128
0.024141
0.024154
0.025421
0.025647
0.025664
0.025678
0.025691
0.025705
0.025718
0.025731
0.025744
0.025757
0.025770
0.026156
0.026383
0.026400
0.026414
0.026428
0.026441
0.026454
0.026468
0.026481
0.026494
0.026508
0.027508
0.027733
