0.940926
0.027986
0.028214
0.028232
0.028246
0.028261
0.028275
0.028288
0.028302
0.028316
0.028329
0.028342
0.025283
0.025510
0.025526
0.025541
0.025554
0.025568
0.025581
0.025594
0.025607
0.025620
0.025633
0.026072
0.026303
0.026321
0.026337
0.026353
0.026369
0.026383
0.026397
0.026410
0.026423
0.026436
0.025573
0.025797
0.025814
0.025831
0.025850
0.025867
0.025882
0.025898
0.025913
0.025929
0.025944
0.025818
0.026050
0.026070
0.026087
0.026105
0.026121
0.026137
0.026150
0.026163
0.026177
0.026190
0.024701
0.024920
0.024946
0.024962
0.024975
0.024989
0.025002
0.025015
0.025028
0.025041
0.025054
0.025407
0.025636
0.025653
0.025667
0.025681
0.025694
0.025710
0.025727
0.025745
0.025761
0.025777
0.025385
0.025614
0.025633
0.025647
0.025670
0.025683
0.025696
0.025709
0.025722
0.025735
0.025748
0.026252
0.026483
0.026500
0.026514
0.026527
0.026541
0.026555
0.026568
0.026582
0.026594
0.026608
0.048140
0.048355
0.048381
0.048396
0.048409
0.048422
0.048435
0.048450
0.048463
0.048476
0.048489
0.025738
0.025967
0.025985
0.026000
0.026013
0.026027
0.026040
0.026053
0.026066
0.026079
0.026092
0.025769
0.026001
0.026019
0.026033
0.026047
0.026063
0.026076
0.026089
0.026102
0.026115
0.026128
0.026846
0.027082
0.027102
0.027118
0.027135
0.027150
0.027166
0.027182
0.027198
0.027213
0.027229
0.027017
0.027246
0.027263
0.027282
0.027296
0.027311
0.027324
0.027337
0.027350
0.027364
0.027377
0.025748
0.025977
0.025994
0.026009
0.026022
0.026036
0.026049
0.026062
0.026075
0.026088
0.026101
0.026269
0.026494
0.026510
0.026525
0.026538
0.026551
0.026564
0.026577
0.026594
0.026607
0.026620
0.026552
0.026785
0.026803
0.026817
0.026831
0.026845
0.026857
0.026870
0.026884
0.026897
0.026909
0.026271
0.026501
0.026518
0.026532
0.026545
0.026559
0.026573
0.026586
0.026599
0.026612
0.026624
0.027077
0.027305
0.027322
0.027339
0.027352
0.027365
0.027378
0.027391
0.027404
0.027417
0.027430
0.049189
0.049411
0.049428
0.049443
0.049456
0.049469
0.049482
0.049496
0.049508
0.049521
0.049535
0.027105
0.027323
0.027339
0.027353
0.027376
0.027389
0.027402
0.027416
0.027429
0.027442
0.027455
0.026945
0.027180
0.027200
0.027214
0.027228
0.027241
0.027255
0.027268
0.027281
0.027294
0.027307
0.027423
0.027654
0.027672
0.027686
0.027699
0.027713
0.027726
0.027739
0.027752
0.027765
0.027779
0.026770
0.026991
0.027007
0.027031
0.027045
0.027058
0.027071
0.027085
0.027098
0.027111
0.027124
0.027288
0.027515
0.027532
0.027546
0.027560
0.027576
0.027588
0.027601
0.027615
0.027629
0.027642
0.027524
0.027753
0.027771
0.027785
0.027798
0.027812
0.027825
0.027838
0.027851
0.027864
0.027877
0.025893
0.026110
0.026137
0.026151
0.026165
0.026178
0.026191
0.026205
0.026218
0.026231
0.026244
0.026085
0.026322
0.026340
0.026354
0.026367
0.026380
0.026393
0.026406
0.026419
0.026432
0.026445
0.025825
0.026063
0.026080
0.026095
0.026109
0.026122
0.026135
0.026151
0.026169
0.026186
0.026201
0.047617
0.047845
0.047863
0.047877
0.047891
0.047904
0.047917
0.047930
0.047943
0.047956
0.047968
0.026883
0.027108
0.027125
0.027140
0.027153
0.027167
0.027180
0.027194
0.027208
0.027221
0.027234
0.026827
0.027060
0.027078
0.027092
0.027106
0.027119
0.027132
0.027145
0.027158
0.027171
0.027184
0.024702
0.024930
0.024949
0.024972
0.024986
0.024999
0.025013
0.025026
0.025040
0.025053
0.025066
0.025083
0.025312
0.025330
0.025344
0.025358
0.025372
0.025385
0.025398
0.025411
0.025424
0.025437
0.025887
0.026118
0.026135
0.026150
0.026164
0.026178
0.026192
0.026205
0.026219
0.026232
0.026246
0.024865
0.025100
0.025118
0.025133
0.025146
0.025159
0.025172
0.025185
0.025197
0.025210
0.025223
0.025050
0.025280
0.025298
0.025313
0.025327
0.025341
0.025354
0.025367
0.025380
0.025396
0.025409
0.024974
0.025201
0.025220
0.025234
0.025248
0.025261
0.025274
0.025287
0.025300
0.025313
0.025326
0.026028
0.026258
0.026275
0.026290
0.026304
0.026317
0.026331
0.026344
0.026357
0.026370
0.026383
0.047862
0.048093
0.048111
0.048125
0.048139
0.048152
0.048165
0.048178
0.048191
0.048204
0.048217
0.024397
0.024627
0.024646
0.024661
0.024674
0.024687
0.024700
0.024714
0.024727
