1.788217
0.036511
0.036805
0.036838
0.036857
0.036877
0.036895
0.036914
0.036932
0.036951
0.036969
0.036988
0.027068
0.027311
0.027329
0.027343
0.027357
0.027371
0.027384
0.027397
0.027411
0.027424
0.027438
0.023895
0.024122
0.024140
0.024155
0.024169
0.024183
0.024196
0.024210
0.024223
0.024236
0.024249
0.024155
0.024388
0.024406
0.024420
0.024433
0.024447
0.024460
0.024472
0.024485
0.024499
0.024511
0.024526
0.024751
0.024770
0.024784
0.024798
0.024812
0.024825
0.024838
0.024851
0.024865
0.024879
0.023563
0.023788
0.023805
0.023821
0.023834
0.023847
0.023860
0.023874
0.023886
0.023899
0.023911
0.024481
0.024706
0.024723
0.024737
0.024751
0.024765
0.024781
0.024794
0.024807
0.024821
0.024834
0.024711
0.024941
0.024959
0.024973
0.024986
0.024999
0.025012
0.025026
0.025039
0.025052
0.025064
0.023747
0.023975
0.023992
0.024006
0.024020
0.024033
0.024046
0.024060
0.024073
0.024102
0.024127
0.050064
0.050279
0.050306
0.050319
0.050333
0.050346
0.050359
0.050375
0.050388
0.050401
0.050413
0.025128
0.025361
0.025378
0.025392
0.025406
0.025420
0.025433
0.025446
0.025458
0.025471
0.025484
0.024222
0.024448
0.024464
0.024477
0.024491
0.024507
0.024520
0.024533
0.024546
0.024559
0.024572
0.025459
0.025674
0.025700
0.025715
0.025728
0.025741
0.025754
0.025767
0.025780
0.025793
0.025806
0.026339
0.026566
0.026583
0.026597
0.026611
0.026626
0.026639
0.026652
0.026664
0.026677
0.026691
0.025423
0.025645
0.025663
0.025677
0.025691
0.025704
0.025717
0.025730
0.025744
0.025756
0.025769
0.025365
0.025591
0.025609
0.025622
0.025636
0.025649
0.025662
0.025675
0.025692
0.025706
0.025718
0.024067
0.024287
0.024305
0.024319
0.024333
0.024346
0.024359
0.024372
0.024385
0.024398
0.024411
0.024278
0.024500
0.024517
0.024531
0.024545
0.024558
0.024572
0.024585
0.024598
0.024612
0.024626
0.023362
0.023586
0.023603
0.023620
0.023634
0.023647
0.023660
0.023673
0.023686
0.023699
0.023711
0.048288
0.048533
0.048552
0.048566
0.048580
0.048593
0.048606
0.048620
0.048632
0.048645
0.048658
0.025158
0.025382
0.025399
0.025413
0.025426
0.025439
0.025452
0.025465
0.025478
0.025491
0.025504
0.024395
0.024625
0.024646
0.024660
0.024673
0.024687
0.024699
0.024712
0.024725
0.024738
0.024750
0.025089
0.025316
0.025334
0.025348
0.025361
0.025374
0.025387
0.025400
0.025413
0.025425
0.025438
0.023521
0.023744
0.023762
0.023777
0.023790
0.023804
0.023817
0.023830
0.023844
0.023856
0.023869
0.025088
0.025313
0.025341
0.025359
0.025374
