1.543868
0.041296
0.041577
0.041615
0.041642
0.041665
0.041684
0.041712
0.041731
0.041751
0.041770
0.041790
0.032690
0.032914
0.032945
0.032964
0.032982
0.033000
0.033017
0.033035
0.033053
0.033070
0.033087
0.034078
0.034301
0.034324
0.034344
0.034362
0.034379
0.034397
0.034416
0.034433
0.034456
0.034473
0.035983
0.036202
0.036234
0.036252
0.036271
0.036289
0.036307
0.036325
0.036343
0.036362
0.036381
0.036603
0.036831
0.036851
0.036869
0.036903
0.036921
0.036939
0.036957
0.036975
0.036993
0.037011
0.036489
0.036721
0.036744
0.036766
0.036785
0.036803
0.036822
0.036840
0.036858
0.036877
0.036896
0.034787
0.035018
0.035038
0.035055
0.035084
0.035102
0.035123
0.035140
0.035159
0.035177
0.035195
0.034927
0.035151
0.035172
0.035190
0.035208
0.035225
0.035243
0.035260
0.035277
0.035295
0.035312
0.034633
0.034854
0.034876
0.034894
0.034912
0.034930
0.034948
0.034966
0.034983
0.035001
0.035018
0.065180
0.065404
0.065425
0.065444
0.065462
0.065480
0.065497
0.065517
0.065535
0.065552
0.065569
0.037244
0.037479
0.037502
0.037520
0.037538
0.037556
0.037574
0.037591
0.037609
0.037627
0.037645
0.036618
0.036825
0.036843
0.036857
0.036870
0.036889
0.036904
0.036919
0.036932
0.036946
0.036958
0.038354
0.038580
0.038601
0.038620
0.038638
0.038656
0.038674
0.038692
0.038710
0.038728
0.038745
0.034924
0.035236
0.035312
0.035374
0.035434
0.035498
0.035558
0.035618
0.035678
0.035738
0.035798
0.034727
0.034961
0.034993
0.035012
0.035030
0.035048
0.035066
0.035083
0.035101
0.035119
0.035137
0.034578
0.034798
0.034819
0.034837
0.034855
0.034873
0.034890
0.034908
0.034929
0.034950
0.034968
0.039786
0.042088
0.042122
0.042151
0.042170
0.042189
0.042207
0.042226
0.042244
0.042263
0.042280
0.034672
0.034918
0.034941
0.034960
0.034988
0.035006
0.035025
0.035044
0.035063
0.035081
0.035100
0.033568
0.033802
0.033835
0.033856
0.033875
0.033893
0.033911
0.033929
0.033946
0.033964
0.033982
0.068307
0.068535
0.068557
0.068576
0.068594
0.068613
0.068631
0.068649
0.068666
0.068684
0.068702
0.036044
0.036260
0.036281
0.036300
0.036318
0.036336
0.036353
0.036371
0.036388
0.036406
0.036423
0.037330
0.037557
0.037583
0.037601
0.037619
0.037637
0.037654
0.037672
0.037689
0.037706
0.037724
0.039192
0.039414
0.039436
0.039455
0.039473
0.039490
0.039508
0.039527
0.039546
0.039563
0.039581
0.035291
0.035510
0.035543
0.035563
0.035581
0.035600
0.035618
0.035636
0.035655
0.035673
0.035693
0.035346
0.035565
0.035587
0.035606
0.035624
0.035646
0.035665
0.035684
0.035702
0.035721
0.035739
0.036987
0.037198
0.037219
0.037246
0.037264
0.037282
0.037300
0.037318
0.037335
0.037353
0.037371
0.036114
0.036326
0.036347
0.036375
0.036392
0.036410
0.036428
0.036445
0.036463
0.036481
0.036499
0.038577
0.038831
0.038858
0.038881
0.038903
0.038925
0.038946
0.038968
0.038989
0.039011
0.039032
0.036276
0.036502
0.036524
0.036543
0.036561
0.036579
0.036596
0.036614
0.036632
0.036650
0.036668
0.065876
0.066198
0.066266
0.066327
0.066390
0.066451
0.066511
0.066571
0.066632
0.066692
0.066753
0.034961
0.035192
0.035214
0.035234
0.035253
0.035270
0.035289
0.035308
0.035327
0.035345
0.035363
0.034360
0.034589
0.034611
0.034630
0.034648
0.034666
0.034683
0.034700
0.034718
0.034735
0.034753
0.034208
0.034433
0.034466
0.034485
0.034504
0.034522
0.034540
0.034558
0.034575
0.034593
0.034611
0.034130
0.034357
0.034378
0.034396
0.034414
0.034432
0.034450
0.034467
0.034484
0.034502
0.034519
0.034969
0.035202
0.035224
0.035242
0.035260
0.035278
0.035297
0.035315
0.035333
0.035351
0.035369
0.033863
0.034094
0.034117
0.034137
0.034155
0.034173
0.034192
0.034211
0.034228
0.034246
0.034264
0.034399
0.034639
0.034662
0.034681
0.034700
0.034719
0.034738
0.034756
0.034775
0.034796
0.034815
0.033528
0.033756
0.033777
0.033796
0.033813
0.033831
0.033849
0.033866
0.033883
0.033900
0.033917
0.036077
0.036296
0.036317
0.036345
0.036363
0.036381
0.036399
0.036417
0.036435
0.036452
0.036470
0.067180
0.067400
0.067432
0.067452
0.067471
0.067489
0.067508
0.067526
0.067544
0.067561
0.067580
0.037839
0.038061
0.038092
0.038110
0.038129
0.038146
0.038164
0.038181
0.038199
0.038216
0.038234
0.039207
0.039437
0.039468
0.039487
0.039505
0.039523
0.039540
0.039558
0.039576
0.039593
0.039611
0.042274
0.042504
0.042526
0.042545
0.042562
0.042581
0.042598
0.042616
0.042633
0.042650
0.042667
0.042281
0.042513
0.042534
0.042552
0.042570
0.042588
0.042605
0.042623
0.042640
0.042659
0.042676
0.042660
0.042889
0.042910
0.042938
0.042956
0.042974
0.042992
0.043010
0.043028
0.043046
0.043064
0.043374
0.043599
0.043620
0.043639
0.043664
0.043683
0.043700
0.043718
0.043736
0.043753
0.043770
0.042552
0.042774
0.042805
