1.447938
0.034029
0.034262
0.034293
0.034313
0.034332
0.034350
0.034368
0.034386
0.034405
0.034423
0.034440
0.032900
0.033124
0.033145
0.033163
0.033181
0.033199
0.033217
0.033236
0.033253
0.033271
0.033288
0.034814
0.035045
0.035066
0.035086
0.035104
0.035122
0.035140
0.035158
0.035176
0.035194
0.035212
0.032899
0.033121
0.033144
0.033163
0.033181
0.033199
0.033217
0.033235
0.033252
0.033269
0.033287
0.034033
0.034257
0.034278
0.034298
0.034317
0.034335
0.034353
0.034371
0.034388
0.034406
0.034423
0.034218
0.034429
0.034450
0.034479
0.034497
0.034515
0.034533
0.034550
0.034568
0.034585
0.034603
0.034711
0.034941
0.034964
0.034983
0.035002
0.035020
0.035041
0.035058
0.035076
0.035093
0.035111
0.034859
0.035099
0.035122
0.035142
0.035161
0.035179
0.035198
0.035221
0.035240
0.035258
0.035276
0.036050
0.036279
0.036308
0.036325
0.036351
0.036377
0.036395
0.036413
0.036431
0.036448
0.036466
0.062106
0.062332
0.062358
0.062377
0.062395
0.062413
0.062430
0.062450
0.062467
0.062485
0.062502
0.034732
0.034960
0.034986
0.035006
0.035023
0.035041
0.035060
0.035077
0.035095
0.035112
0.035129
0.033779
0.034002
0.034023
0.034041
0.034059
0.034079
0.034101
0.034119
0.034137
0.034154
0.034173
0.035447
0.035668
0.035690
0.035708
0.035726
0.035744
0.035761
0.035779
0.035796
0.035814
0.035831
0.035170
0.035397
0.035419
0.035437
0.035454
0.035475
0.035492
0.035510
0.035527
0.035546
0.035563
0.033879
0.034098
0.034118
0.034145
0.034163
0.034180
0.034198
0.034215
0.034233
0.034250
0.034267
0.034802
0.035022
0.035044
0.035063
0.035080
0.035098
0.035116
0.035135
0.035156
0.035174
0.035191
0.035272
0.035498
0.035521
0.035541
0.035560
0.035579
0.035597
0.035616
0.035634
0.035652
0.035670
0.033628
0.033856
0.033877
0.033896
0.033913
0.033932
0.033950
0.033968
0.033986
0.034003
0.034021
0.035450
0.035660
0.035690
0.035712
0.035730
0.035750
0.035768
0.035785
0.035802
0.035820
0.035837
0.059296
0.059530
0.059553
0.059571
0.059590
0.059608
0.059626
0.059643
0.059661
0.059678
0.059695
0.034542
0.034764
0.034788
0.034807
0.034826
0.034845
0.034863
0.034881
0.034899
0.034918
0.034936
0.034321
0.034542
0.034567
0.034586
0.034605
0.034622
0.034640
0.034658
0.034676
0.034693
0.034711
0.034521
0.034734
0.034755
0.034782
0.034800
0.034819
0.034838
0.034857
0.034875
0.034893
0.034911
0.034929
0.035162
0.035184
0.035205
0.035223
0.035241
0.035259
0.035276
0.035294
0.035311
