1.850438
0.032439
0.032708
0.032727
0.032743
0.032758
0.032772
0.032786
0.032800
0.032815
0.032829
0.032844
0.030613
0.030858
0.030874
0.030887
0.030902
0.030917
0.030930
0.030943
0.030957
0.030970
0.030983
0.027895
0.028131
0.028151
0.028168
0.028185
0.028201
0.028216
0.028232
0.028248
0.028264
0.028279
0.027500
0.027729
0.027749
0.027765
0.027781
0.027798
0.027813
0.027829
0.027844
0.027860
0.027875
0.027807
0.028040
0.028063
0.028079
0.028095
0.028111
0.028126
0.028141
0.028157
0.028172
0.028188
0.027330
0.027557
0.027573
0.027590
0.027603
0.027616
0.027629
0.027642
0.027655
0.027668
0.027680
0.027522
0.027745
0.027762
0.027777
0.027790
0.027803
0.027818
0.027831
0.027844
0.027858
0.027871
0.028073
0.028301
0.028318
0.028332
0.028345
0.028358
0.028371
0.028384
0.028397
0.028409
0.028422
0.027437
0.027665
0.027683
0.027698
0.027711
0.027725
0.027738
0.027751
0.027765
0.027778
0.027802
0.054178
0.054414
0.054431
0.054445
0.054458
0.054471
0.054484
0.054498
0.054512
0.054524
0.054538
0.027571
0.027796
0.027814
0.027828
0.027842
0.027855
0.027868
0.027881
0.027894
0.027907
0.027920
0.027482
0.027700
0.027726
0.027740
0.027753
0.027769
0.027782
0.027796
0.027809
0.027822
0.027836
0.029112
0.029341
0.029359
0.029373
0.029387
0.029400
0.029413
0.029426
0.029438
0.029451
0.029464
0.028010
0.028226
0.028253
0.028267
0.028280
0.028295
0.028308
0.028321
0.028334
0.028347
0.028360
0.029010
0.029238
0.029255
0.029269
0.029283
0.029296
0.029310
0.029323
0.029336
0.029349
0.029361
0.027789
0.028014
0.028031
0.028045
0.028059
0.028072
0.028084
0.028097
0.028112
0.028126
0.028138
0.029152
0.029383
0.029400
0.029420
0.029434
0.029447
0.029460
0.029473
0.029486
0.029499
0.029512
0.028731
0.028954
0.028971
0.028985
0.028998
0.029011
0.029024
0.029038
0.029051
0.029064
0.029077
0.029615
0.029844
0.029862
0.029878
0.029891
0.029904
0.029918
0.029931
0.029943
0.029956
0.029969
0.065837
0.066068
0.066097
0.066113
0.066130
0.066146
0.066162
0.066177
0.066193
0.066208
0.066223
0.030296
0.030526
0.030549
0.030566
0.030582
0.030597
0.030613
0.030628
0.030644
0.030660
0.030675
0.030347
0.030577
0.030600
0.030617
0.030634
0.030651
0.030672
0.030688
0.030703
0.030719
0.030734
0.029786
0.030013
0.030030
0.030044
0.030058
0.030071
0.030084
0.030097
0.030110
0.030123
0.030136
0.040865
0.041112
0.041142
0.041161
0.041179
0.041197
0.041215
0.041233
0.041250
0.041268
0.041286
0.039827
0.040085
0.040108
0.040127
0.040146
0.040167
0.040186
0.040204
0.040223
0.040241
0.040260
0.032670
0.032905
0.032923
0.032937
0.032950
0.032964
0.032977
0.032990
0.033003
0.033015
0.033028
0.030618
0.030831
0.030864
0.030889
0.030914
0.030938
0.030962
0.030986
0.031010
0.031035
0.031059
0.030039
0.030282
0.030313
0.030340
0.030363
0.030389
0.030412
0.030436
0.030460
0.030484
0.030508
0.026973
0.027206
0.027231
0.027256
0.027280
0.027305
0.027330
0.027353
0.027378
0.027402
0.027426
0.053561
0.053787
0.053828
0.053855
0.053880
0.053905
0.053929
0.053953
0.053978
0.054001
0.054025
0.026335
0.026563
0.026588
0.026612
0.026636
0.026660
0.026685
0.026709
0.026733
0.026757
0.026781
0.026134
0.026372
0.026402
0.026430
0.026456
0.026481
0.026505
0.026529
0.026553
0.026577
0.026601
0.025684
0.025923
0.025959
0.025984
0.026010
0.026035
0.026060
0.026084
0.026108
0.026132
0.026157
0.025970
0.026206
0.026237
0.026264
0.026290
0.026316
0.026340
0.026365
0.026389
0.026413
0.026436
0.025198
0.025422
0.025440
0.025454
0.025468
0.025482
0.025495
0.025509
0.025522
0.025535
0.025548
0.027333
0.027558
0.027575
0.027589
0.027603
0.027616
0.027630
0.027643
0.027656
0.027670
0.027682
0.026582
0.026808
0.026825
0.026840
0.026854
0.026867
0.026880
0.026893
0.026906
0.026922
0.026935
0.026096
0.026323
0.026340
0.026355
0.026368
0.026381
0.026395
0.026407
0.026420
0.026433
0.026446
0.033253
