1.873674
0.031413
0.031696
0.031729
0.031747
0.031765
0.031783
0.031801
0.031816
0.031835
0.031852
0.031869
0.026839
0.027081
0.027110
0.027126
0.027143
0.027162
0.027179
0.027195
0.027211
0.027225
0.027239
0.025327
0.025591
0.025624
0.025646
0.025666
0.025692
0.025713
0.025731
0.025747
0.025762
0.025782
0.025178
0.025407
0.025425
0.025439
0.025452
0.025466
0.025479
0.025492
0.025508
0.025526
0.025540
0.025069
0.025297
0.025315
0.025335
0.025370
0.025391
0.025406
0.025419
0.025432
0.025446
0.025459
0.028020
0.028255
0.028279
0.028306
0.028331
0.028355
0.028380
0.028404
0.028428
0.028452
0.028476
0.024645
0.024873
0.024890
0.024904
0.024917
0.024931
0.024946
0.024959
0.024972
0.024986
0.025000
0.024853
0.025081
0.025112
0.025138
0.025166
0.025185
0.025199
0.025212
0.025226
0.025239
0.025252
0.025913
0.026146
0.026163
0.026178
0.026193
0.026206
0.026219
0.026232
0.026246
0.026258
0.026271
0.051279
0.051505
0.051522
0.051536
0.051549
0.051562
0.051576
0.051591
0.051604
0.051617
0.051630
0.024823
0.025054
0.025073
0.025088
0.025101
0.025114
0.025127
0.025140
0.025153
0.025166
0.025179
0.025549
0.025776
0.025794
0.025808
0.025822
0.025837
0.025850
0.025863
0.025876
0.025889
0.025901
0.025410
0.025659
0.025679
0.025693
0.025716
0.025729
0.025743
0.025756
0.025769
0.025782
0.025795
0.024410
0.024640
0.024657
0.024671
0.024684
0.024700
0.024714
0.024727
0.024741
0.024754
0.024767
0.024816
0.025033
0.025059
0.025073
0.025087
0.025100
0.025114
0.025126
0.025139
0.025152
0.025165
0.025115
0.025349
0.025366
0.025381
0.025394
0.025408
0.025422
0.025435
0.025451
0.025464
0.025476
0.023958
0.024201
0.024233
0.024261
0.024285
0.024325
0.024347
0.024372
0.024396
0.024420
0.024445
0.024583
0.024819
0.024850
0.024877
0.024903
0.024928
0.024952
0.024976
0.025000
0.025024
0.025048
0.024466
0.024696
0.024720
0.024750
0.024774
0.024799
0.024823
0.024848
0.024872
0.024896
0.024919
0.050695
0.050924
0.050948
0.050973
0.050997
0.051022
0.051046
0.051070
0.051094
0.051118
0.051142
0.024599
0.024828
0.024866
0.024892
0.024918
0.024942
0.024966
0.024991
0.025015
0.025039
0.025064
0.024516
0.024756
0.024791
0.024819
0.024846
0.024872
0.024897
0.024921
0.024946
0.024971
0.024994
0.025091
0.025323
0.025351
0.025375
0.025400
0.025424
0.025448
0.025472
0.025496
0.025520
0.025544
0.025238
0.025467
0.025508
0.025534
0.025559
0.025584
0.025608
0.025633
0.025656
0.025680
0.025705
0.024561
0.024800
0.024832
0.024859
0.024886
0.024915
0.024939
0.024964
0.024988
0.025012
