1.003546
0.036091
0.036331
0.036361
0.036384
0.036410
0.036435
0.036459
0.036483
0.036509
0.036532
0.036556
0.022068
0.022299
0.022319
0.022336
0.022351
0.022367
0.022383
0.022398
0.022414
0.022429
0.022444
0.024141
0.024364
0.024382
0.024397
0.024411
0.024425
0.024438
0.024454
0.024470
0.024486
0.024501
0.027189
0.027415
0.027436
0.027452
0.027468
0.027483
0.027499
0.027514
0.027529
0.027544
0.027559
0.022475
0.022695
0.022715
0.022731
0.022747
0.022762
0.022776
0.022792
0.022807
0.022822
0.022837
0.021082
0.021311
0.021330
0.021348
0.021363
0.021379
0.021394
0.021409
0.021423
0.021439
0.021454
0.020898
0.021105
0.021133
0.021149
0.021165
0.021181
0.021199
0.021213
0.021229
0.021244
0.021259
0.023345
0.023562
0.023582
0.023598
0.023613
0.023629
0.023644
0.023659
0.023675
0.023690
0.023705
0.021679
0.021895
0.021923
0.021940
0.021956
0.021971
0.021988
0.022004
0.022022
0.022037
0.022052
0.046086
0.046312
0.046331
0.046348
0.046364
0.046380
0.046395
0.046413
0.046428
0.046444
0.046459
0.021983
0.022203
0.022222
0.022240
0.022256
0.022272
0.022288
0.022303
0.022318
0.022333
0.022349
0.023390
0.023595
0.023622
0.023636
0.023649
0.023665
0.023677
0.023690
0.023703
0.023716
0.023729
0.021137
0.021356
0.021373
0.021387
0.021401
0.021415
0.021428
0.021441
0.021454
0.021466
0.021479
0.022313
0.022542
0.022559
0.022573
0.022587
0.022604
0.022617
0.022629
0.022643
0.022658
0.022671
0.021451
0.021674
0.021692
0.021706
0.021719
0.021732
0.021747
0.021774
0.021795
0.021808
0.021821
0.021288
0.021506
0.021523
0.021538
0.021551
0.021565
0.021578
0.021591
0.021607
0.021620
0.021633
0.021951
0.022167
0.022183
0.022198
0.022212
0.022225
0.022238
0.022251
0.022264
0.022276
0.022289
0.021867
0.022107
0.022140
0.022166
0.022192
0.022217
0.022242
0.022266
0.022290
0.022314
0.022337
0.022068
0.022298
0.022325
0.022352
0.022377
0.022401
0.022425
0.022449
0.022472
0.022496
0.022520
0.047244
0.047468
0.047500
0.047536
0.047562
0.047587
0.047611
0.047641
0.047665
0.047689
0.047712
0.021793
0.022021
0.022052
0.022075
0.022100
0.022122
0.022145
0.022166
0.022189
0.022211
0.022228
0.021631
0.021861
0.021897
0.021921
0.021946
0.021970
0.021994
0.022018
0.022042
0.022066
0.022089
0.024219
0.024455
0.024487
0.024512
0.024538
0.024563
0.024587
0.024611
0.024635
0.024659
0.024683
0.023722
0.023954
0.023983
0.024012
0.024038
0.024064
0.024088
0.024112
0.024137
0.024160
0.024184
0.022384
0.022605
0.022645
0.022671
0.022697
0.022723
0.022747
0.022771
0.022795
0.022820
0.022843
0.022655
0.022876
0.022918
0.022944
0.022975
0.022999
0.023023
0.023048
0.023072
0.023095
0.023118
0.022707
0.022944
0.022978
0.023005
0.023031
0.023056
0.023080
0.023104
0.023128
0.023152
0.023176
0.025812
0.026023
0.026061
0.026084
0.026110
0.026134
0.026158
0.026181
0.026205
0.026234
0.026258
0.022996
0.023209
0.023236
0.023259
0.023292
0.023317
0.023342
0.023365
0.023390
0.023413
0.023438
0.045685
0.045916
0.045949
0.045976
0.046001
0.046025
0.046049
0.046072
0.046096
0.046119
0.046142
0.023350
0.023585
0.023616
0.023643
0.023670
0.023694
0.023720
0.023744
0.023769
0.023793
0.023818
0.023536
0.023747
0.023774
0.023789
0.023803
0.023816
0.023829
0.023843
0.023855
0.023869
0.023881
0.024435
0.024660
0.024681
0.024695
0.024708
0.024722
0.024735
0.024748
0.024764
0.024782
0.024798
0.023151
0.023378
0.023398
0.023415
0.023431
0.023447
0.023462
0.023477
0.023493
0.023508
0.023523
0.025595
0.025818
0.025838
0.025856
0.025873
0.025890
0.025906
0.025921
0.025937
0.025953
0.025968
0.023823
0.024054
0.024074
0.024091
0.024107
0.024123
0.024138
0.024154
0.024170
0.024185
0.024200
0.025015
0.025241
0.025261
0.025278
0.025294
0.025311
0.025327
0.025344
0.025360
0.025378
0.025393
0.023221
0.023447
0.023467
0.023483
0.023499
0.023514
0.023530
0.023545
0.023560
0.023575
0.023590
0.023646
0.023903
0.023934
0.023951
0.023967
0.023983
0.023999
0.024015
0.024030
0.024057
0.024077
0.046204
0.046433
0.046452
0.046469
0.046486
0.046501
0.046517
0.046532
0.046548
0.046563
0.046578
0.024617
0.024847
0.024869
0.024886
0.024903
0.024920
0.024937
0.024953
0.024968
0.024984
