1.884140
0.040304
0.040623
0.040645
0.040662
0.040684
0.040703
0.040722
0.040740
0.040760
0.040778
0.040797
0.030700
0.030941
0.030959
0.030974
0.030988
0.031002
0.031016
0.031028
0.031042
0.031055
0.031069
0.034972
0.035236
0.035258
0.035278
0.035297
0.035315
0.035333
0.035351
0.035368
0.035386
0.035403
0.034731
0.034994
0.035016
0.035034
0.035052
0.035071
0.035089
0.035107
0.035125
0.035142
0.035159
0.033777
0.034038
0.034061
0.034081
0.034098
0.034116
0.034134
0.034151
0.034169
0.034186
0.034203
0.035024
0.035278
0.035298
0.035327
0.035344
0.035362
0.035380
0.035402
0.035422
0.035439
0.035457
0.035382
0.035631
0.035661
0.035682
0.035701
0.035718
0.035738
0.035755
0.035773
0.035790
0.035807
0.035277
0.035528
0.035558
0.035577
0.035595
0.035614
0.035631
0.035649
0.035666
0.035684
0.035702
0.035647
0.035898
0.035919
0.035946
0.035963
0.035981
0.035998
0.036016
0.036033
0.036051
0.036068
0.059244
0.059471
0.059488
0.059502
0.059515
0.059528
0.059541
0.059556
0.059569
0.059582
0.059594
0.035490
0.035753
0.035774
0.035793
0.035811
0.035829
0.035846
0.035864
0.035882
0.035899
0.035918
0.046759
0.046998
0.047027
0.047053
0.047078
0.047106
0.047129
0.047154
0.047177
0.047201
0.047224
0.036867
0.037121
0.037142
0.037169
0.037186
0.037204
0.037222
0.037239
0.037257
0.037274
0.037292
0.032968
0.033196
0.033222
0.033236
0.033250
0.033265
0.033278
0.033291
0.033304
0.033317
0.033329
0.028605
0.028832
0.028849
0.028863
0.028877
0.028890
0.028904
0.028917
0.028930
0.028943
0.028956
0.027444
0.027662
0.027688
0.027702
0.027715
0.027728
0.027745
0.027759
0.027773
0.027786
0.027799
0.028794
0.029021
0.029039
0.029054
0.029068
0.029081
0.029095
0.029108
0.029121
0.029137
0.029155
0.028275
0.028508
0.028527
0.028543
0.028560
0.028576
0.028592
0.028607
0.028623
0.028638
0.028653
0.028781
0.029032
0.029051
0.029069
0.029083
0.029096
0.029109
0.029122
0.029135
0.029148
0.029161
0.054183
0.054396
0.054422
0.054436
0.054450
0.054463
0.054476
0.054488
0.054501
0.054514
0.054527
0.038088
0.038339
0.038360
0.038387
0.038405
0.038423
0.038440
0.038457
0.038475
0.038493
0.038510
0.032157
0.032383
0.032403
0.032418
0.032431
0.032444
0.032457
0.032470
0.032483
0.032497
0.032510
0.038042
0.038308
0.038330
0.038348
0.038365
0.038383
0.038400
0.038418
0.038435
0.038452
0.038469
0.032761
0.032999
0.033017
0.033031
0.033044
0.033058
0.033072
0.033085
0.033098
0.033111
0.033124
0.030246
0.030486
0.030517
0.030545
0.030570
0.030597
0.030621
0.030649
0.030674
0.030698
0.030722
0.029951
0.030190
0.030213
0.030232
0.030249
0.030266
0.030281
0.030297
0.030312
0.030327
0.030342
0.029438
0.029665
0.029685
0.029701
0.029716
0.029732
0.029747
0.029762
0.029777
0.029793
0.029807
0.029432
0.029668
0.029689
0.029705
0.029722
0.029737
0.029753
0.029768
0.029784
0.029799
0.029815
0.029109
0.029373
0.029394
0.029411
0.029428
0.029444
0.029459
0.029474
0.029490
0.029506
0.029522
0.053911
0.054144
0.054164
0.054182
0.054199
0.054215
0.054231
0.054247
0.054262
0.054278
0.054293
0.030933
0.031157
0.031174
0.031189
0.031203
0.031219
0.031245
0.031263
0.031277
0.031290
0.031306
0.030070
0.030294
0.030311
0.030326
0.030340
0.030353
0.030366
0.030379
0.030392
0.030405
0.030418
0.029660
0.029881
0.029903
0.029917
0.029930
0.029943
0.029958
0.029971
0.029984
0.029998
0.030011
0.030708
0.030936
0.030953
0.030967
0.030981
0.030994
0.031007
0.031020
0.031033
0.031046
0.031059
0.032375
0.032603
0.032622
0.032636
0.032650
0.032664
0.032677
0.032691
0.032704
0.032717
0.032730
0.032377
0.032605
0.032622
0.032637
0.032650
0.032663
0.032676
0.032689
0.032702
0.032715
0.032728
0.031477
0.031706
0.031723
0.031737
0.031751
0.031765
0.031778
0.031791
0.031804
0.031820
0.031833
0.030288
0.030517
0.030535
0.030549
0.030563
0.030576
0.030589
0.030602
0.030615
0.030628
0.030641
0.031565
0.031789
0.031807
0.031822
0.031836
0.031849
0.031862
0.031876
0.031889
0.031902
0.031915
0.056966
0.057189
0.057207
0.057221
0.057235
0.057249
0.057265
0.057283
0.057298
0.057314
0.057329
0.030551
0.030782
0.030802
0.030821
0.030837
0.030853
0.030869
0.030886
0.030902
0.030917
0.030933
0.030105
0.030330
0.030348
0.030362
0.030375
0.030388
0.030402
0.030416
0.030428
0.030441
0.030454
0.029540
0.029767
0.029785
0.029799
0.029812
0.029825
0.029838
0.029851
0.029864
0.029877
0.029890
0.030436
0.030660
0.030678
0.030692
0.030706
0.030719
0.030732
