953	63	228	187
947	59	237	194
956	59	239	195
965	60	241	197
974	60	243	199
984	61	246	201
993	61	248	203
1003	62	251	205
1012	63	253	207
1021	63	255	209
1031	64	258	211
1040	64	260	213
957	49	232	190
957	48	231	189
958	47	231	189
959	46	230	188
960	45	230	188
961	44	229	188
962	43	229	187
963	42	228	187
964	41	228	187
965	40	227	186
966	39	227	186
969	46	232	190
969	45	231	189
970	44	231	189
972	44	231	189
973	43	231	189
974	43	230	189
975	42	230	189
976	42	230	188
977	41	230	188
978	41	230	188
979	40	230	188
982	44	227	186
983	43	226	185
984	43	226	185
985	42	226	185
986	42	225	185
987	42	225	184
988	42	225	184
989	41	224	184
990	41	224	184
992	41	224	183
993	40	223	183
985	40	237	194
986	39	236	193
986	39	237	194
987	39	237	194
987	38	237	194
988	38	238	195
989	38	238	195
989	37	239	195
990	37	239	196
991	37	240	196
991	36	240	196
989	40	237	194
989	39	237	194
990	39	237	194
990	39	237	194
990	39	238	194
991	39	238	194
991	39	238	195
992	38	238	195
992	38	238	195
993	38	239	195
993	38	239	195
968	51	227	186
968	50	227	186
967	51	226	185
966	52	226	185
965	52	225	184
964	53	225	184
963	53	224	184
962	54	224	183
961	54	223	183
960	55	223	183
959	56	222	182
944	54	237	194
942	54	236	193
941	55	236	193
939	55	237	194
937	55	237	194
935	56	237	194
933	56	238	194
932	57	238	195
930	57	238	195
928	58	239	195
926	58	239	195
947	60	232	190
945	60	232	190
944	60	232	190
944	61	232	190
943	61	232	190
942	62	231	189
942	62	231	189
941	63	231	189
941	63	231	189
940	64	231	189
939	64	231	189
944	59	237	194
943	59	236	193
943	59	237	194
942	59	237	194
942	59	237	194
942	60	237	194
941	60	237	194
941	60	238	194
941	60	238	195
940	60	238	195
940	60	238	195
855	27	246	202
854	27	246	202
849	25	246	202
844	23	247	203
839	21	248	203
834	20	248	204
829	18	249	204
824	16	249	205
819	14	250	205
814	13	251	206
809	11	251	206
775	39	256	210
769	37	256	210
763	37	257	211
756	37	258	211
749	36	259	212
743	36	259	213
736	36	260	213
729	36	261	214
723	36	262	215
716	36	263	215
709	36	263	216
844	53	267	219
837	52	267	219
838	53	268	220
839	54	269	221
840	55	270	221
841	56	271	222
842	56	272	223
844	57	273	224
845	58	274	225
846	59	275	225
847	60	276	226
833	61	256	210
834	61	256	210
834	62	256	210
834	63	256	210
834	64	256	210
835	65	255	209
835	65	255	209
835	66	255	209
836	67	255	209
836	68	255	209
836	69	254	209
827	63	251	206
827	63	250	205
826	64	250	205
826	64	249	205
826	65	249	204
826	65	249	204
825	65	248	204
825	66	248	203
825	66	247	203
825	67	247	202
824	67	246	202
902	25	246	202
901	25	245	201
905	23	245	201
909	21	244	200
913	19	244	200
917	17	243	200
921	15	243	199
925	13	242	199
929	11	242	199
933	9	241	198
937	7	241	198
859	17	256	210
863	15	255	209
862	13	255	209
861	12	256	210
861	11	256	210
860	9	257	210
860	8	257	211
859	6	257	211
859	5	258	211
858	4	258	212
857	2	258	212
897	4	267	219
896	2	267	219
898	1	268	219
899	0	268	220
901	0	269	221
902	-2	270	221
904	-3	271	222
906	-4	272	223
907	-5	272	223
909	-7	273	224
911	-8	274	225
838	-23	277	227
839	-24	277	227
837	-26	278	228
834	-28	279	229
832	-30	280	229
829	-32	281	230
827	-34	282	231
824	-35	283	231
822	-37	284	232
819	-39	284	233
817	-41	285	234
818	-32	289	237
815	-33	289	237
813	-35	290	238
810	-36	291	239
808	-37	292	240
806	-39	293	241
803	-40	294	241
801	-41	296	242
799	-43	297	243
796	-44	298	244
794	-45	299	245
796	-49	294	241
793	-50	295	241
791	-51	295	242
789	-53	296	242
787	-54	297	243
785	-55	297	244
783	-57	298	244
780	-58	299	245
778	-60	299	245
776	-61	300	246
774	-63	301	246
734	-63	294	241
731	-64	294	241
727	-65	294	241
723	-67	295	241
719	-68	295	242
714	-69	295	242
710	-71	295	242
706	-72	296	242
702	-73	296	242
697	-75	296	243
693	-76	296	243
698	-3	306	251
693	-4	306	251
689	-1	306	251
686	1	307	252
682	4	308	253
678	6	309	253
674	9	309	254
671	12	310	254
667	15	311	255
663	18	312	256
659	20	312	256
660	12	319	261
656	14	319	261
652	16	320	262
649	19	321	263
645	21	322	264
642	23	323	264
638	25	324	265
634	27	325	266
631	29	326	267
627	32	328	268
624	34	329	268
620	4	325	267
616	6	326	267
612	6	326	268
609	6	327	269
605	7	328	269
602	7	329	270
598	7	329	271
594	8	330	271
591	8	331	272
587	9	332	273
584	9	332	273
644	12	319	261
640	12	319	261
640	12	319	261
640	13	319	261
640	13	319	261
640	14	319	261
640	14	319	261
639	15	319	261
639	15	319	261
639	16	319	261
639	16	319	260
665	28	319	261
664	28	318	260
666	29	318	260
667	30	318	260
668	31	318	260
670	32	318	260
671	33	318	260
672	34	318	260
674	36	318	260
675	37	318	260
676	38	318	260
722	43	306	251
723	44	305	250
727	45	305	250
730	46	304	249
734	47	303	249
738	49	302	248
742	50	302	248
745	51	301	247
749	53	300	246
753	54	299	246
757	55	299	245
715	46	300	246
718	47	299	245
719	47	298	244
721	48	297	244
722	49	297	243
723	50	296	243
724	50	295	242
726	51	295	242
727	52	294	241
728	52	293	241
729	53	293	240
758	55	289	237
759	55	288	236
761	56	287	235
764	57	286	235
767	57	285	234
770	58	284	233
772	59	284	232
775	60	283	232
778	60	282	231
780	61	281	230
783	62	280	230
761	58	283	232
763	58	282	231
765	59	281	230
766	59	280	230
767	60	280	229
768	60	279	229
770	61	278	228
771	61	278	227
772	61	277	227
774	62	276	226
775	62	276	226
762	67	272	223
763	67	271	222
763	68	270	221
764	68	269	221
764	69	268	220
765	70	267	219
765	70	266	218
766	71	266	218
766	72	265	217
767	72	264	216
767	73	263	216
744	77	267	219
744	77	266	218
743	78	265	217
742	79	264	217
741	80	264	216
741	80	263	216
