1.897138
0.031891
0.032168
0.032187
0.032202
0.032217
0.032232
0.032246
0.032260
0.032274
0.032289
0.032302
0.035104
0.035386
0.035408
0.035427
0.035445
0.035464
0.035481
0.035499
0.035517
0.035535
0.035553
0.026098
0.026339
0.026357
0.026373
0.026388
0.026401
0.026415
0.026428
0.026442
0.026456
0.026471
0.026306
0.026538
0.026559
0.026574
0.026589
0.026605
0.026621
0.026636
0.026651
0.026666
0.026681
0.024495
0.024725
0.024743
0.024758
0.024771
0.024785
0.024797
0.024811
0.024824
0.024837
0.024850
0.024600
0.024857
0.024880
0.024910
0.024935
0.024955
0.024976
0.024990
0.025003
0.025022
0.025043
0.024678
0.024906
0.024924
0.024938
0.024951
0.024965
0.024988
0.025008
0.025029
0.025049
0.025069
0.025422
0.025651
0.025670
0.025684
0.025697
0.025710
0.025723
0.025736
0.025749
0.025762
0.025775
0.025606
0.025838
0.025855
0.025869
0.025882
0.025895
0.025908
0.025921
0.025934
0.025947
0.025961
0.056932
0.057164
0.057182
0.057196
0.057222
0.057250
0.057269
0.057287
0.057300
0.057313
0.057327
0.025671
0.025904
0.025921
0.025935
0.025948
0.025961
0.025974
0.025988
0.026001
0.026014
0.026028
0.025423
0.025654
0.025672
0.025686
0.025699
0.025714
0.025728
0.025740
0.025753
0.025766
0.025778
0.024287
0.024524
0.024554
0.024581
0.024609
0.024634
0.024659
0.024683
0.024707
0.024731
0.024755
0.024929
0.025153
0.025180
0.025194
0.025207
0.025223
0.025236
0.025249
0.025262
0.025275
0.025287
0.024914
0.025147
0.025174
0.025200
0.025225
0.025250
0.025274
0.025298
0.025322
0.025346
0.025370
0.024350
0.024603
0.024636
0.024661
0.024686
0.024710
0.024734
0.024757
0.024783
0.024806
0.024831
0.024458
0.024689
0.024715
0.024740
0.024766
0.024790
0.024815
0.024839
0.024863
0.024887
0.024910
0.024765
0.024995
0.025023
0.025060
0.025086
0.025110
0.025134
0.025158
0.025182
0.025207
0.025231
0.024908
0.025136
0.025153
0.025169
0.025185
0.025205
0.025225
0.025245
0.025266
0.025286
0.025300
0.057158
0.057395
0.057413
0.057427
0.057441
0.057454
0.057467
0.057481
0.057494
0.057507
0.057519
0.028255
0.028489
0.028507
0.028521
0.028535
0.028548
0.028561
0.028574
0.028587
0.028600
0.028613
0.025182
0.025434
0.025463
0.025485
0.025507
0.025527
0.025543
0.025556
0.025574
0.025594
0.025615
0.024620
0.024856
0.024877
0.024894
0.024911
0.024926
0.024943
0.024958
0.024973
0.024989
0.025004
0.025658
0.025901
0.025936
0.025964
0.025986
0.026000
0.026014
0.026027
0.026052
0.026069
0.026083
0.026599
0.026830
0.026848
0.026863
0.026876
0.026891
0.026904
0.026917
0.026931
0.026944
0.026957
0.024980
0.025196
0.025222
0.025237
0.025250
0.025264
0.025277
0.025290
0.025303
0.025316
0.025329
0.025363
0.025588
0.025604
0.025619
0.025632
0.025645
0.025659
0.025672
0.025686
0.025699
0.025712
0.025142
0.025383
