1.606283
0.036365
0.036588
0.036618
0.036637
0.036655
0.036672
0.036690
0.036707
0.036725
0.036742
0.036760
0.035043
0.035267
0.035289
0.035307
0.035325
0.035343
0.035360
0.035378
0.035395
0.035412
0.035429
0.032921
0.033139
0.033160
0.033191
0.033210
0.033227
0.033246
0.033264
0.033282
0.033300
0.033318
0.033607
0.033836
0.033860
0.033879
0.033897
0.033915
0.033932
0.033949
0.033967
0.033985
0.034002
0.033060
0.033288
0.033311
0.033330
0.033348
0.033365
0.033383
0.033400
0.033418
0.033435
0.033453
0.031793
0.032026
0.032049
0.032068
0.032087
0.032105
0.032122
0.032140
0.032157
0.032175
0.032192
0.033706
0.033914
0.033944
0.033962
0.033980
0.033998
0.034018
0.034035
0.034053
0.034070
0.034089
0.032746
0.032978
0.033000
0.033018
0.033035
0.033053
0.033070
0.033088
0.033106
0.033123
0.033141
0.035219
0.035437
0.035468
0.035486
0.035504
0.035522
0.035540
0.035557
0.035576
0.035594
0.035611
0.061426
0.061652
0.061676
0.061706
0.061726
0.061745
0.061764
0.061785
0.061802
0.061819
0.061836
0.033217
0.033437
0.033458
0.033477
0.033495
0.033513
0.033531
0.033550
0.033568
0.033586
0.033603
0.032523
0.032736
0.032767
0.032785
0.032803
0.032822
0.032840
0.032857
0.032874
0.032892
0.032909
0.031554
0.031781
0.031803
0.031821
0.031840
0.031858
0.031876
0.031893
0.031910
0.031928
0.031945
0.032429
0.032659
0.032681
0.032700
0.032718
0.032738
0.032755
0.032773
0.032790
0.032807
0.032825
0.031530
0.031748
0.031769
0.031796
0.031814
0.031832
0.031849
0.031867
0.031884
0.031901
0.031919
0.032693
0.032911
0.032932
0.032950
0.032971
0.032988
0.033006
0.033023
0.033043
0.033061
0.033079
0.032441
0.032669
0.032691
0.032710
0.032728
0.032746
0.032763
0.032781
0.032798
0.032815
0.032832
0.031551
0.031807
0.031828
0.031846
0.031864
0.031882
0.031900
0.031918
0.031935
0.031953
0.031970
0.031862
0.032078
0.032108
0.032130
0.032148
0.032166
0.032184
0.032201
0.032218
0.032236
0.032253
0.062388
0.062611
0.062633
0.062651
0.062670
0.062687
0.062705
0.062723
0.062741
0.062758
0.062775
0.033759
0.033969
0.033990
0.034017
0.034035
0.034052
0.034070
0.034087
0.034104
0.034121
0.034139
0.027189
0.027423
0.027452
0.027468
0.027482
0.027496
0.027511
0.027524
0.027537
0.027552
0.027566
0.033946
0.034164
0.034184
0.034201
0.034220
0.034238
0.034256
0.034274
0.034292
0.034309
0.034327
0.032360
0.032578
0.032600
0.032619
0.032637
0.032655
0.032672
0.032690
0.032709
0.032726
0.032744
0.032203
0.032434
0.032456
0.032475
0.032493
0.032514
0.032532
0.032550
0.032568
0.032585
0.032603
0.032933
0.033180
0.033203
0.033223
0.033246
0.033265
0.033283
0.033302
0.033319
0.033338
0.033355
0.033246
0.033465
0.033488
0.033507
0.033525
0.033544
0.033562
0.033580
0.033597
0.033616
0.033634
0.031059
0.031282
0.031314
0.031333
0.031352
0.031369
0.031388
0.031405
0.031423
0.031441
0.031458
0.035280
0.035495
0.035513
0.035527
0.035540
0.035554
0.035567
0.035583
0.035597
0.035610
0.035623
0.051556
0.051757
0.051774
0.051788
0.051811
0.051825
0.051841
0.051855
0.051870
0.051884
0.051899
0.027207
0.027428
0.027455
0.027481
0.027503
0.027528
0.027550
0.027574
0.027598
0.027621
0.027646
0.024842
0.025057
0.025089
0.025113
0.025138
0.025163
0.025187
0.025207
0.025223
0.025238
0.025254
0.026757
0.026958
0.026982
0.026998
0.027015
0.027032
0.027048
0.027063
0.027079
0.027095
0.027111
0.025105
0.025305
0.025335
0.025352
0.025368
0.025384
0.025400
0.025416
0.025432
0.025448
0.025464
0.023780
0.023986
0.024017
0.024045
0.024070
0.024096
0.024120
0.024144
0.024168
0.024192
0.024216
0.026193
0.026410
0.026439
0.026466
0.026493
0.026517
0.026542
0.026566
0.026590
0.026614
0.026641
0.036446
0.036669
0.036697
0.036723
0.036751
0.036777
0.036801
0.036826
0.036850
0.036877
0.036901
0.025040
0.025255
0.025281
0.025306
0.025330
0.025355
0.025378
0.025403
0.025427
0.025451
0.025474
0.025740
0.025963
0.025995
0.026020
0.026046
0.026070
0.026093
0.026118
0.026141
0.026165
0.026189
0.053679
0.053887
0.053905
0.053920
0.053933
0.053946
0.053959
0.053972
0.053984
0.054000
0.054027
0.033864
0.034075
0.034094
0.034121
0.034140
0.034158
0.034176
0.034194
0.034212
0.034230
0.034248
0.032729
0.032951
0.032972
0.033000
0.033019
0.033037
0.033055
0.033072
0.033090
0.033108
0.033126
0.031962
0.032192
0.032223
0.032242
0.032260
0.032278
0.032296
0.032314
0.032331
0.032349
0.032367
0.032118
0.032335
0.032367
0.032386
0.032404
0.032421
0.032439
0.032456
0.032473
0.032491
0.032508
0.032886
0.033114
0.033136
0.033155
0.033173
0.033191
0.033209
0.033226
0.033244
0.033261
0.033278
0.026285
0.026491
0.026519
0.026546
0.026569
0.026593
0.026617
0.026640
0.026664
0.026688
0.026712
0.027018
0.027227
0.027256
0.027272
0.027287
0.027303
0.027318
0.027333
0.027348
0.027363
0.027378
0.025586
0.025795
0.025815
0.025831
0.025846
0.025862
0.025877
0.025892
0.025907
0.025924
0.025940
0.026740
0.026951
0.026971
0.026988
0.027003
0.027018
0.027033
0.027048
0.027064
0.027079
0.027093
0.052692
0.052894
0.052914
0.052931
0.052948
0.052964
0.052980
0.052995
0.053012
0.053030
0.053046
0.024758
0.024978
0.025004
0.025022
0.025038
0.025055
0.025070
0.025086
0.025101
0.025117
0.025132
0.024072
0.024285
0.024306
0.024325
0.024340
0.024356
0.024372
0.024388
0.024404
0.024420
0.024437
0.031600
0.031826
0.031848
0.031867
0.031886
0.031904
0.031922
0.031940
0.031957
0.031975
0.031992
0.031780
0.032006
0.032028
0.032047
0.032064
0.032082
0.032100
0.032118
0.032135
0.032153
0.032170
0.032533
0.032748
0.032770
0.032789
0.032811
