1.314815
0.027192
0.027425
0.027442
0.027456
0.027470
0.027483
0.027497
0.027510
0.027524
0.027537
0.027550
0.025134
0.025362
0.025380
0.025394
0.025407
0.025421
0.025434
0.025447
0.025460
0.025473
0.025486
0.024020
0.024250
0.024268
0.024283
0.024297
0.024311
0.024324
0.024337
0.024350
0.024364
0.024377
0.024059
0.024283
0.024301
0.024315
0.024328
0.024341
0.024354
0.024367
0.024380
0.024393
0.024406
0.023683
0.023914
0.023932
0.023947
0.023961
0.023974
0.023988
0.024005
0.024022
0.024037
0.024054
0.023965
0.024199
0.024219
0.024238
0.024254
0.024270
0.024286
0.024301
0.024317
0.024332
0.024347
0.023614
0.023847
0.023868
0.023884
0.023901
0.023916
0.023935
0.023950
0.023966
0.023981
0.023997
0.023556
0.023807
0.023838
0.023855
0.023869
0.023883
0.023896
0.023909
0.023922
0.023935
0.023948
0.024313
0.024528
0.024554
0.024568
0.024581
0.024595
0.024608
0.024621
0.024635
0.024648
0.024662
0.049192
0.049412
0.049429
0.049443
0.049457
0.049470
0.049484
0.049498
0.049512
0.049525
0.049538
0.024280
0.024503
0.024520
0.024534
0.024548
0.024561
0.024575
0.024588
0.024601
0.024614
0.024627
0.025182
0.025405
0.025422
0.025436
0.025450
0.025465
0.025479
0.025492
0.025505
0.025518
0.025531
0.024635
0.024862
0.024879
0.024893
0.024907
0.024921
0.024935
0.024947
0.024961
0.024974
0.024987
0.023716
0.023939
0.023957
0.023971
0.023984
0.023999
0.024013
0.024026
0.024039
0.024052
0.024065
0.023226
0.023445
0.023472
0.023487
0.023500
0.023514
0.023526
0.023539
0.023552
0.023565
0.023578
0.023859
0.024083
0.024100
0.024115
0.024128
0.024141
0.024154
0.024168
0.024182
0.024195
0.024208
0.032480
0.032725
0.032755
0.032774
0.032792
0.032810
0.032827
0.032845
0.032862
0.032880
0.032897
0.031157
0.031429
0.031449
0.031466
0.031484
0.031502
0.031520
0.031538
0.031557
0.031575
0.031593
0.026328
0.026553
0.026573
0.026592
0.026608
0.026623
0.026638
0.026654
0.026669
0.026684
0.026698
0.050071
0.050301
0.050322
0.050340
0.050356
0.050372
0.050388
0.050403
0.050419
0.050436
0.050451
0.024624
0.024850
0.024871
0.024888
0.024904
0.024920
0.024935
0.024951
0.024966
0.024982
0.024997
0.026698
0.026920
0.026941
0.026955
0.026968
0.026982
0.026996
0.027009
0.027022
0.027035
0.027048
0.025069
0.025295
0.025312
0.025326
0.025339
0.025352
0.025365
0.025378
0.025391
0.025403
0.025416
0.024603
0.024853
0.024883
0.024908
0.024934
0.024958
0.024982
0.025007
0.025030
0.025054
0.025077
0.024775
0.025012
0.025045
0.025072
0.025098
0.025124
0.025148
0.025173
0.025197
0.025221
0.025245
0.024121
0.024346
0.024387
0.024414
0.024439
0.024463
0.024487
0.024511
0.024535
0.024559
0.024582
0.023639
0.023874
0.023905
0.023933
0.023959
0.023985
0.024009
0.024034
0.024058
0.024083
0.024108
0.024020
0.024252
0.024282
0.024310
0.024335
0.024361
0.024386
0.024410
0.024434
0.024457
0.024481
0.023690
0.023925
0.023955
0.023982
0.024009
0.024030
0.024049
0.024071
0.024092
0.024112
0.024132
0.050009
0.050243
0.050277
0.050303
0.050329
0.050353
0.050377
0.050401
0.050425
0.050448
0.050472
0.024678
0.024906
0.024931
0.024956
0.024980
0.025005
0.025030
0.025055
0.025080
0.025104
0.025128
0.024740
0.024992
0.025024
0.025058
0.025084
0.025108
0.025132
0.025156
0.025180
0.025204
0.025228
0.024245
0.024471
0.024505
0.024529
0.024555
0.024579
0.024604
0.024628
0.024653
0.024676
0.024700
0.024213
0.024457
0.024487
0.024515
0.024540
0.024565
0.024589
0.024613
0.024637
0.024661
0.024684
0.023578
0.023803
0.023821
0.023835
0.023849
0.023863
0.023876
0.023889
0.023902
0.023916
0.023929
0.024034
0.024248
0.024264
0.024287
0.024301
0.024314
0.024328
0.024341
0.024354
0.024367
0.024380
0.023430
0.023656
0.023674
0.023688
0.023702
0.023715
0.023729
0.023742
0.023762
0.023779
0.023792
0.024451
0.024677
0.024694
0.024709
0.024723
0.024736
0.024749
0.024763
0.024776
0.024789
0.024802
0.023692
0.023918
0.023937
0.023952
0.023966
0.023979
0.023993
0.024006
0.024019
0.024032
0.024045
0.049338
0.049553
0.049579
0.049593
0.049607
0.049621
0.049634
0.049647
0.049660
0.049673
0.049686
0.025382
0.025605
0.025623
0.025637
0.025651
0.025665
0.025678
0.025691
0.025704
0.025717
0.025730
0.025811
0.026035
0.026052
0.026067
0.026080
0.026093
0.026106
0.026120
0.026133
0.026146
0.026158
0.025760
0.025976
0.026004
0.026018
0.026031
0.026045
0.026059
0.026072
0.026085
0.026098
0.026111
0.024657
0.024876
0.024903
0.024917
0.024931
0.024944
0.024957
0.024971
0.024983
0.024996
0.025009
0.024702
0.024925
0.024942
0.024956
0.024970
0.024983
0.024997
0.025010
0.025024
0.025037
0.025050
0.033778
0.034024
0.034055
0.034074
0.034092
0.034110
0.034128
0.034146
0.034163
0.034181
0.034199
0.042032
0.042361
0.042394
0.042421
0.042446
0.042471
0.042496
0.042521
0.042545
0.042569
0.042593
0.025100
0.025316
0.025342
0.025357
0.025371
0.025392
0.025420
0.025437
0.025450
0.025476
0.025507
0.025622
0.025849
0.025867
0.025882
0.025895
0.025909
0.025923
0.025936
0.025949
0.025962
0.025975
0.051594
0.051814
0.051831
0.051846
0.051859
0.051872
0.051885
0.051898
0.051912
0.051924
0.051938
0.027306
0.027566
0.027586
0.027600
0.027614
0.027627
0.027641
0.027654
