1.673923
0.037439
0.037668
0.037689
0.037708
0.037727
0.037744
0.037762
0.037781
0.037800
0.037818
0.037835
0.032435
0.032665
0.032686
0.032705
0.032723
0.032742
0.032759
0.032777
0.032794
0.032812
0.032829
0.034400
0.034614
0.034635
0.034663
0.034682
0.034700
0.034718
0.034736
0.034754
0.034771
0.034789
0.032462
0.032688
0.032710
0.032728
0.032746
0.032764
0.032782
0.032799
0.032816
0.032835
0.032853
0.033826
0.034044
0.034066
0.034084
0.034102
0.034120
0.034143
0.034161
0.034178
0.034197
0.034215
0.032765
0.032992
0.033014
0.033034
0.033053
0.033071
0.033090
0.033108
0.033126
0.033144
0.033161
0.032440
0.032680
0.032702
0.032721
0.032738
0.032756
0.032777
0.032794
0.032812
0.032830
0.032847
0.034433
0.034635
0.034666
0.034684
0.034702
0.034719
0.034736
0.034754
0.034771
0.034789
0.034806
0.033293
0.033512
0.033534
0.033552
0.033569
0.033587
0.033604
0.033622
0.033639
0.033656
0.033674
0.062651
0.062865
0.062887
0.062905
0.062923
0.062941
0.062959
0.062979
0.062996
0.063013
0.063031
0.033562
0.033791
0.033812
0.033830
0.033848
0.033865
0.033883
0.033900
0.033918
0.033936
0.033953
0.033188
0.033414
0.033436
0.033462
0.033480
0.033500
0.033517
0.033535
0.033552
0.033569
0.033587
0.034579
0.034799
0.034821
0.034839
0.034857
0.034876
0.034894
0.034912
0.034929
0.034947
0.034965
0.033315
0.033538
0.033560
0.033578
0.033596
0.033615
0.033632
0.033649
0.033667
0.033684
0.033701
0.032340
0.032584
0.032606
0.032624
0.032643
0.032660
0.032679
0.032696
0.032714
0.032732
0.032749
0.032667
0.032893
0.032915
0.032933
0.032951
0.032968
0.032985
0.033003
0.033024
0.033041
0.033058
0.033017
0.033238
0.033260
0.033279
0.033297
0.033315
0.033332
0.033349
0.033366
0.033384
0.033401
0.033453
0.033677
0.033713
0.033732
0.033750
0.033768
0.033785
0.033803
0.033821
0.033839
0.033857
0.035974
0.036196
0.036217
0.036238
0.036257
0.036275
0.036293
0.036311
0.036328
0.036346
0.036363
0.063511
0.063725
0.063756
0.063774
0.063792
0.063809
0.063827
0.063845
0.063862
0.063885
0.063902
0.035463
0.035689
0.035711
0.035729
0.035748
0.035765
0.035782
0.035800
0.035816
0.035834
0.035851
0.035557
0.035781
0.035805
0.035824
0.035841
0.035859
0.035877
0.035895
0.035913
0.035930
0.035947
0.034562
0.034779
0.034800
0.034819
0.034837
0.034855
0.034872
0.034890
0.034907
0.034925
0.034942
0.034713
0.034930
0.034951
0.034970
0.034989
0.035007
0.035025
0.035043
0.035060
0.035078
0.035095
0.034977
0.035179
0.035201
0.035228
0.035246
0.035268
0.035285
0.035302
0.035320
0.035338
0.035355
0.033913
0.034139
0.034161
0.034181
0.034199
0.034217
0.034234
0.034251
0.034269
0.034286
0.034303
0.033969
0.034192
0.034215
0.034233
0.034253
0.034270
0.034287
0.034305
0.034322
0.034339
0.034357
0.035157
0.035371
0.035401
0.035420
0.035438
0.035455
0.035473
0.035491
0.035508
0.035525
0.035542
0.035249
0.035453
0.035484
0.035502
0.035520
0.035537
0.035555
0.035574
0.035591
0.035610
0.035628
0.064181
0.064400
0.064421
0.064440
0.064458
0.064476
0.064494
0.064512
0.064528
0.064546
0.064563
0.034713
0.034949
0.034970
0.034989
0.035007
0.035025
0.035043
0.035060
0.035080
0.035098
0.035115
0.034547
0.034784
0.034805
0.034824
0.034842
0.034860
0.034878
0.034895
0.034913
0.034930
0.034948
0.035662
0.035896
0.035921
0.035949
0.035967
0.035984
0.036003
0.036025
0.036045
0.036063
0.036081
0.033772
0.034004
0.034026
0.034045
0.034064
0.034081
0.034099
0.034116
0.034134
0.034151
0.034169
0.035525
0.035744
0.035766
0.035785
0.035803
0.035821
0.035839
0.035858
0.035876
0.035897
0.035915
0.035961
0.036191
0.036213
0.036232
0.036250
0.036268
0.036286
0.036304
0.036321
0.036339
0.036356
0.036144
0.036358
0.036389
0.036408
0.036426
0.036444
0.036462
0.036480
0.036497
0.036518
0.036535
0.035403
0.035611
0.035642
0.035660
0.035680
0.035697
0.035714
0.035732
0.035749
0.035767
0.035784
0.035966
0.036180
0.036201
0.036220
0.036239
0.036257
0.036275
0.036292
0.036310
0.036328
0.036346
0.066429
0.066644
0.066665
0.066684
0.066702
0.066720
0.066737
0.066755
0.066772
0.066790
0.066807
0.036052
0.036275
0.036297
0.036316
0.036335
0.036352
0.036370
0.036390
0.036407
0.036424
0.036441
0.036185
0.036405
0.036426
0.036453
0.036470
0.036488
0.036506
0.036524
0.036541
0.036559
0.036576
0.035784
0.036015
0.036037
0.036056
0.036079
0.036098
0.036118
0.036136
0.036155
0.036173
0.036191
0.034626
0.034847
0.034867
0.034895
0.034913
0.034931
0.034950
0.034968
0.034986
0.035003
0.035021
0.034435
0.034672
0.034694
0.034713
0.034731
0.034752
0.034770
0.034787
0.034805
0.034823
0.034840
0.035140
0.035368
0.035389
0.035408
0.035426
0.035444
0.035462
0.035479
0.035497
0.035515
0.035532
0.034180
0.034427
0.034449
0.034468
0.034486
0.034503
0.034521
0.034539
0.034556
0.034574
0.034592
0.035757
0.035998
0.036021
0.036041
0.036059
0.036077
0.036096
0.036114
0.036133
0.036159
0.036177
0.034638
0.034872
0.034893
0.034912
0.034931
0.034949
0.034966
0.034984
0.035001
0.035018
0.035036
0.062690
0.062916
0.062938
0.062957
0.062974
0.062992
0.063010
0.063027
0.063044
0.063062
0.063079
0.034783
0.035022
0.035044
0.035063
0.035080
0.035098
0.035116
0.035134
0.035152
0.035169
0.035187
0.035309
0.035530
0.035561
0.035580
0.035598
0.035615
0.035632
0.035650
0.035668
0.035686
0.035703
0.034501
0.034719
0.034751
0.034770
0.034788
0.034805
0.034823
0.034840
0.034859
0.034876
0.034894
0.036810
0.037047
0.037070
0.037089
0.037107
0.037125
0.037143
0.037162
0.037180
0.037198
0.037215
0.034907
0.035125
0.035156
0.035175
0.035196
0.035214
0.035232
0.035249
0.035266
0.035284
0.035301
0.034962
0.035193
0.035215
0.035234
0.035252
0.035269
0.035287
0.035305
0.035322
0.035340
0.035357
0.036593
0.036836
0.036859
0.036878
0.036896
0.036914
0.036932
0.036949
0.036967
0.036984
0.037002
0.034982
0.035207
0.035227
0.035254
0.035272
0.035290
0.035308
0.035326
0.035343
0.035361
0.035378
0.034258
0.034494
0.034517
0.034535
0.034554
0.034571
0.034589
0.034607
0.034626
0.034643
0.034661
0.063210
0.063436
0.063456
0.063483
0.063501
0.063519
0.063537
0.063555
0.063572
0.063590
0.063607
0.035708
0.035935
0.035965
0.035984
0.036002
0.036019
0.036037
0.036055
0.036072
0.036089
0.036107
0.035317
0.035532
0.035561
0.035580
0.035598
0.035616
0.035634
0.035651
0.035672
0.035690
0.035707
0.035601
0.035833
0.035854
0.035873
0.035891
0.035909
0.035926
0.035944
0.035961
0.035979
0.035996
0.036458
0.036684
0.036715
0.036734
0.036752
0.036769
0.036787
0.036805
0.036822
0.036839
0.036857
0.037599
0.037816
0.037838
0.037856
0.037874
0.037892
0.037909
0.037927
0.037944
0.037961
0.037979
0.035987
0.036212
0.036235
0.036254
0.036272
0.036290
0.036308
0.036325
0.036343
0.036360
0.036377
0.036213
0.036433
0.036455
0.036474
0.036492
0.036510
0.036528
0.036546
0.036563
0.036581
0.036599
0.036216
0.036440
0.036463
0.036481
0.036499
0.036517
0.036547
0.036566
0.036583
0.036600
0.036618
0.035877
0.036092
0.036123
0.036141
0.036158
0.036176
0.036193
0.036211
0.036228
0.036245
0.036264
0.063278
0.063502
0.063524
0.063542
0.063560
0.063579
0.063598
0.063615
0.063632
0.063650
0.063667
0.035536
0.035774
0.035795
0.035814
0.035833
0.035851
0.035868
0.035886
0.035903
0.035922
0.035940
0.035781
0.036002
0.036032
0.036051
0.036069
0.036087
0.036104
0.036122
0.036139
0.036157
0.036174
0.035609
0.035835
0.035856
0.035875
0.035893
0.035910
0.035928
0.035945
0.035963
0.035981
0.035998
0.036101
0.036315
0.036338
0.036366
0.036384
0.036402
0.036420
0.036438
0.036456
0.036473
0.036491
0.035972
0.036195
0.036217
0.036236
0.036254
0.036272
0.036289
0.036307
0.036325
0.036343
0.036360
0.037240
0.037452
0.037473
0.037492
0.037510
0.037527
0.037545
0.037563
0.037580
0.037603
0.037621
0.037108
0.037314
0.037334
0.037362
0.037380
0.037398
0.037416
0.037433
0.037451
0.037469
0.037486
0.037060
0.037269
0.037299
0.037317
0.037335
0.037353
0.037370
0.037388
0.037405
0.037423
0.037441
0.035774
0.035998
0.036021
0.036055
0.036075
0.036094
0.036112
0.036130
0.036148
0.036165
0.036183
0.065275
0.065497
0.065519
0.065538
0.065556
0.065578
0.065596
0.065613
0.065631
0.065648
0.065665
0.038193
0.038395
0.038415
0.038443
0.038462
0.038480
0.038499
0.038517
0.038534
0.038552
0.038569
0.037412
0.037622
0.037644
0.037663
0.037681
0.037699
0.037717
0.037734
0.037751
0.037769
0.037786
0.037643
0.037858
0.037880
0.037899
0.037917
0.037935
0.037953
0.037971
0.037989
0.038007
0.038024
0.036638
0.036850
0.036881
0.036899
0.036917
0.036935
0.036952
0.036970
0.036987
0.037004
0.037021
0.035650
0.035881
0.035905
0.035925
0.035943
0.035961
0.035980
0.035999
0.036016
0.036034
0.036052
0.036932
0.037177
0.037200
0.037219
0.037237
0.037255
0.037272
0.037289
0.037307
0.037324
0.037341
0.036927
0.037162
0.037193
0.037212
0.037231
0.037249
0.037267
0.037284
0.037303
0.037320
0.037337
0.036905
0.037133
0.037163
0.037182
0.037199
0.037217
0.037234
0.037252
0.037269
0.037287
0.037304
0.038059
0.038283
0.038305
0.038324
0.038342
0.038360
0.038378
0.038396
0.038413
0.038431
0.038448
0.063911
0.064135
0.064156
0.064175
0.064193
0.064210
0.064228
0.064246
0.064264
0.064282
0.064300
0.036829
0.037052
0.037083
0.037102
0.037121
0.037139
0.037156
0.037174
0.037192
0.037209
0.037227
0.035463
0.035677
0.035708
0.035726
0.035743
0.035761
0.035778
0.035795
0.035812
0.035830
0.035848
0.037306
0.037512
0.037533
0.037560
0.037579
0.037596
0.037614
0.037631
0.037649
0.037666
0.037683
0.035432
0.035653
0.035674
0.035692
0.035710
0.035728
0.035745
0.035763
0.035782
0.035799
0.035830
0.035578
0.035805
0.035835
0.035854
0.035872
0.035890
0.035908
0.035926
0.035943
0.035961
0.035978
0.034543
0.034755
0.034775
0.034803
0.034821
0.034838
0.034855
0.034873
0.034891
0.034908
0.034925
0.036931
0.037152
0.037174
0.037193
0.037210
0.037228
0.037246
0.037264
0.037282
0.037299
0.037316
0.036087
0.036315
0.036337
0.036355
0.036373
0.036391
0.036409
0.036427
0.036444
0.036462
0.036479
0.036874
0.037100
0.037122
0.037142
0.037160
0.037179
0.037198
0.037216
0.037233
0.037252
0.037269
0.065157
0.065366
0.065397
0.065415
0.065433
0.065452
0.065470
0.065488
0.065505
0.065522
0.065542
0.038131
0.038351
0.038373
0.038392
0.038413
0.038431
0.038448
0.038466
0.038483
0.038501
0.038518
0.038249
0.038464
0.038485
0.038504
0.038523
0.038541
0.038558
0.038576
0.038593
0.038613
0.038631
0.037277
0.037503
0.037526
0.037546
0.037565
0.037583
0.037601
0.037620
0.037638
0.037656
0.037675
0.037577
0.037785
0.037815
0.037834
0.037852
0.037870
0.037888
0.037905
0.037922
0.037940
0.037957
0.036489
0.036714
0.036736
0.036755
0.036773
0.036791
0.036809
0.036828
0.036845
0.036862
0.036880
0.035708
0.035932
0.035954
0.035973
0.035991
0.036009
0.036026
0.036044
0.036061
0.036079
0.036096
0.037140
0.037363
0.037385
0.037404
0.037422
0.037440
0.037458
0.037475
0.037493
0.037511
0.037528
0.033634
0.033860
0.033882
0.033909
0.033927
0.033945
0.033963
0.033981
0.033998
0.034016
0.034033
0.033252
0.033505
0.033527
0.033546
0.033563
0.033581
0.033598
0.033616
0.033633
0.033651
0.033669
0.063949
0.064167
0.064189
0.064208
0.064225
0.064243
0.064260
0.064278
0.064295
0.064312
0.064330
0.032572
0.032794
0.032825
0.032844
0.032862
0.032880
0.032897
0.032915
0.032933
0.032951
0.032970
0.033533
0.033746
0.033767
0.033785
0.033804
0.033821
0.033839
0.033856
0.033874
0.033891
0.033908
0.034808
0.035051
0.035073
0.035092
0.035110
0.035127
0.035146
0.035163
0.035181
0.035199
0.035217
0.036617
0.036824
0.036845
0.036873
0.036891
0.036908
0.036926
0.036943
0.036961
0.036978
0.036995
0.034788
0.035008
0.035029
0.035048
0.035066
0.035084
0.035102
0.035119
0.035137
0.035155
0.035173
0.036016
0.036247
0.036273
0.036292
0.036310
0.036328
0.036346
0.036363
0.036381
0.036399
0.036416
0.035029
0.035251
0.035273
0.035291
0.035309
0.035326
0.035344
0.035362
0.035380
0.035398
0.035416
0.034985
0.035198
0.035219
0.035246
0.035263
0.035281
0.035299
0.035316
0.035333
0.035350
0.035368
0.034235
0.034465
0.034486
0.034505
0.034523
0.034541
0.034559
0.034577
0.034595
0.034612
0.034630
0.065776
0.065994
0.066016
0.066035
0.066053
0.066071
0.066088
0.066107
0.066123
0.066141
0.066158
0.034538
0.034760
0.034782
0.034801
0.034819
0.034837
0.034855
0.034872
0.034890
0.034907
0.034925
0.033815
0.034045
0.034067
0.034087
0.034105
0.034123
0.034141
0.034159
0.034176
0.034194
0.034211
0.033653
0.033868
0.033890
0.033909
0.033927
0.033945
0.033963
0.033982
0.033999
0.034017
0.034034
0.033279
0.033498
0.033522
0.033541
0.033564
0.033582
0.033601
0.033618
0.033636
0.033654
0.033671
0.033764
0.033980
0.034003
0.034023
0.034041
0.034059
0.034077
0.034095
0.034112
0.034130
0.034148
0.030345
0.030585
0.030606
0.030625
0.030643
0.030661
0.030678
0.030696
0.030713
0.030731
0.030748
0.032165
0.032391
0.032413
0.032432
0.032450
0.032468
0.032486
0.032505
0.032522
0.032559
0.032578
0.031276
0.031522
0.031544
0.031563
0.031581
0.031599
0.031617
0.031634
0.031653
0.031671
0.031688
0.031542
0.031788
0.031811
0.031830
0.031847
0.031866
0.031883
0.031901
0.031918
0.031935
0.031952
0.059836
0.060047
0.060068
0.060095
0.060113
0.060130
0.060148
0.060165
0.060182
0.060212
0.060231
0.032627
0.032836
0.032873
0.032892
0.032910
0.032928
0.032945
0.032962
0.032980
0.032997
0.033014
0.033269
0.033488
0.033519
0.033538
0.033557
0.033574
0.033592
0.033610
0.033627
0.033645
0.033663
0.031259
0.031491
0.031522
0.031541
0.031559
0.031577
0.031595
0.031612
0.031629
0.031647
0.031664
0.032423
0.032645
0.032676
0.032694
0.032712
0.032730
0.032748
0.032765
0.032783
0.032800
0.032818
0.031287
0.031510
0.031541
0.031560
0.031578
0.031597
0.031615
0.031632
0.031649
0.031685
0.031705
0.032292
0.032534
0.032555
0.032582
0.032600
0.032618
0.032636
0.032654
0.032672
0.032690
0.032708
0.033774
0.033984
0.034016
0.034034
0.034053
0.034070
0.034088
0.034107
0.034124
0.034142
0.034160
0.033352
0.033569
0.033590
0.033609
0.033627
0.033644
0.033662
0.033680
0.033699
0.033716
0.033734
0.031510
0.031748
0.031770
0.031790
0.031811
0.031829
0.031847
0.031865
0.031883
0.031900
0.031918
0.060245
0.060470
0.060492
0.060510
0.060528
0.060546
0.060564
0.060582
0.060600
0.060618
0.060636
0.033018
0.033250
0.033273
0.033293
0.033311
0.033329
0.033347
0.033365
0.033383
0.033401
0.033418
0.031970
0.032189
0.032219
0.032237
0.032255
0.032273
0.032291
0.032308
0.032326
0.032343
0.032361
0.031602
0.031833
0.031855
0.031874
0.031892
0.031909
0.031928
0.031945
0.031962
0.031980
0.031997
0.033027
0.033250
0.033272
0.033291
0.033309
0.033327
0.033344
0.033362
0.033379
0.033397
0.033414
0.031743
0.031969
0.031990
0.032019
0.032037
0.032055
0.032073
0.032090
0.032109
0.032146
0.032165
0.031903
0.032137
0.032159
0.032178
0.032197
0.032214
0.032232
0.032249
0.032267
0.032284
0.032301
0.033157
0.033378
0.033409
0.033427
0.033445
0.033464
0.033482
0.033499
0.033516
0.033533
0.033551
0.031877
0.032108
0.032130
0.032149
0.032166
0.032184
0.032202
0.032220
0.032237
0.032254
0.032272
0.032499
0.032729
0.032751
0.032770
0.032788
0.032806
0.032824
0.032842
0.032859
0.032877
0.032894
0.060203
0.060439
0.060462
0.060480
0.060498
0.060516
0.060534
0.060552
0.060569
0.060586
0.060604
0.032022
0.032245
0.032267
0.032287
0.032305
0.032323
0.032340
0.032358
0.032375
0.032393
0.032410
0.033924
0.034131
0.034152
0.034179
0.034198
0.034215
0.034233
0.034251
0.034268
0.034286
0.034303
0.033113
0.033342
0.033363
0.033382
0.033400
0.033418
0.033435
0.033453
0.033470
0.033488
0.033506
0.031965
0.032214
0.032236
0.032255
0.032273
0.032290
0.032308
0.032325
0.032343
0.032360
0.032377
0.033152
0.033368
0.033390
0.033409
0.033427
0.033445
0.033463
0.033480
0.033498
0.033516
0.033534
0.032792
0.033014
0.033036
0.033055
0.033072
0.033090
0.033108
0.033125
0.033143
0.033160
0.033177
0.032401
0.032629
0.032651
0.032670
0.032689
0.032707
0.032725
0.032742
0.032760
0.032779
0.032797
0.033362
0.033581
0.033603
0.033622
0.033640
0.033658
0.033676
0.033693
0.033711
0.033728
0.033746
0.032677
0.032902
0.032924
0.032943
0.032961
0.032979
0.032996
0.033014
0.033032
0.033049
0.033067
0.060189
0.060410
0.060432
0.060451
0.060481
0.060500
0.060518
0.060535
0.060553
0.060570
0.060587
0.033175
0.033391
0.033413
0.033432
0.033450
0.033468
0.033488
0.033505
0.033523
0.033541
0.033559
0.033591
0.033822
0.033846
0.033865
0.033885
0.033903
0.033921
0.033940
0.033958
0.033976
0.033993
0.033285
0.033509
0.033530
0.033549
0.033567
0.033585
0.033603
0.033621
0.033639
0.033657
0.033674
0.032636
0.032867
0.032892
0.032911
0.032929
0.032946
0.032978
0.032997
0.033015
0.033032
0.033050
0.034230
0.034449
