1.657526
0.022453
0.022643
0.022660
0.022684
0.022699
0.022712
0.022726
0.022739
0.022752
0.022768
0.022782
0.020977
0.021182
0.021199
0.021213
0.021226
0.021240
0.021254
0.021267
0.021280
0.021293
0.021306
0.021739
0.021949
0.021969
0.021996
0.022013
0.022029
0.022045
0.022060
0.022077
0.022093
0.022109
0.022405
0.022607
0.022629
0.022647
0.022664
0.022680
0.022696
0.022712
0.022727
0.022742
0.022758
0.020717
0.020911
0.020941
0.020958
0.020973
0.020989
0.021004
0.021019
0.021035
0.021049
0.021064
0.021173
0.021373
0.021405
0.021422
0.021436
0.021450
0.021463
0.021477
0.021490
0.021502
0.021516
0.021552
0.021751
0.021771
0.021787
0.021802
0.021817
0.021834
0.021849
0.021865
0.021880
0.021895
0.021313
0.021502
0.021519
0.021545
0.021561
0.021576
0.021591
0.021605
0.021621
0.021636
0.021651
0.020513
0.020703
0.020733
0.020750
0.020767
0.020783
0.020799
0.020814
0.020829
0.020844
0.020859
0.044864
0.045078
0.045100
0.045118
0.045134
0.045149
0.045165
0.045184
0.045199
0.045215
0.045230
0.021395
0.021593
0.021623
0.021641
0.021656
0.021672
0.021688
0.021704
0.021721
0.021737
0.021753
0.021027
0.021237
0.021255
0.021269
0.021283
0.021298
0.021311
0.021325
0.021337
0.021350
0.021363
0.020688
0.020892
0.020909
0.020923
0.020936
0.020950
0.020963
0.020976
0.020989
0.021003
0.021016
0.020969
0.021174
0.021190
0.021204
0.021217
0.021233
0.021246
0.021259
0.021272
0.021285
0.021297
0.021694
0.021888
0.021905
0.021919
0.021933
0.021946
0.021960
0.021973
0.021986
0.021999
0.022012
0.020882
0.021072
0.021098
0.021112
0.021126
0.021139
0.021152
0.021165
0.021180
0.021193
0.021206
0.020912
0.021103
0.021120
0.021134
0.021148
0.021162
0.021175
0.021188
0.021201
0.021214
0.021226
0.021159
0.021371
0.021399
0.021430
0.021458
0.021483
0.021508
0.021531
0.021555
0.021580
0.021603
0.021750
0.021936
0.021962
0.021979
0.021993
0.022006
0.022020
0.022033
0.022046
0.022059
0.022072
0.045035
0.045238
0.045255
0.045269
0.045282
0.045305
0.045320
0.045333
0.045346
0.045359
0.045372
0.021248
0.021462
0.021486
0.021508
0.021533
0.021557
0.021581
0.021605
0.021629
0.021652
0.021680
0.021648
0.021871
0.021906
0.021932
0.021958
0.021984
0.022007
0.022032
0.022056
0.022080
0.022104
0.021771
0.021980
0.021998
0.022012
0.022026
0.022042
0.022059
0.022075
0.022091
0.022107
0.022122
0.020806
0.021024
0.021044
0.021060
0.021076
0.021093
0.021110
0.021126
0.021141
0.021157
0.021172
0.020903
0.021102
0.021135
0.021161
0.021185
0.021213
0.021237
0.021261
0.021285
0.021312
