296	453	141	137
298	450	141	137
300	454	142	138
303	458	143	139
306	463	145	141
309	467	146	142
312	472	147	143
315	476	149	145
318	481	150	146
321	485	152	147
324	489	153	149
327	494	154	150
349	421	135	131
353	418	134	130
358	415	133	129
362	413	133	129
367	410	132	128
372	407	132	128
376	405	131	127
381	402	131	127
386	400	130	126
390	397	130	126
395	394	129	125
375	408	130	126
379	405	129	125
382	403	128	124
385	402	128	124
388	400	128	124
391	398	127	123
395	397	127	123
398	395	126	122
401	393	126	122
404	392	125	121
407	390	125	121
449	400	127	124
452	398	126	123
457	397	126	123
462	396	125	122
468	395	125	122
473	394	125	122
478	393	124	122
483	392	124	121
489	390	124	121
494	389	123	121
499	388	123	120
501	408	125	121
506	406	124	120
511	407	124	120
516	407	124	120
521	407	123	119
526	407	123	119
531	407	123	119
536	407	123	119
541	407	122	118
546	407	122	118
551	407	122	118
523	414	127	124
528	414	126	123
531	414	126	123
534	414	126	123
537	415	126	123
540	415	126	123
543	416	126	124
547	416	126	124
550	417	126	124
553	417	126	124
556	417	126	124
552	410	130	126
555	410	130	126
557	410	130	126
560	410	130	126
563	410	130	126
566	410	130	126
568	410	130	126
571	410	131	126
574	410	131	127
577	410	131	127
579	410	131	127
608	418	125	121
610	417	125	121
614	418	124	120
619	418	124	120
623	419	124	120
627	419	124	120
631	419	124	120
635	420	124	119
639	420	123	119
643	421	123	119
648	421	123	119
636	413	125	121
640	413	124	120
643	413	124	120
646	413	124	120
649	413	124	120
653	413	124	120
656	412	124	120
659	412	124	120
662	412	124	120
666	412	124	119
669	412	123	119
685	402	125	121
688	401	124	120
692	401	124	120
696	400	124	120
700	399	124	120
703	399	124	120
707	398	124	120
711	397	124	120
715	397	124	120
719	396	124	120
723	395	124	120
754	392	120	116
757	391	119	115
763	390	119	115
768	389	119	115
774	388	119	115
779	387	118	114
784	387	118	114
790	386	118	114
795	385	117	113
801	384	117	113
806	383	117	113
782	391	125	121
787	390	124	120
791	389	124	120
794	389	125	121
798	388	125	121
802	388	125	121
806	388	125	121
809	387	125	121
813	387	125	121
817	386	125	121
821	386	126	122
822	388	127	124
825	387	127	124
829	387	127	124
832	387	127	124
836	386	127	124
840	386	127	125
843	386	128	125
847	385	128	125
850	385	128	125
854	385	128	126
857	384	128	126
872	391	125	121
875	390	125	121
879	390	125	121
883	390	125	121
888	390	125	121
892	390	125	120
896	390	125	120
900	391	124	120
904	391	124	120
908	391	124	120
913	391	124	120
872	389	125	121
876	389	124	120
877	388	124	120
879	388	124	120
881	388	124	120
882	388	124	120
884	388	124	120
886	388	124	120
887	388	124	120
889	388	124	120
891	388	124	120
814	377	127	124
815	376	126	123
812	376	127	124
810	375	127	124
807	374	127	124
804	374	127	124
802	373	127	124
799	372	127	124
796	372	127	125
793	371	127	125
791	370	127	125
767	359	127	124
764	358	127	124
760	356	127	124
756	355	127	124
752	354	127	124
748	353	127	124
744	351	127	124
740	350	127	124
736	349	127	124
733	347	127	124
729	346	127	124
739	339	127	124
735	337	127	124
731	336	127	124
728	334	127	124
725	332	127	124
722	331	127	124
719	329	127	124
716	327	127	124
713	326	127	124
709	324	127	124
706	322	127	124
557	334	132	129
553	332	132	129
542	331	132	129
531	330	132	129
520	329	132	129
508	328	133	130
497	327	133	130
486	326	133	130
474	325	133	131
463	324	134	131
452	323	134	131
409	344	132	129
397	343	132	129
384	343	132	129
371	343	132	129
358	343	132	129
345	343	132	129
332	344	132	129
319	344	133	130
306	344	133	130
293	344	133	130
280	345	133	130
313	340	130	126
299	340	130	126
289	340	130	126
278	340	129	125
268	340	129	125
257	339	129	125
247	339	129	125
236	339	129	125
226	339	129	125
215	339	129	125
205	339	129	124
159	325	135	131
148	324	134	130
136	324	135	131
123	323	135	131
111	322	135	131
98	321	135	131
85	320	136	131
73	319	136	132
60	318	136	132
48	317	136	132
35	317	137	132
39	314	130	126
26	313	130	126
14	312	130	126
3	311	129	125
-8	310	129	125
-20	309	129	125
-31	308	129	125
-43	307	129	125
-54	306	129	124
-66	305	128	124
-78	304	128	124
-3	304	135	131
-14	303	134	130
-21	302	135	131
-28	301	135	131
-35	300	135	131
-41	299	135	131
-48	298	135	131
-55	297	135	131
-62	296	136	132
-69	295	136	132
-76	294	136	132
-36	303	138	134
-42	302	138	134
-47	301	138	134
-51	301	138	134
-55	300	138	134
-59	300	139	135
-63	299	139	135
-68	299	139	135
-72	299	140	136
-76	298	140	136
-80	298	140	136
29	308	132	129
24	307	132	129
26	307	132	129
28	307	131	128
31	307	131	128
33	308	131	128
35	308	131	128
37	308	130	128
39	308	130	128
41	308	130	127
43	308	130	127
64	317	127	124
66	317	126	123
69	317	126	123
72	318	125	123
75	318	125	122
78	319	125	122
81	320	124	121
84	320	124	121
87	321	124	121
91	321	123	120
94	322	123	120
91	359	122	119
94	359	121	118
96	362	121	118
99	364	120	117
102	367	120	117
105	369	119	116
107	372	119	116
110	375	118	116
113	377	118	115
116	380	118	115
119	382	117	114
103	357	120	116
105	359	119	115
107	360	119	115
109	361	118	114
110	362	118	114
112	363	118	114
114	364	118	113
116	365	117	113
117	366	117	113
119	367	117	112
121	368	116	112
137	355	120	116
138	356	119	115
141	356	119	115
143	356	119	115
146	356	119	115
148	356	119	115
151	356	119	115
153	357	119	114
156	357	118	114
158	357	118	114
161	357	118	114
186	352	115	112
188	352	114	111
192	352	114	111
195	351	114	111
199	351	113	111
203	351	113	110
207	351	113	110
210	351	113	110
214	351	112	110
218	351	112	109
222	350	112	109
242	361	113	110
245	360	112	109
250	361	112	109
254	361	112	109
259	362	111	109
264	362	111	108
268	362	111	108
273	363	111	108
278	363	110	108
282	364	110	107
287	364	110	107
232	351	108	105
236	351	107	104
237	351	107	104
239	350	107	104
240	350	106	103
241	350	106	103
243	349	105	102
