1.713048
0.026555
0.026782
0.026800
0.026814
0.026829
0.026842
0.026856
0.026870
0.026884
0.026897
0.026910
0.023538
0.023754
0.023772
0.023786
0.023799
0.023813
0.023827
0.023840
0.023853
0.023866
0.023880
0.027288
0.027485
0.027502
0.027517
0.027530
0.027544
0.027557
0.027576
0.027590
0.027603
0.027617
0.027642
0.027841
0.027858
0.027873
0.027886
0.027900
0.027912
0.027926
0.027939
0.027951
0.027964
0.041053
0.041288
0.041313
0.041343
0.041363
0.041383
0.041404
0.041425
0.041445
0.041465
0.041484
0.036044
0.036245
0.036263
0.036286
0.036313
0.036333
0.036347
0.036360
0.036373
0.036386
0.036399
0.029788
0.029986
0.030004
0.030018
0.030031
0.030045
0.030060
0.030076
0.030092
0.030107
0.030122
0.023885
0.024099
0.024119
0.024135
0.024152
0.024167
0.024183
0.024198
0.024214
0.024229
0.024245
0.025320
0.025541
0.025560
0.025577
0.025593
0.025609
0.025625
0.025640
0.025656
0.025671
0.025688
0.056882
0.057108
0.057139
0.057157
0.057175
0.057194
0.057212
0.057232
0.057249
0.057266
0.057284
0.031765
0.031981
0.032001
0.032028
0.032047
0.032064
0.032082
0.032099
0.032118
0.032135
0.032153
0.033119
0.033326
0.033347
0.033374
0.033392
0.033412
0.033429
0.033447
0.033464
0.033482
0.033499
0.031257
0.031479
0.031500
0.031519
0.031536
0.031554
0.031572
0.031590
0.031608
0.031625
0.031643
0.031670
0.031896
0.031916
0.031944
0.031961
0.031982
0.032000
0.032017
0.032034
0.032052
0.032069
0.024071
0.024276
0.024293
0.024307
0.024321
0.024334
0.024348
0.024360
0.024373
0.024385
0.024398
0.023357
0.023579
0.023597
0.023610
0.023623
0.023637
0.023650
0.023663
0.023700
0.023730
0.023756
0.023117
0.023324
0.023352
0.023380
0.023407
0.023433
0.023458
0.023482
0.023505
0.023529
0.023553
0.023320
0.023529
0.023558
0.023585
0.023610
0.023635
0.023659
