1.891251
0.038583
0.038867
0.038885
0.038899
0.038915
0.038930
0.038944
0.038958
0.038977
0.038994
0.039011
0.025059
0.025306
0.025324
0.025340
0.025366
0.025382
0.025398
0.025414
0.025429
0.025445
0.025462
0.024420
0.024660
0.024680
0.024697
0.024713
0.024728
0.024743
0.024760
0.024775
0.024791
0.024806
0.024783
0.025016
0.025033
0.025050
0.025068
0.025084
0.025100
0.025116
0.025132
0.025147
0.025163
0.023535
0.023756
0.023773
0.023788
0.023801
0.023815
0.023828
0.023841
0.023855
0.023868
0.023882
0.023047
0.023266
0.023293
0.023308
0.023321
0.023334
0.023347
0.023360
0.023372
0.023385
0.023398
0.022241
0.022506
0.022531
0.022560
0.022581
0.022600
0.022622
0.022641
0.022660
0.022679
0.022699
0.022690
0.022914
0.022932
0.022945
0.022958
0.022972
0.022984
0.022997
0.023010
0.023024
0.023036
0.024866
0.025097
0.025114
0.025128
0.025141
0.025155
0.025169
0.025182
0.025195
0.025208
0.025221
0.051218
0.051443
0.051460
0.051474
0.051488
0.051501
0.051514
0.051529
0.051542
0.051555
0.051568
0.023594
0.023817
0.023834
0.023848
0.023862
0.023875
0.023889
0.023901
0.023915
0.023928
0.023941
0.025031
0.025267
0.025296
0.025322
0.025348
0.025376
0.025401
0.025424
0.025445
0.025464
0.025483
0.022992
0.023217
0.023242
0.023265
0.023289
0.023314
0.023338
0.023362
0.023385
0.023408
0.023432
0.023484
0.023720
0.023751
0.023778
0.023805
0.023831
0.023855
0.023879
0.023903
0.023928
0.023951
0.024695
0.024929
0.024958
0.024987
0.025012
0.025038
0.025061
0.025085
0.025109
0.025133
0.025157
0.022202
0.022423
0.022461
0.022486
0.022509
0.022534
0.022558
0.022582
0.022608
0.022633
0.022657
0.023414
0.023652
0.023682
0.023711
0.023736
0.023761
0.023786
0.023809
0.023833
0.023857
0.023880
0.022379
0.022606
0.022625
0.022642
0.022657
0.022674
0.022690
0.022706
0.022722
0.022737
0.022752
0.024501
0.024725
0.024745
0.024763
0.024780
0.024796
0.024812
0.024828
0.024843
0.024859
0.024874
0.050066
0.050294
0.050314
0.050331
0.050348
0.050365
0.050381
0.050396
0.050411
0.050426
0.050442
0.027020
0.027248
0.027268
0.027285
0.027301
0.027317
0.027333
0.027348
0.027363
0.027379
0.027395
0.022663
0.022889
0.022913
0.022930
0.022947
0.022963
0.022979
0.022994
0.023010
0.023025
0.023040
0.022434
0.022657
0.022676
0.022693
0.022710
0.022727
0.022743
0.022759
0.022775
0.022790
0.022805
0.022401
0.022623
0.022642
0.022659
0.022675
0.022690
0.022706
0.022722
0.022737
0.022753
0.022768
0.022512
0.022738
0.022757
0.022774
0.022789
0.022808
0.022823
0.022840
0.022856
0.022871
0.022888
0.025516
0.025739
0.025758
0.025774
0.025790
0.025806
0.025821
0.025836
0.025851
0.025866
0.025881
0.023175
0.023402
0.023421
0.023438
0.023454
0.023470
0.023486
0.023502
0.023518
0.023533
0.023549
0.024976
0.025208
0.025228
0.025244
0.025260
0.025276
0.025293
0.025308
0.025324
0.025339
0.025354
0.026170
0.026402
0.026423
0.026441
0.026456
0.026472
0.026488
0.026503
0.026519
0.026535
0.026550
0.052423
0.052645
0.052663
0.052677
0.052690
0.052703
0.052716
0.052729
0.052742
0.052755
0.052768
0.023861
0.024137
0.024166
0.024187
0.024219
0.024242
0.024262
0.024276
0.024290
0.024303
0.024316
0.022464
0.022693
0.022710
0.022724
0.022738
0.022751
0.022764
0.022777
0.022790
0.022803
0.022816
0.022541
0.022757
0.022787
0.022801
0.022815
0.022828
0.022842
0.022855
0.022869
0.022882
0.022895
0.023599
0.023813
0.023829
0.023843
0.023866
0.023879
0.023892
0.023905
0.023918
0.023931
0.023944
0.023310
0.023538
0.023555
0.023569
0.023583
0.023596
0.023609
0.023623
0.023636
0.023649
0.023662
0.023164
