1.935520
0.035079
0.035418
0.035456
0.035479
0.035497
0.035511
0.035526
0.035540
0.035557
0.035571
0.035585
0.032655
0.032902
0.032922
0.032937
0.032951
0.032966
0.032979
0.032993
0.033007
0.033021
0.033035
0.030650
0.030915
0.030937
0.030966
0.030985
0.031004
0.031022
0.031040
0.031058
0.031077
0.031096
0.025948
0.026177
0.026195
0.026209
0.026222
0.026235
0.026249
0.026262
0.026275
0.026288
0.026301
0.023451
0.023676
0.023694
0.023708
0.023721
0.023735
0.023748
0.023761
0.023775
0.023788
0.023801
0.023157
0.023373
0.023390
0.023406
0.023420
0.023433
0.023446
0.023459
0.023472
0.023484
0.023498
0.023190
0.023405
0.023432
0.023446
0.023459
0.023472
0.023487
0.023500
0.023513
0.023526
0.023538
0.023232
0.023462
0.023479
0.023493
0.023507
0.023520
0.023533
0.023546
0.023559
0.023572
0.023584
0.023210
0.023433
0.023450
0.023463
0.023477
0.023490
0.023503
0.023516
0.023529
0.023542
0.023555
0.050436
0.050659
0.050676
0.050690
0.050703
0.050717
0.050733
0.050748
0.050764
0.050793
0.050809
0.023321
0.023542
0.023560
0.023573
0.023587
0.023600
0.023614
0.023632
0.023663
0.023681
0.023695
0.023101
0.023314
0.023341
0.023354
0.023368
0.023383
0.023396
0.023409
0.023422
0.023434
0.023447
0.023438
0.023667
0.023696
0.023722
0.023745
0.023771
0.023800
0.023825
0.023849
0.023873
0.023897
0.024012
0.024230
0.024246
0.024260
0.024273
0.024289
0.024302
0.024315
0.024328
0.024340
0.024353
0.023691
0.023916
0.023934
0.023949
0.023963
0.023977
0.023990
0.024003
0.024016
0.024029
0.024042
0.023728
0.023951
0.023968
0.023982
0.023995
0.024009
0.024022
0.024035
0.024050
0.024063
0.024082
0.025042
0.025277
0.025295
0.025309
0.025322
0.025335
0.025348
0.025361
0.025374
0.025387
0.025400
0.023286
0.023506
0.023523
0.023536
0.023550
0.023563
0.023576
0.023589
0.023602
0.023614
0.023628
0.023129
0.023340
0.023366
0.023383
0.023396
0.023409
0.023422
0.023436
0.023449
0.023462
0.023475
0.052076
0.052301
0.052318
0.052332
0.052346
0.052359
0.052372
0.052385
0.052399
0.052412
0.052425
0.023287
0.023510
0.023526
0.023540
0.023554
0.023566
0.023580
0.023592
0.023606
0.023618
0.023631
0.022911
0.023133
0.023153
0.023166
0.023180
0.023193
0.023207
0.023220
0.023233
0.023246
0.023259
0.022708
0.022917
0.022943
0.022957
0.022970
0.022984
0.022996
0.023010
0.023027
0.023041
0.023054
0.022465
0.022689
0.022706
0.022721
0.022734
0.022748
0.022761
0.022774
0.022788
0.022801
0.022814
0.023080
0.023302
0.023319
0.023334
0.023347
0.023363
0.023376
0.023389
0.023402
0.023415
0.023428
0.023908
0.024131
0.024148
0.024163
0.024177
0.024190
0.024203
0.024221
0.024234
0.024247
0.024264
0.023292
0.023502
0.023531
0.023548
0.023564
0.023580
0.023595
0.023611
0.023626
0.023642
0.023659
0.023103
0.023323
