1.475238
0.046664
0.046880
0.046902
0.046920
0.046937
0.046954
0.046981
0.046998
0.047016
0.047034
0.047052
0.033371
0.033601
0.033622
0.033640
0.033659
0.033677
0.033695
0.033713
0.033730
0.033748
0.033766
0.032014
0.032228
0.032259
0.032278
0.032296
0.032314
0.032332
0.032349
0.032367
0.032385
0.032403
0.030614
0.030846
0.030867
0.030897
0.030916
0.030934
0.030952
0.030969
0.030987
0.031005
0.031022
0.031024
0.031253
0.031284
0.031302
0.031320
0.031338
0.031356
0.031374
0.031391
0.031408
0.031425
0.031843
0.032067
0.032091
0.032111
0.032129
0.032147
0.032165
0.032182
0.032200
0.032218
0.032236
0.030623
0.030845
0.030875
0.030894
0.030911
0.030928
0.030949
0.030966
0.030983
0.031000
0.031018
0.032444
0.032670
0.032691
0.032718
0.032735
0.032754
0.032772
0.032790
0.032807
0.032825
0.032842
0.031410
0.031631
0.031653
0.031671
0.031689
0.031706
0.031724
0.031741
0.031759
0.031777
0.031794
0.058279
0.058514
0.058537
0.058556
0.058573
0.058592
0.058609
0.058629
0.058646
0.058663
0.058681
0.035312
0.035534
0.035564
0.035582
0.035600
0.035617
0.035635
0.035652
0.035670
0.035688
0.035705
0.034405
0.034627
0.034650
0.034668
0.034686
0.034707
0.034724
0.034741
0.034758
0.034776
0.034793
0.034455
0.034678
0.034699
0.034726
0.034744
0.034761
0.034778
0.034795
0.034812
0.034830
0.034847
0.034859
0.035079
0.035101
0.035119
0.035137
0.035159
0.035176
0.035193
0.035210
0.035228
0.035245
0.037160
0.037363
0.037392
0.037410
0.037428
0.037445
0.037462
0.037480
0.037498
0.037515
0.037533
0.036513
0.036728
0.036749
0.036767
0.036785
0.036803
0.036820
0.036838
0.036858
0.036875
0.036892
0.039668
0.039881
0.039912
0.039930
0.039947
0.039966
0.039984
0.040002
0.040019
0.040037
0.040054
0.037615
0.037845
0.037867
0.037885
0.037903
0.037920
0.037938
0.037956
0.037973
0.037990
0.038007
0.035097
0.035326
0.035346
0.035379
0.035398
0.035417
0.035434
0.035452
0.035469
0.035487
0.035504
0.062688
0.062907
0.062927
0.062955
0.062973
0.062990
0.063007
0.063025
0.063043
0.063060
0.063077
0.038625
0.038844
0.038867
0.038886
0.038904
0.038921
0.038939
0.038956
0.038973
0.038991
0.039008
0.036089
0.036301
0.036326
0.036353
0.036370
0.036387
0.036405
0.036422
0.036440
0.036457
0.036475
0.036985
0.037230
0.037252
0.037270
0.037288
0.037306
0.037324
0.037341
0.037359
0.037376
0.037394
0.034914
0.035130
0.035159
0.035178
0.035196
0.035214
0.035231
0.035249
0.035268
0.035286
0.035303
0.036290
0.036515
0.036536
0.036555
0.036573
0.036594
0.036612
0.036629
0.036646
0.036664
0.036681
0.035432
0.035674
0.035696
0.035715
0.035733
0.035751
0.035769
0.035786
0.035804
0.035821
0.035839
0.037140
0.037348
0.037379
0.037398
0.037416
0.037433
0.037451
0.037468
0.037485
0.037503
0.037520
0.036410
0.036633
0.036655
0.036674
0.036692
0.036710
0.036727
0.036744
0.036764
0.036782
0.036799
0.035306
0.035528
0.035559
0.035577
0.035595
0.035613
0.035631
0.035648
0.035666
0.035684
0.035702
0.063327
0.063555
0.063578
0.063598
0.063617
0.063634
0.063653
0.063671
0.063689
0.063707
0.063725
0.037083
0.037302
0.037332
0.037350
0.037368
0.037385
0.037403
0.037421
0.037440
0.037457
0.037475
0.038254
0.038457
0.038478
0.038505
0.038523
0.038541
0.038558
0.038575
0.038592
0.038609
0.038626
0.038866
0.039086
0.039111
0.039129
0.039147
0.039164
0.039182
0.039200
0.039218
0.039236
0.039253
0.036854
0.037070
0.037091
0.037110
0.037128
0.037145
0.037163
0.037181
0.037198
0.037215
0.037232
0.036636
0.036853
0.036884
0.036902
0.036921
0.036938
0.036957
0.036974
0.036992
0.037010
0.037027
0.034966
0.035202
0.035223
0.035242
0.035260
0.035278
0.035295
0.035313
0.035330
0.035347
0.035368
0.034515
0.034744
0.034767
0.034785
0.034803
0.034822
0.034839
0.034857
0.034874
0.034897
0.034914
0.036956
0.037169
0.037199
0.037218
0.037237
0.037255
0.037272
0.037291
0.037309
0.037327
0.037344
0.035461
0.035684
0.035706
0.035725
0.035743
0.035762
0.035779
0.035797
0.035815
0.035832
0.035849
0.070049
0.070295
0.070324
0.070343
0.070361
0.070379
0.070397
0.070414
0.070432
0.070449
0.070467
0.037599
0.037825
0.037847
0.037866
0.037885
0.037903
0.037920
0.037938
0.037955
0.037973
0.037991
0.038671
0.038879
0.038911
0.038930
0.038949
0.038966
0.038984
0.039001
0.039019
0.039036
0.039053
0.039599
0.039820
0.039842
0.039860
0.039878
0.039896
0.039914
0.039931
0.039948
0.039966
0.039984
0.035196
0.035423
0.035455
0.035475
0.035493
0.035511
0.035528
0.035546
0.035563
0.035580
0.035598
0.036276
0.036512
0.036546
0.036569
0.036591
0.036612
0.036634
0.036656
0.036677
0.036698
0.036719
0.039530
0.039754
0.039775
0.039794
0.039812
0.039829
0.039846
0.039863
0.039881
0.039898
0.039915
0.038888
0.039106
0.039128
