1.790242
0.038319
0.038592
0.038611
0.038626
0.038641
0.038656
0.038680
0.038704
0.038721
0.038738
0.038755
0.029260
0.029500
0.029516
0.029529
0.029542
0.029560
0.029574
0.029588
0.029602
0.029615
0.029629
0.028328
0.028563
0.028582
0.028598
0.028612
0.028626
0.028639
0.028653
0.028667
0.028681
0.028694
0.028541
0.028781
0.028811
0.028837
0.028863
0.028890
0.028915
0.028941
0.028966
0.028999
0.029023
0.027952
0.028186
0.028215
0.028241
0.028267
0.028292
0.028316
0.028340
0.028364
0.028387
0.028410
0.026522
0.026740
0.026778
0.026804
0.026829
0.026853
0.026877
0.026901
0.026925
0.026947
0.026968
0.026655
0.026905
0.026930
0.026951
0.026981
0.027004
0.027029
0.027050
0.027071
0.027091
0.027112
0.024563
0.024782
0.024801
0.024815
0.024828
0.024842
0.024855
0.024869
0.024882
0.024895
0.024908
0.022938
0.023154
0.023173
0.023187
0.023201
0.023214
0.023228
0.023241
0.023255
0.023268
0.023281
0.047813
0.048032
0.048049
0.048064
0.048078
0.048091
0.048105
0.048119
0.048132
0.048146
0.048159
0.024083
0.024500
0.024533
0.024620
0.024636
0.024650
0.024663
0.024677
0.024690
0.024703
0.024717
0.022889
0.023094
0.023120
0.023134
0.023147
0.023163
0.023176
0.023189
0.023203
0.023216
0.023229
0.022814
0.023033
0.023051
0.023065
0.023079
0.023092
0.023105
0.023118
0.023131
0.023144
0.023158
0.024986
0.025216
0.025234
0.025249
0.025263
0.025279
0.025293
0.025307
0.025320
0.025333
0.025346
0.023965
0.024186
0.024204
0.024218
0.024232
0.024245
0.024259
0.024272
0.024285
0.024299
0.024312
0.023669
0.023885
0.023903
0.023917
0.023931
0.023945
0.023958
0.023971
0.023988
0.024002
0.024015
0.023761
0.023977
0.023995
0.024009
0.024026
0.024043
0.024058
0.024074
0.024091
0.024108
0.024123
0.023823
0.024045
0.024064
0.024081
0.024097
0.024112
0.024129
0.024144
0.024160
0.024175
0.024191
0.023936
0.024157
0.024176
0.024195
0.024212
0.024227
0.024243
0.024258
0.024274
0.024289
0.024305
0.049097
0.049313
0.049342
0.049359
0.049375
0.049391
0.049407
0.049423
0.049438
0.049453
0.049469
0.023883
0.024112
0.024133
0.024150
0.024165
0.024182
0.024198
0.024215
0.024231
0.024246
0.024262
0.023082
0.023309
0.023330
0.023346
0.023362
0.023378
0.023393
0.023408
0.023422
0.023438
0.023452
0.022792
0.023007
0.023036
0.023052
0.023068
0.023086
0.023102
0.023117
0.023133
0.023149
0.023165
0.025337
0.025580
0.025601
0.025617
0.025634
0.025650
0.025666
0.025682
0.025697
0.025713
0.025729
0.026752
0.026980
0.027000
0.027017
0.027033
0.027052
0.027068
0.027084
0.027099
0.027115
0.027131
0.027177
0.027403
0.027423
0.027439
0.027455
0.027471
0.027486
0.027503
0.027518
0.027534
0.027549
0.027067
0.027292
0.027310
0.027324
0.027338
0.027352
0.027365
0.027379
0.027392
0.027405
0.027419
0.026482
0.026708
0.026725
0.026739
0.026753
0.026766
0.026779
0.026793
0.026806
0.026820
0.026833
0.026386
0.026601
0.026629
0.026644
0.026657
0.026670
0.026684
0.026697
0.026710
0.026723
0.026736
0.051035
0.051255
0.051273
0.051288
0.051301
0.051315
0.051329
0.051342
0.051356
0.051369
0.051382
0.026837
0.027060
0.027078
0.027092
0.027106
0.027119
0.027133
0.027146
0.027160
0.027173
0.027186
0.026194
0.026422
0.026439
0.026454
0.026468
0.026482
0.026495
0.026509
0.026522
0.026535
0.026548
0.026503
0.026726
0.026748
0.026763
0.026777
0.026790
0.026804
0.026817
0.026831
0.026844
0.026857
0.026116
0.026342
0.026360
0.026375
0.026389
0.026402
0.026421
0.026435
0.026449
0.026462
0.026475
0.026088
0.026314
0.026332
0.026347
0.026361
0.026375
0.026387
0.026401
0.026414
0.026427
0.026440
0.025621
0.025845
0.025864
0.025878
0.025892
0.025905
0.025918
0.025932
0.025945
0.025958
0.025971
0.025846
0.026068
0.026087
0.026102
0.026115
0.026129
0.026147
0.026161
0.026174
0.026190
0.026203
0.025363
0.025771
0.025790
0.025805
0.025818
0.025832
0.025845
0.025858
0.025872
0.025885
0.025898
0.025244
0.025478
0.025496
0.025510
0.025534
0.025548
0.025561
0.025575
0.025588
0.025601
0.025614
0.050722
0.050944
0.050963
0.050977
0.050991
0.051005
0.051018
0.051031
0.051045
0.051057
0.051070
0.025641
0.025857
0.025875
0.025890
0.025904
0.025918
0.025931
0.025944
0.025958
0.025971
0.025985
0.025894
0.026105
0.026132
0.026147
0.026161
0.026175
0.026188
0.026202
0.026215
0.026228
0.026241
0.025917
0.026137
0.026154
0.026168
0.026182
0.026196
0.026209
0.026222
0.026236
0.026249
0.026263
0.027285
0.027515
0.027533
0.027547
0.027561
0.027574
0.027588
0.027601
0.027614
0.027628
0.027641
0.027934
0.028158
0.028176
0.028191
0.028204
0.028218
0.028231
0.028244
0.028257
0.028271
0.028285
0.026952
0.027179
0.027198
0.027212
0.027226
0.027240
0.027253
0.027267
0.027280
0.027293
0.027310
0.026762
0.026987
0.027009
0.027026
0.027044
0.027059
0.027076
0.027092
0.027107
0.027123
0.027138
0.027178
0.027406
0.027427
0.027445
0.027462
0.027479
0.027494
0.027510
0.027526
0.027544
0.027561
0.027817
0.028031
0.028060
0.028077
0.028093
0.028110
0.028127
0.028144
0.028161
0.028176
0.028192
0.055434
0.055653
0.055671
0.055686
0.055700
0.055713
0.055727
0.055740
0.055753
0.055767
0.055780
0.028092
0.028320
0.028337
0.028352
0.028366
0.028380
0.028394
0.028407
0.028420
0.028434
0.028447
0.025646
0.025872
0.025889
0.025903
0.025917
0.025931
0.025944
0.025958
0.025971
0.025984
0.025997
0.024490
0.024711
0.024729
0.024743
0.024757
0.024771
0.024785
0.024798
0.024812
0.024825
0.024838
0.024488
