1.082754
0.027817
0.028037
0.028055
0.028069
0.028092
0.028106
0.028121
0.028134
0.028148
0.028162
0.028176
0.035180
0.035428
0.035458
0.035478
0.035496
0.035514
0.035533
0.035551
0.035568
0.035587
0.035605
0.034834
0.035090
0.035121
0.035140
0.035159
0.035177
0.035195
0.035213
0.035231
0.035252
0.035269
0.034971
0.035219
0.035239
0.035264
0.035283
0.035301
0.035319
0.035337
0.035355
0.035373
0.035392
0.035320
0.035570
0.035589
0.035616
0.035635
0.035653
0.035671
0.035689
0.035707
0.035724
0.035742
0.028610
0.028826
0.028852
0.028868
0.028882
0.028895
0.028909
0.028923
0.028936
0.028949
0.028962
0.026795
0.027016
0.027034
0.027049
0.027063
0.027076
0.027092
0.027106
0.027119
0.027132
0.027145
0.027046
0.027272
0.027290
0.027304
0.027318
0.027331
0.027345
0.027358
0.027371
0.027385
0.027398
0.027150
0.027383
0.027404
0.027421
0.027438
0.027453
0.027469
0.027485
0.027500
0.027515
0.027530
0.052295
0.052521
0.052542
0.052560
0.052576
0.052591
0.052607
0.052625
0.052641
0.052657
0.052674
0.026905
0.027131
0.027150
0.027167
0.027184
0.027201
0.027216
0.027231
0.027247
0.027263
0.027278
0.027136
0.027371
0.027391
0.027407
0.027424
0.027443
0.027460
0.027476
0.027492
0.027507
0.027522
0.027040
0.027260
0.027288
0.027305
0.027320
0.027335
0.027353
0.027385
0.027402
0.027416
0.027429
0.025653
0.025860
0.025887
0.025901
0.025915
0.025930
0.025943
0.025956
0.025969
0.025982
0.025996
0.027868
0.028089
0.028106
0.028121
0.028135
0.028148
0.028162
0.028176
0.028189
0.028202
0.028216
0.026955
0.027176
0.027194
0.027208
0.027221
0.027235
0.027248
0.027261
0.027277
0.027291
0.027304
0.027013
0.027220
0.027247
0.027261
0.027275
0.027289
0.027302
0.027316
0.027330
0.027343
0.027356
0.026337
0.026546
0.026572
0.026586
0.026600
0.026613
0.026627
0.026640
0.026653
0.026666
0.026679
0.026388
0.026608
0.026626
0.026642
0.026656
0.026670
0.026684
0.026697
0.026711
0.026723
0.026736
0.052279
0.052503
0.052520
0.052535
0.052548
0.052562
0.052576
0.052589
0.052602
0.052615
0.052629
0.026170
0.026393
0.026419
0.026435
0.026449
0.026463
0.026477
0.026492
0.026505
0.026519
0.026532
0.026350
0.026559
0.026578
0.026591
0.026614
0.026628
0.026641
0.026654
0.026671
0.026688
0.026704
0.024880
0.025103
0.025123
0.025140
0.025155
0.025171
0.025186
0.025202
0.025218
0.025233
0.025248
0.023106
0.023331
0.023350
0.023367
0.023382
0.023398
0.023413
0.023430
0.023445
0.023461
0.023479
0.024962
0.025186
0.025206
0.025223
0.025240
0.025259
0.025274
0.025290
0.025306
0.025321
0.025337
0.024958
0.025185
0.025204
0.025220
0.025235
0.025250
0.025266
0.025281
0.025298
0.025313
0.025329
0.026675
0.026889
0.026917
0.026934
0.026950
0.026966
0.026982
0.026998
0.027013
0.027029
0.027045
0.025811
0.026025
0.026054
0.026071
0.026088
0.026103
0.026120
0.026137
0.026153
0.026168
0.026184
0.025538
0.025770
0.025790
0.025807
0.025824
0.025840
0.025856
0.025874
0.025889
0.025905
0.025921
0.048690
0.048912
0.048932
0.048949
0.048965
0.048981
0.048998
0.049014
0.049029
0.049044
0.049059
0.024282
0.024502
0.024520
0.024534
0.024549
0.024562
0.024576
0.024589
0.024603
0.024616
0.024629
0.024763
0.024982
0.024999
0.025013
0.025027
0.025041
0.025054
0.025068
0.025081
0.025095
0.025108
0.024682
0.024907
0.024928
0.024942
0.024956
0.024969
0.024982
0.024996
0.025009
0.025022
0.025035
0.025585
0.025806
0.025823
0.025838
0.025852
0.025866
0.025880
0.025893
0.025907
0.025920
0.025933
0.024699
0.024920
0.024938
0.024953
0.024968
0.024981
0.024995
0.025009
0.025022
0.025035
0.025048
0.023613
0.023839
0.023860
0.023876
0.023894
0.023910
0.023926
0.023942
0.023959
0.023974
0.023989
0.025917
0.026143
0.026162
0.026179
0.026194
0.026210
0.026225
0.026242
0.026258
0.026277
0.026292
0.024809
0.025022
0.025051
0.025067
0.025083
0.025099
0.025114
0.025130
0.025146
0.025161
0.025177
0.024802
0.025027
0.025045
0.025059
0.025073
0.025086
0.025100
0.025113
0.025126
0.025139
0.025153
0.056180
0.056407
0.056426
0.056440
0.056454
0.056468
0.056481
0.056494
0.056507
0.056520
0.056534
0.025070
0.025293
0.025310
0.025325
0.025339
0.025352
0.025366
0.025380
0.025393
0.025406
0.025420
0.023746
0.023965
0.023982
0.023997
0.024011
0.024025
0.024043
0.024057
0.024071
0.024084
0.024097
0.022779
0.022997
0.023014
0.023029
0.023042
0.023055
0.023069
0.023082
0.023095
0.023109
0.023123
0.024016
0.024241
0.024259
0.024273
0.024287
0.024301
0.024314
0.024328
0.024341
0.024354
0.024367
0.024818
0.025037
0.025054
0.025068
0.025082
0.025095
0.025108
0.025122
