1.782577
0.035018
0.035290
0.035308
0.035334
0.035350
0.035365
0.035380
0.035395
0.035409
0.035423
0.035438
0.031976
0.032259
0.032297
0.032315
0.032332
0.032352
0.032370
0.032388
0.032408
0.032426
0.032444
0.029490
0.029712
0.029740
0.029756
0.029771
0.029785
0.029799
0.029814
0.029828
0.029842
0.029857
0.030393
0.030643
0.030674
0.030693
0.030711
0.030729
0.030747
0.030764
0.030782
0.030800
0.030817
0.030262
0.030504
0.030535
0.030553
0.030572
0.030589
0.030607
0.030626
0.030643
0.030661
0.030679
0.023115
0.023329
0.023346
0.023362
0.023376
0.023390
0.023403
0.023416
0.023429
0.023442
0.023455
0.022611
0.022829
0.022847
0.022861
0.022875
0.022889
0.022905
0.022918
0.022932
0.022945
0.022958
0.023684
0.023905
0.023923
0.023937
0.023951
0.023964
0.023977
0.023991
0.024004
0.024017
0.024030
0.023148
0.023369
0.023386
0.023401
0.023414
0.023427
0.023441
0.023454
0.023468
0.023481
0.023495
0.048047
0.048301
0.048319
0.048333
0.048347
0.048361
0.048374
0.048389
0.048403
0.048416
0.048429
0.023867
0.024087
0.024104
0.024118
0.024132
0.024145
0.024159
0.024173
0.024186
0.024199
0.024213
0.024438
0.024649
0.024675
0.024689
0.024703
0.024719
0.024732
0.024745
0.024758
0.024771
0.024784
0.024623
0.024830
0.024856
0.024871
0.024884
0.024942
0.024958
0.024972
0.024985
0.024998
0.025012
0.024132
0.024352
0.024370
0.024384
0.024398
0.024414
0.024427
0.024441
0.024454
0.024467
0.024480
0.024280
0.024503
0.024520
0.024534
0.024548
0.024561
0.024575
0.024587
0.024601
0.024614
0.024626
0.024337
0.024544
0.024570
0.024585
0.024598
0.024612
0.024625
0.024638
0.024654
0.024668
0.024681
0.024766
0.024988
0.025006
0.025020
0.025034
0.025047
0.025060
0.025074
0.025087
0.025100
0.025113
0.025878
0.026102
0.026119
0.026134
0.026147
0.026161
0.026174
0.026187
0.026200
0.026213
0.026227
0.025234
0.025454
0.025471
0.025487
0.025501
0.025515
0.025528
0.025541
0.025554
0.025567
0.025580
0.050089
0.050311
0.050328
0.050343
0.050357
0.050370
0.050383
0.050397
0.050411
0.050424
0.050437
0.024425
0.024644
0.024661
0.024675
0.024688
0.024702
0.024715
0.024728
0.024741
0.024755
0.024768
0.023929
0.024141
0.024170
0.024184
0.024198
0.024211
0.024225
0.024238
0.024251
0.024264
0.024277
0.024064
0.024282
0.024299
0.024314
0.024327
0.024383
0.024399
0.024412
0.024425
0.024439
0.024452
0.024236
0.024457
0.024475
0.024489
0.024503
0.024517
0.024530
0.024544
0.024557
0.024570
0.024584
0.024144
0.024366
0.024384
0.024399
0.024413
0.024429
0.024442
0.024455
0.024469
0.024482
0.024495
0.023999
0.024209
0.024235
0.024249
0.024263
0.024276
0.024289
0.024303
0.024316
0.024329
0.024343
0.024578
0.024795
0.024813
0.024827
0.024841
0.024855
0.024876
0.024906
0.024923
0.024937
0.024952
0.024102
0.024320
0.024337
0.024351
0.024365
0.024379
0.024392
0.024406
0.024420
0.024433
0.024446
0.023776
0.023997
0.024015
0.024029
0.024043
0.024057
0.024071
0.024084
0.024098
0.024111
0.024125
0.049979
0.050199
0.050216
0.050230
0.050244
0.050257
0.050271
0.050284
0.050298
0.050311
0.050324
0.024154
0.024372
0.024400
0.024414
0.024428
0.024441
0.024456
0.024469
0.024482
0.024496
0.024509
0.024808
0.025080
0.025098
0.025112
0.025126
0.025140
0.025153
0.025167
0.025180
0.025193
0.025206
0.026164
0.026385
0.026405
0.026419
0.026433
0.026447
0.026460
0.026473
0.026487
0.026500
0.026513
0.024842
0.025059
0.025075
0.025090
0.025104
0.025117
0.025131
0.025144
0.025157
0.025170
0.025184
0.025393
0.025613
0.025631
0.025646
0.025659
0.025673
0.025686
0.025699
0.025712
0.025726
0.025740
0.023933
0.024153
0.024169
0.024184
0.024198
0.024211
0.024225
0.024238
0.024251
0.024265
0.024277
0.023942
0.024160
0.024177
0.024192
0.024205
0.024219
0.024232
0.024245
0.024258
0.024274
0.024288
0.024740
0.024960
0.024978
0.024993
0.025007
0.025021
0.025034
0.025047
0.025060
0.025073
0.025086
0.023868
0.024091
0.024109
0.024123
0.024137
0.024150
0.024164
0.024177
0.024190
0.024204
0.024217
0.051784
0.052010
0.052028
0.052042
0.052056
0.052069
0.052082
0.052095
0.052108
0.052121
0.052134
0.025135
0.025357
0.025374
0.025388
0.025402
0.025415
0.025429
0.025442
0.025455
0.025475
0.025488
0.025321
0.025542
0.025560
0.025574
0.025588
0.025601
0.025614
0.025627
0.025641
0.025654
0.025667
0.025403
0.025621
0.025639
0.025653
0.025667
0.025681
0.025694
0.025708
0.025722
0.025735
0.025749
0.025534
0.025753
0.025770
0.025785
0.025799
0.025812
0.025825
0.025838
0.025851
0.025865
0.025878
0.024002
0.024220
0.024238
0.024252
0.024266
0.024279
0.024293
0.024306
0.024319
0.024333
0.024384
0.026542
0.026769
0.026787
0.026802
0.026816
0.026829
0.026843
0.026856
0.026869
0.026883
0.026896
0.024193
0.024410
0.024426
0.024441
0.024454
0.024468
0.024481
0.024494
0.024508
0.024522
0.024535
0.024162
0.024380
0.024398
0.024412
0.024426
0.024439
0.024452
0.024466
0.024479
0.024494
0.024507
0.024102
0.024314
0.024330
0.024344
0.024367
0.024380
0.024394
0.024407
0.024421
0.024435
0.024448
0.051267
0.051487
0.051505
0.051519
0.051533
0.051546
0.051559
0.051573
0.051586
0.051599
0.051612
0.024127
0.024344
0.024361
0.024375
0.024389
0.024403
0.024416
0.024430
0.024444
0.024457
0.024471
0.024494
0.024715
0.024732
0.024746
0.024760
0.024773
0.024787
0.024800
0.024813
0.024826
0.024839
0.023158
0.023363
0.023381
0.023405
0.023418
0.023432
0.023446
0.023459
0.023473
0.023486
0.023499
0.023950
0.024169
0.024186
0.024201
0.024215
0.024228
0.024241
0.024255
0.024268
0.024282
0.024295
0.023983
0.024202
0.024219
0.024234
0.024250
0.024264
0.024278
0.024292
0.024305
0.024318
0.024331
0.024245
0.024532
0.024565
0.024592
0.024619
0.024655
0.024682
0.024709
0.024736
0.024764
0.024792
0.024952
0.025168
0.025186
0.025201
0.025217
0.025230
0.025244
0.025258
0.025271
0.025284
0.025297
0.024036
0.024264
0.024282
0.024297
0.024310
0.024324
0.024337
0.024350
0.024363
0.024376
0.024390
0.025038
0.025265
0.025282
0.025297
0.025311
0.025324
0.025337
0.025351
0.025364
0.025377
0.025390
0.052151
0.052370
0.052388
0.052402
0.052416
0.052430
0.052443
0.052456
0.052469
0.052483
0.052496
0.025354
0.025581
0.025599
0.025614
0.025628
0.025641
0.025655
0.025668
0.025682
0.025695
0.025708
0.024287
0.024515
0.024533
0.024547
0.024561
0.024575
0.024605
0.024621
0.024637
0.024651
0.024665
0.024087
0.024306
0.024324
0.024338
0.024352
0.024366
0.024379
0.024393
0.024406
0.024419
0.024432
0.024302
0.024519
0.024536
0.024550
