0.972272
0.022212
0.022438
0.022456
0.022471
0.022485
0.022499
0.022512
0.022526
0.022540
0.022554
0.022567
0.027398
0.027648
0.027678
0.027697
0.027716
0.027735
0.027754
0.027772
0.027791
0.027808
0.027827
0.027385
0.027629
0.027660
0.027680
0.027699
0.027717
0.027735
0.027753
0.027771
0.027789
0.027807
0.021256
0.021471
0.021489
0.021503
0.021517
0.021530
0.021544
0.021558
0.021571
0.021584
0.021598
0.022338
0.022538
0.022565
0.022580
0.022594
0.022608
0.022621
0.022635
0.022648
0.022661
0.022675
0.020697
0.020905
0.020923
0.020937
0.020951
0.020964
0.020977
0.020990
0.021004
0.021017
0.021030
0.020685
0.020895
0.020912
0.020927
0.020940
0.020954
0.020970
0.020983
0.021005
0.021021
0.021034
0.020703
0.020912
0.020929
0.020943
0.020957
0.020971
0.020984
0.020997
0.021010
0.021024
0.021037
0.020892
0.021099
0.021116
0.021130
0.021144
0.021157
0.021171
0.021184
0.021197
0.021210
0.021224
0.043866
0.044077
0.044094
0.044109
0.044122
0.044136
0.044149
0.044165
0.044178
0.044192
0.044205
0.021412
0.021620
0.021637
0.021652
0.021665
0.021678
0.021692
0.021706
0.021719
0.021733
0.021746
0.020408
0.020626
0.020644
0.020658
0.020672
0.020688
0.020702
0.020715
0.020729
0.020742
0.020755
0.021259
0.021466
0.021483
0.021497
0.021511
0.021524
0.021538
0.021551
0.021564
0.021577
0.021590
0.020686
0.020896
0.020913
0.020927
0.020941
0.020956
0.020970
0.020983
0.020996
0.021009
0.021022
0.020926
0.021135
0.021152
0.021167
0.021180
0.021194
0.021208
0.021221
0.021235
0.021248
0.021261
0.020429
0.020651
0.020670
0.020684
0.020708
0.020722
0.020735
0.020748
0.020765
0.020778
0.020791
0.020619
0.020813
0.020840
0.020854
0.020868
0.020881
0.020895
0.020908
0.020921
0.020934
0.020948
0.021523
0.021734
0.021751
0.021765
0.021779
0.021792
0.021805
0.021819
0.021832
0.021845
0.021858
0.022184
0.022382
0.022408
0.022424
0.022438
0.022451
0.022465
0.022478
0.022492
0.022505
0.022518
0.044019
0.044227
0.044245
0.044260
0.044273
0.044286
0.044299
0.044313
0.044325
0.044339
0.044352
0.020810
0.021018
0.021035
0.021049
0.021062
0.021076
0.021090
0.021103
0.021117
0.021130
0.021143
0.021630
0.021844
0.021864
0.021878
0.021892
0.021905
0.021918
0.021931
0.021945
0.021958
0.021971
0.020847
0.021062
0.021079
0.021093
0.021107
0.021121
0.021134
0.021147
0.021160
0.021173
0.021186
0.020717
0.020929
0.020945
0.020960
0.020974
0.020987
0.021008
0.021025
0.021038
0.021052
0.021065
0.021049
0.021247
0.021274
0.021289
0.021303
0.021319
0.021333
0.021347
0.021361
0.021374
0.021387
0.020729
0.020927
0.020953
0.020967
0.020981
0.020994
0.021007
0.021020
0.021033
0.021046
0.021060
0.020644
0.020848
0.020865
0.020880
0.020894
0.020908
