1.737555
0.034530
0.034816
0.034838
0.034856
0.034875
0.034893
0.034909
0.034925
0.034944
0.034959
0.034976
0.031636
0.031915
0.031947
0.031966
0.031985
0.032005
0.032024
0.032043
0.032061
0.032080
0.032099
0.029814
0.030090
0.030109
0.030136
0.030165
0.030184
0.030203
0.030222
0.030241
0.030259
0.030277
0.024667
0.024886
0.024905
0.024920
0.024933
0.024957
0.024971
0.024985
0.024999
0.025013
0.025027
0.021514
0.021740
0.021758
0.021772
0.021787
0.021800
0.021813
0.021827
0.021840
0.021854
0.021867
0.022063
0.022285
0.022303
0.022318
0.022332
0.022345
0.022359
0.022372
0.022385
0.022399
0.022413
0.021369
0.021595
0.021613
0.021628
0.021642
0.021656
0.021672
0.021686
0.021699
0.021712
0.021726
0.021358
0.021571
0.021598
0.021612
0.021626
0.021640
0.021654
0.021667
0.021681
0.021695
0.021709
0.022167
0.022390
0.022407
0.022421
0.022435
0.022449
0.022462
0.022475
0.022488
0.022501
0.022515
0.042689
0.042900
0.042926
0.042940
0.042954
0.042967
0.042980
0.042996
0.043010
0.043023
0.043036
0.021913
0.022138
0.022155
0.022170
0.022183
0.022197
0.022210
0.022223
0.022237
0.022250
0.022263
0.021012
0.021233
0.021251
0.021265
0.021278
0.021295
0.021309
0.021322
0.021335
0.021348
0.021362
0.021230
0.021460
0.021477
0.021491
0.021505
0.021518
0.021532
0.021545
0.021558
0.021571
0.021585
0.021610
0.021833
0.021851
0.021865
0.021879
0.021895
0.021908
0.021921
0.021935
0.021948
0.021961
0.021628
0.021853
0.021871
0.021885
0.021899
0.021912
0.021926
0.021939
0.021952
0.021965
0.021978
0.021396
0.021616
0.021633
0.021648
0.021662
0.021675
0.021689
0.021702
0.021717
0.021730
0.021743
0.021252
0.021476
0.021493
0.021508
0.021522
0.021535
0.021549
0.021562
0.021575
0.021589
0.021602
0.021677
0.021887
0.021914
0.021928
0.021942
0.021955
0.021968
0.021982
0.021995
0.022008
0.022021
0.022431
0.022642
0.022668
0.022684
0.022698
0.022712
0.022725
0.022740
0.022753
0.022767
0.022780
0.045251
0.045479
0.045506
0.045521
0.045535
0.045548
0.045562
0.045575
0.045588
0.045602
0.045615
0.022727
0.022948
0.022965
0.022980
0.022994
0.023008
0.023021
0.023034
0.023047
0.023060
0.023073
0.023964
0.024189
0.024209
0.024223
0.024237
0.024250
0.024263
0.024276
0.024289
0.024302
0.024315
0.022512
0.022732
0.022750
0.022765
0.022778
0.022792
0.022805
0.022818
0.022832
0.022845
0.022858
0.022649
0.022863
0.022890
0.022905
0.022918
0.022932
0.022946
0.022959
0.022972
0.022986
0.022999
0.023406
0.023631
0.023650
0.023664
0.023678
0.023699
0.023713
0.023726
0.023740
0.023753
0.023767
0.022775
0.023001
0.023018
0.023032
0.023046
0.023059
0.023073
0.023086
0.023099
0.023113
0.023127
0.023021
0.023248
0.023266
0.023281
0.023295
0.023308
0.023322
0.023335
0.023348
0.023361
0.023375
0.023368
0.023594
0.023611
0.023625
0.023638
0.023652
0.023665
0.023679
0.023693
0.023706
0.023720
0.021763
0.021978
0.021994
0.022008
0.022032
0.022045
0.022059
0.022072
0.022085
0.022099
0.022112
0.045878
0.046108
0.046126
0.046141
0.046154
0.046168
0.046192
0.046215
0.046229
0.046244
0.046258
0.022150
0.022376
0.022394
0.022408
0.022422
0.022435
0.022449
0.022462
0.022475
0.022489
0.022501
0.022427
0.022648
0.022666
0.022680
0.022694
0.022708
0.022722
0.022735
0.022748
0.022761
0.022775
0.023011
0.023234
0.023254
0.023268
0.023282
0.023296
0.023309
0.023323
0.023336
0.023350
0.023363
0.023237
0.023448
0.023474
0.023489
0.023504
0.023517
0.023530
0.023544
0.023557
0.023571
0.023584
0.021733
0.021957
0.021975
0.021996
0.022010
0.022024
0.022037
0.022050
0.022064
0.022077
0.022090
0.022291
0.022521
0.022539
0.022554
0.022567
0.022581
0.022594
0.022607
0.022620
0.022634
0.022647
0.022207
0.022435
0.022453
0.022467
0.022481
0.022494
0.022508
0.022521
0.022534
0.022550
0.022563
0.022537
0.022762
0.022780
0.022795
0.022809
0.022822
0.022836
0.022850
0.022863
0.022876
0.022889
0.022086
0.022311
0.022329
0.022343
0.022357
0.022371
0.022384
0.022398
0.022411
0.022425
0.022438
0.045797
0.046019
0.046036
0.046051
0.046065
0.046078
0.046092
0.046105
0.046119
0.046132
0.046145
0.022358
0.022576
0.022594
0.022608
0.022622
0.022635
0.022649
0.022662
0.022675
0.022689
0.022707
0.022834
0.023058
0.023076
0.023090
0.023104
0.023117
0.023131
0.023144
0.023157
0.023170
0.023184
0.022449
0.022674
0.022692
0.022706
0.022719
0.022733
0.022746
0.022759
0.022772
0.022786
0.022803
0.022321
0.022547
0.022567
0.022583
0.022600
0.022615
0.022632
0.022647
0.022662
0.022678
0.022693
0.022276
0.022503
0.022523
0.022541
0.022557
0.022574
0.022589
0.022606
0.022623
0.022639
0.022655
0.023181
0.023405
0.023423
0.023437
0.023451
0.023465
0.023479
0.023492
0.023505
0.023519
0.023532
0.023595
0.023815
0.023832
0.023846
0.023860
0.023873
0.023887
0.023901
0.023915
0.023928
0.023942
0.023382
0.023605
0.023623
0.023638
0.023652
0.023665
0.023679
0.023692
0.023705
0.023721
0.023734
0.023764
0.023988
0.024006
0.024020
0.024035
0.024049
0.024063
0.024077
0.024091
0.024104
0.024117
0.046615
0.046841
0.046859
0.046873
0.046887
0.046901
0.046914
0.046928
0.046942
0.046955
0.046968
0.022882
0.023092
0.023118
0.023133
0.023147
0.023161
0.023175
0.023189
0.023202
0.023216
0.023229
0.022552
0.022767
0.022794
0.022810
0.022824
0.022837
0.022851
0.022864
0.022878
0.022891
0.022904
0.023257
0.023476
0.023494
0.023509
0.023523
0.023537
0.023551
0.023565
0.023578
0.023591
0.023604
0.023857
0.024067
0.024094
0.024109
0.024123
0.024137
0.024150
0.024164
0.024177
0.024190
0.024203
0.022651
0.022875
0.022892
0.022907
0.022924
0.022938
0.022952
