1.152670
0.025590
0.025816
0.025834
0.025849
0.025863
0.025877
0.025891
0.025905
0.025919
0.025932
0.025945
0.024904
0.025126
0.025153
0.025168
0.025182
0.025196
0.025210
0.025224
0.025238
0.025251
0.025265
0.024659
0.024889
0.024908
0.024925
0.024942
0.024960
0.024976
0.024993
0.025009
0.025024
0.025040
0.025112
0.025341
0.025361
0.025377
0.025393
0.025409
0.025425
0.025444
0.025460
0.025476
0.025492
0.027159
0.027388
0.027408
0.027426
0.027444
0.027460
0.027475
0.027488
0.027502
0.027516
0.027529
0.024862
0.025081
0.025099
0.025115
0.025129
0.025142
0.025156
0.025169
0.025182
0.025196
0.025209
0.024343
0.024561
0.024578
0.024593
0.024608
0.024622
0.024639
0.024660
0.024674
0.024687
0.024700
0.024261
0.024478
0.024495
0.024509
0.024523
0.024536
0.024549
0.024562
0.024576
0.024589
0.024602
0.024295
0.024517
0.024535
0.024549
0.024563
0.024577
0.024590
0.024603
0.024617
0.024630
0.024643
0.050005
0.050236
0.050255
0.050272
0.050288
0.050304
0.050320
0.050339
0.050354
0.050370
0.050385
0.024064
0.024275
0.024294
0.024320
0.024337
0.024353
0.024368
0.024383
0.024398
0.024413
0.024429
0.024325
0.024551
0.024570
0.024586
0.024604
0.024622
0.024638
0.024653
0.024669
0.024685
0.024700
0.023911
0.024139
0.024158
0.024175
0.024193
0.024209
0.024225
0.024240
0.024256
0.024272
0.024288
0.024207
0.024424
0.024443
0.024460
0.024475
0.024494
0.024510
0.024527
0.024543
0.024558
0.024574
0.024064
0.024289
0.024309
0.024327
0.024344
0.024361
0.024377
0.024393
0.024410
0.024425
0.024440
0.024450
0.024678
0.024698
0.024714
0.024730
0.024746
0.024762
0.024777
0.024795
0.024810
0.024825
0.023402
0.023629
0.023649
0.023665
0.023681
0.023698
0.023714
0.023729
0.023745
0.023761
0.023777
0.023501
0.023723
0.023743
0.023759
0.023776
0.023791
0.023806
0.023822
0.023838
0.023853
0.023869
0.023741
0.023961
0.023981
0.024000
0.024017
0.024033
0.024048
0.024064
0.024080
0.024097
0.024113
0.048693
0.048911
0.048932
0.048949
0.048966
0.048983
0.048999
0.049014
0.049029
0.049044
0.049060
0.023484
0.023704
0.023723
0.023740
0.023757
0.023774
0.023791
0.023806
0.023823
0.023839
0.023855
0.023175
0.023396
0.023419
0.023436
0.023451
0.023467
0.023482
0.023498
0.023514
0.023529
0.023544
0.023234
0.023453
0.023471
0.023485
0.023498
0.023512
0.023526
0.023540
0.023553
0.023566
0.023580
0.023558
0.023775
0.023792
0.023807
0.023820
0.023834
0.023848
0.023861
0.023874
0.023887
0.023900
0.022541
0.022755
0.022774
0.022788
0.022802
0.022818
0.022832
0.022852
0.022876
0.022894
0.022915
0.022522
0.022721
0.022747
0.022761
0.022775
0.022789
0.022802
0.022815
0.022828
0.022842
0.022856
0.022748
0.022961
0.022979
0.022993
0.023006
0.023020
0.023034
0.023047
0.023060
0.023073
0.023087
0.023416
0.023625
0.023642
0.023656
0.023670
0.023684
0.023697
0.023711
0.023725
0.023738
0.023751
0.022478
0.022693
0.022711
0.022725
0.022739
0.022752
0.022766
0.022779
0.022792
0.022805
0.022818
0.048906
0.049123
0.049141
0.049155
0.049169
0.049182
0.049197
0.049210
0.049223
0.049237
0.049249
0.023075
0.023280
0.023308
0.023323
0.023337
0.023350
0.023364
0.023377
0.023390
0.023404
0.023417
0.022959
0.023160
0.023186
0.023200
0.023214
0.023228
0.023242
0.023255
0.023268
0.023282
0.023295
0.022295
0.022494
0.022514
0.022550
0.022565
0.022578
0.022592
0.022605
0.022618
0.022631
0.022645
0.022519
0.022732
0.022749
0.022764
0.022779
0.022792
0.022806
0.022819
0.022832
0.022845
0.022858
0.022501
0.022717
0.022735
0.022749
0.022763
0.022777
0.022790
0.022803
0.022816
0.022830
0.022842
0.023344
0.023558
0.023576
0.023591
0.023605
0.023618
0.023632
0.023645
0.023658
0.023671
0.023684
0.022274
0.022520
0.022540
0.022555
0.022569
0.022583
0.022596
0.022610
0.022623
0.022640
0.022653
0.022393
0.022604
0.022621
0.022636
0.022649
0.022663
0.022676
0.022690
0.022703
0.022717
0.022731
0.022570
0.022789
0.022807
0.022822
0.022836
0.022850
0.022863
0.022876
0.022890
0.022903
0.022916
0.048350
0.048569
0.048587
0.048601
0.048615
0.048629
0.048642
0.048660
0.048674
0.048687
0.048701
0.023043
0.023267
0.023285
0.023299
0.023313
0.023326
0.023340
0.023352
0.023365
0.023378
0.023392
0.022370
0.022587
0.022605
0.022619
0.022633
0.022646
0.022659
0.022673
0.022686
0.022699
0.022712
0.022671
0.022885
0.022902
0.022916
0.022930
0.022943
0.022957
0.022970
0.022984
0.022998
0.023012
0.022785
0.023000
0.023017
0.023032
0.023046
0.023059
0.023073
0.023086
0.023099
0.023112
0.023125
0.022247
0.022459
0.022476
0.022490
0.022504
0.022517
0.022531
0.022544
0.022557
0.022571
0.022584
0.022302
0.022513
0.022531
0.022545
0.022559
0.022573
0.022586
0.022600
0.022613
0.022627
0.022640
0.022845
0.023062
0.023079
0.023094
0.023108
0.023121
0.023134
0.023148
0.023162
0.023176
0.023189
0.023059
0.023277
0.023294
0.023309
0.023323
0.023336
0.023349
0.023362
0.023376
0.023390
0.023403
0.022360
0.022568
0.022585
0.022599
0.022613
0.022626
0.022640
0.022654
0.022667
0.022681
0.022694
0.048586
0.048802
0.048819
0.048833
0.048847
0.048860
0.048873
0.048887
0.048899
0.048912
0.048926
0.023238
0.023443
0.023468
0.023483
0.023497
0.023511
0.023525
0.023538
0.023552
0.023565
0.023578
0.023220
0.023434
0.023451
0.023475
0.023489
0.023502
0.023516
0.023529
0.023542
0.023555
0.023568
0.022584
0.022785
0.022811
0.022826
0.022840
0.022854
0.022867
0.022881
0.022893
0.022907
0.022920
0.022969
0.023189
0.023207
0.023221
0.023235
0.023248
0.023262
0.023275
0.023288
0.023302
0.023315
0.022821
0.023040
0.023061
0.023077
0.023093
0.023107
0.023121
0.023134
0.023148
0.023161
0.023174
0.023972
0.024185
0.024202
0.024217
0.024230
0.024244
0.024258
0.024271
0.024285
0.024298
0.024311
0.023186
0.023401
0.023419
0.023434
0.023448
0.023461
0.023475
0.023488
0.023502
0.023515
0.023528
0.023167
0.023379
0.023396
0.023412
0.023426
0.023439
0.023452
0.023465
0.023479
0.023492
0.023505
0.023497
0.023712
0.023730
0.023745
0.023759
0.023773
0.023787
0.023800
0.023813
0.023827
0.023840
0.049839
0.050062
0.050082
0.050099
0.050116
0.050132
0.050147
0.050162
0.050178
