0.930928
0.021325
0.021554
0.021572
0.021586
0.021602
0.021615
0.021629
0.021643
0.021657
0.021670
0.021684
0.020325
0.020544
0.020561
0.020575
0.020589
0.020603
0.020617
0.020630
0.020643
0.020657
0.020670
0.020033
0.020238
0.020256
0.020271
0.020286
0.020300
0.020314
0.020328
0.020342
0.020356
0.020369
0.019555
0.019740
0.019767
0.019782
0.019796
0.019810
0.019823
0.019836
0.019850
0.019863
0.019876
0.020519
0.020715
0.020732
0.020746
0.020760
0.020774
0.020787
0.020800
0.020813
0.020826
0.020839
0.020625
0.020823
0.020840
0.020855
0.020869
0.020883
0.020897
0.020910
0.020923
0.020936
0.020949
0.019604
0.019797
0.019814
0.019828
0.019842
0.019855
0.019871
0.019883
0.019897
0.019911
0.019925
0.019996
0.020186
0.020204
0.020218
0.020232
0.020245
0.020258
0.020271
0.020285
0.020298
0.020311
0.020857
0.021048
0.021065
0.021080
0.021093
0.021107
0.021120
0.021133
0.021147
0.021161
0.021174
0.042056
0.042251
0.042269
0.042283
0.042297
0.042310
0.042324
0.042339
0.042353
0.042366
0.042379
0.020025
0.020231
0.020248
0.020262
0.020276
0.020290
0.020303
0.020317
0.020330
0.020343
0.020356
0.020331
0.020527
0.020544
0.020558
0.020572
0.020588
0.020601
0.020614
0.020627
0.020641
0.020654
0.018836
0.019029
0.019047
0.019062
0.019076
0.019090
0.019103
0.019117
0.019130
0.019143
0.019156
0.019900
0.020082
0.020108
0.020123
0.020136
0.020151
0.020164
0.020177
0.020190
0.020204
0.020217
0.019752
0.019938
0.019955
0.019969
0.019993
0.020005
0.020019
0.020032
0.020045
0.020058
0.020071
0.019702
0.019893
0.019909
0.019924
0.019938
0.019951
0.019964
0.019978
0.019993
0.020007
0.020021
0.019819
0.020001
0.020028
0.020042
0.020056
0.020069
0.020083
0.020096
0.020109
0.020122
0.020135
0.020625
0.020829
0.020857
0.020882
0.020906
0.020930
0.020953
0.020978
0.021003
0.021027
0.021050
0.019737
0.019947
0.019979
0.020006
0.020032
0.020056
0.020081
0.020104
0.020128
0.020153
0.020177
0.042724
0.042925
0.042951
0.042977
0.043001
0.043027
0.043051
0.043076
0.043099
0.043123
0.043147
0.019888
0.020102
0.020131
0.020167
0.020191
0.020216
0.020239
0.020264
0.020288
0.020312
0.020336
0.019626
0.019822
0.019851
0.019876
0.019902
0.019926
0.019950
0.019974
0.019998
0.020022
0.020045
0.020786
0.020998
0.021015
0.021029
0.021043
0.021057
0.021070
0.021083
0.021096
0.021109
0.021122
0.019821
0.020031
0.020049
0.020063
0.020077
0.020090
0.020103
0.020117
0.020130
0.020143
0.020156
0.019783
0.019983
0.020000
0.020015
0.020028
0.020045
0.020058
0.020072
0.020086
0.020100
0.020114
0.020146
0.020345
0.020363
0.020377
0.020391
0.020404
0.020417
0.020430
0.020444
0.020458
0.020471
0.019594
0.019789
0.019807
0.019822
0.019835
0.019849
0.019862
0.019876
0.019889
0.019902
0.019915
0.020004
0.020198
0.020215
0.020230
0.020243
0.020257
0.020271
0.020285
0.020298
0.020311
0.020325
0.019818
0.020017
0.020035
0.020049
0.020063
0.020077
0.020090
0.020104
0.020117
0.020130
0.020143
0.042635
0.042844
0.042861
0.042875
0.042889
0.042903
0.042917
0.042931
0.042944
0.042958
0.042971
0.020049
0.020262
0.020280
0.020294
0.020308
0.020322
0.020336
0.020349
0.020362
0.020375
0.020389
0.019927
0.020124
0.020142
0.020159
0.020176
0.020193
0.020210
0.020226
0.020242
0.020258
0.020275
0.019732
0.019927
0.019950
0.019968
0.019984
0.020000
0.020016
0.020031
0.020046
0.020062
0.020078
0.019665
0.019863
0.019882
0.019899
0.019917
0.019932
0.019948
0.019964
0.019980
0.019996
0.020012
0.020464
0.020658
0.020678
0.020695
0.020713
0.020728
0.020744
0.020759
0.020775
0.020791
0.020806
0.019677
0.019871
0.019892
0.019911
0.019927
0.019943
0.019959
