143	125	30	54
142	125	30	54
143	126	30	54
144	127	30	55
146	128	30	55
147	129	31	56
148	131	31	56
150	132	31	57
151	133	32	57
153	134	32	58
154	136	32	58
156	137	32	59
141	125	30	54
140	125	30	54
140	125	30	54
140	125	30	54
140	125	30	54
140	125	30	54
140	125	30	54
140	125	30	54
140	125	30	54
140	125	30	54
140	125	30	54
141	123	31	56
140	122	31	56
140	122	31	56
140	122	31	56
140	122	31	56
140	122	31	56
140	122	31	56
140	122	31	56
140	122	31	56
140	122	31	56
140	121	31	57
143	126	32	58
142	125	32	58
143	126	32	58
143	126	32	58
143	126	32	58
143	126	32	58
143	126	32	58
143	126	32	59
143	126	32	59
143	126	32	59
143	126	32	59
130	126	31	57
130	126	31	57
129	126	31	57
128	126	31	57
128	126	31	57
127	126	30	57
126	126	30	57
126	126	30	57
125	126	30	57
124	126	30	57
124	126	30	57
143	128	33	59
142	128	32	59
142	128	33	59
143	128	33	59
143	128	33	59
143	128	33	59
144	128	33	59
144	128	33	59
145	128	33	59
145	129	33	59
146	129	33	59
136	130	31	57
136	130	31	57
136	130	31	57
136	130	30	56
135	130	30	56
135	130	30	56
135	130	30	56
135	131	30	56
135	131	30	56
135	131	30	56
134	131	30	56
161	78	33	59
160	78	32	58
162	75	33	59
163	72	33	59
164	69	33	59
165	66	33	59
167	64	33	59
168	61	33	59
169	58	33	59
171	55	33	59
172	52	33	59
129	120	33	59
130	117	33	59
129	118	33	59
127	119	33	59
126	120	33	59
125	121	33	59
124	122	33	59
123	123	33	59
121	124	33	59
120	125	33	59
119	126	33	59
113	130	31	57
111	131	31	57
110	132	30	56
108	133	30	56
107	134	30	56
105	135	30	56
104	137	30	56
102	138	30	56
101	139	30	56
99	140	30	56
98	141	30	56
151	119	31	57
149	120	30	56
150	120	30	56
152	119	30	56
154	119	30	56
155	119	30	56
157	119	30	56
158	119	30	56
160	119	30	56
161	119	30	56
163	118	30	56
133	123	33	59
134	122	32	58
134	122	33	59
134	123	33	59
133	123	33	59
133	123	33	59
133	123	33	59
133	123	33	59
132	123	33	59
132	123	33	59
132	123	33	59
130	111	33	60
129	111	33	60
129	110	33	60
129	109	33	60
128	109	33	60
128	108	33	60
127	108	33	60
127	107	33	60
127	106	33	60
126	106	33	60
126	105	33	61
132	117	32	58
131	116	32	58
131	116	32	58
131	116	31	57
131	116	31	57
131	116	31	57
131	116	31	57
131	116	31	57
131	116	31	57
131	116	31	57
131	116	31	57
113	90	33	59
112	90	32	58
111	88	32	58
110	87	33	58
109	85	33	58
108	84	33	58
107	82	33	59
106	81	33	59
105	79	33	59
104	78	33	59
103	77	33	59
126	120	34	62
124	118	34	62
125	119	34	62
125	120	34	62
125	121	34	62
125	122	34	62
126	123	34	62
126	124	34	63
126	125	34	63
126	126	34	63
127	127	34	63
120	135	35	63
120	136	35	63
120	137	35	63
119	138	35	63
119	140	35	63
119	141	35	63
119	142	35	63
119	144	35	63
119	145	35	64
118	146	35	64
118	148	35	64
143	134	36	65
142	135	36	65
144	135	36	65
145	136	36	65
146	136	36	65
147	137	36	65
148	137	36	65
149	138	36	66
151	138	36	66
152	139	36	66
153	139	36	66
88	128	38	68
89	128	38	68
86	128	38	68
84	128	38	68
81	127	38	68
79	127	38	69
76	127	38	69
74	127	38	69
71	127	39	69
69	126	39	70
66	126	39	70
74	134	38	68
71	133	38	68
69	134	38	68
67	134	38	68
65	134	38	68
63	134	38	68
61	134	38	68
59	135	38	68
57	135	38	68
55	135	38	68
53	135	38	69
78	137	36	65
76	137	36	65
75	137	35	64
74	137	35	64
74	138	35	64
73	138	35	64
73	138	35	64
72	138	35	64
72	139	35	64
71	139	35	63
71	139	35	63
71	124	35	63
70	124	34	62
69	123	34	62
69	123	34	62
68	122	34	62
68	121	34	62
67	121	34	61
67	120	34	61
66	120	34	61
66	119	34	61
65	118	34	61
98	119	36	65
97	118	35	64
98	117	35	64
100	117	35	64
101	116	35	64
102	116	35	64
103	115	35	65
105	114	35	65
106	114	36	65
107	113	36	65
109	113	36	65
116	118	35	64
117	117	35	64
118	117	34	64
120	116	34	63
122	116	34	63
123	116	34	63
125	116	34	63
126	115	34	63
128	115	34	63
130	115	34	63
131	114	34	63
115	107	34	62
116	106	33	61
117	106	33	61
117	105	33	61
118	104	33	61
118	103	33	61
119	103	33	61
120	102	33	61
120	101	33	61
121	101	33	60
121	100	33	60
115	104	34	62
115	103	33	61
115	102	33	61
115	102	33	61
116	101	33	61
116	101	33	61
116	100	33	61
116	100	33	61
116	100	33	61
116	99	33	61
117	99	33	61
122	128	34	62
122	127	33	61
122	128	33	61
123	129	33	61
123	131	33	61
123	132	33	61
124	133	33	61
124	134	33	61
125	135	33	61
125	136	33	61
126	138	33	61
119	139	35	64
119	140	34	63
119	141	35	64
119	142	35	64
119	143	35	64
119	144	35	64
119	145	35	64
119	147	35	64
119	148	35	64
119	149	35	64
119	150	35	64
131	132	35	64
131	133	35	64
131	133	35	64
132	133	35	64
132	133	35	64
133	133	35	64
134	133	35	64
134	133	35	64
135	133	35	64
136	133	35	64
136	133	35	64
149	149	35	63
149	149	35	63
150	149	35	63
152	150	35	62
153	151	35	62
154	152	35	62
156	153	35	62
157	154	35	62
158	155	35	62
159	156	35	62
161	157	35	62
163	116	36	65
164	116	36	64
165	115	36	65
166	114	36	65
168	112	36	65
169	111	36	65
170	109	36	65
172	108	36	65
173	106	36	65
174	105	36	65
176	104	36	65
134	124	35	63
135	122	35	63
134	122	35	63
133	122	34	62
132	121	34	62
130	121	34	62
129	121	34	62
128	121	34	62
127	120	34	62
126	120	34	62
125	120	34	62
116	107	33	60
114	106	32	59
113	105	32	59
111	104	32	59
110	103	32	59
108	102	32	59
107	101	32	58
105	100	32	58
103	99	32	58
102	98	31	58
100	98	31	58
130	125	32	58
128	124	31	57
128	124	31	57
128	125	31	57
128	125	31	57
128	126	31	57
129	126	31	56
129	127	31	56
129	128	31	56
129	128	30	56
129	129	30	56
129	122	33	60
129	122	32	59
129	122	32	59
129	122	32	59
129	123	32	59
129	123	32	59
129	123	32	59
129	123	32	60
129	123	32	60
129	123	32	60
130	123	33	60
127	115	32	58
127	115	32	58
127	114	31	57
126	114	31	57
126	114	31	57
126	113	31	57
126	113	31	57
126	113	31	57
126	112	31	57
126	112	31	57
126	111	31	57
123	123	31	57
122	122	30	56
122	122	30	56
122	123	30	56
122	123	30	56
121	123	30	56
121	124	30	56
121	124	30	56
121	124	30	56
120	124	30	56
120	125	30	56
124	117	32	58
123	117	31	57
123	117	31	57
123	116	31	57
123	116	31	57
123	116	32	57
123	116	32	57
123	116	32	58
123	115	32	58
123	115	32	58
123	115	32	58
109	128	33	60
108	127	33	60
108	128	33	60
107	128	33	60
106	129	33	60
105	129	33	60
104	130	33	60
103	130	33	60
103	131	33	60
102	131	33	61
101	132	33	61
70	128	33	60
69	128	33	60
66	128	33	60
64	128	33	60
61	129	33	60
59	129	33	60
56	129	33	60
53	129	33	60
51	130	33	60
48	130	33	60
46	130	33	60
57	161	33	59
54	161	33	59
52	163	33	59
50	165	33	58
49	166	33	58
47	168	33	58
45	170	33	58
43	172	33	58
41	174	33	58
40	176	33	58
38	178	33	58
61	180	34	62
59	181	34	61
58	183	34	62
58	185	34	62
57	187	34	62
57	189	34	62
56	191	34	62
56	193	34	62
56	195	34	62
55	197	34	63
55	198	34	63
63	183	33	60
62	184	33	60
62	185	33	60
62	186	32	60
62	187	32	60
62	188	32	59
62	189	32	59
62	190	32	59
62	191	32	59
