1.723292
0.041191
0.041502
0.041524
0.041554
0.041574
0.041593
0.041612
0.041631
0.041650
0.041669
0.041688
0.030354
0.030627
0.030658
0.030678
0.030698
0.030717
0.030737
0.030756
0.030775
0.030793
0.030812
0.029379
0.029624
0.029645
0.029675
0.029694
0.029712
0.029731
0.029750
0.029768
0.029787
0.029805
0.027855
0.028098
0.028117
0.028144
0.028163
0.028182
0.028201
0.028219
0.028238
0.028258
0.028276
0.028226
0.028460
0.028479
0.028506
0.028525
0.028543
0.028561
0.028579
0.028597
0.028615
0.028633
0.027670
0.027899
0.027929
0.027950
0.027968
0.027987
0.028005
0.028023
0.028041
0.028059
0.028078
0.027458
0.027701
0.027721
0.027738
0.027757
0.027775
0.027796
0.027816
0.027833
0.027851
0.027869
0.027378
0.027605
0.027636
0.027654
0.027673
0.027692
0.027710
0.027727
0.027746
0.027765
0.027783
0.039104
0.039319
0.039340
0.039358
0.039377
0.039393
0.039410
0.039427
0.039445
0.039461
0.039479
0.043611
0.043821
0.043840
0.043857
0.043873
0.043889
0.043906
0.043924
0.043941
0.043957
0.043972
0.021741
0.021948
0.021969
0.021984
0.021999
0.022014
0.022030
0.022045
0.022059
0.022074
0.022090
0.021101
0.021308
0.021327
0.021343
0.021360
0.021378
0.021394
0.021409
0.021426
0.021441
0.021457
0.021873
0.022089
0.022106
0.022120
0.022134
0.022147
0.022161
