1.744454
0.041279
0.041579
0.041599
0.041616
0.041651
0.041670
0.041689
0.041708
0.041727
0.041747
0.041765
0.028969
0.029205
0.029222
0.029237
0.029251
0.029265
0.029279
0.029293
0.029307
0.029320
0.029334
0.022474
0.022706
0.022724
0.022740
0.022754
0.022769
0.022782
0.022797
0.022811
0.022825
0.022839
0.021481
0.021706
0.021724
0.021738
0.021752
0.021765
0.021779
0.021792
0.021806
0.021819
0.021832
0.020161
0.020369
0.020386
0.020401
0.020414
0.020428
0.020442
0.020455
0.020469
0.020483
0.020496
0.020435
0.020620
0.020646
0.020661
0.020675
0.020689
0.020702
0.020716
0.020729
0.020743
0.020757
0.020710
0.020907
0.020925
0.020939
0.020953
0.020966
0.020981
0.020995
0.021008
0.021020
0.021034
0.020138
0.020337
0.020354
0.020368
0.020381
0.020395
0.020408
0.020422
0.020435
0.020448
0.020461
0.019666
0.019858
0.019875
0.019889
0.019903
0.019916
0.019930
0.019943
0.019956
0.019969
0.019982
0.044078
0.044284
0.044301
0.044315
0.044329
0.044343
0.044356
0.044371
0.044384
0.044398
0.044411
0.020827
0.021017
0.021044
0.021058
0.021072
0.021085
0.021099
0.021112
0.021125
