1.346286
0.038362
0.038633
0.038663
0.038693
0.038710
0.038725
0.038740
0.038755
0.038770
0.038785
0.038799
0.034585
0.034879
0.034902
0.034922
0.034941
0.034961
0.034980
0.034998
0.035017
0.035035
0.035054
0.028369
0.028608
0.028627
0.028643
0.028658
0.028672
0.028687
0.028701
0.028714
0.028728
0.028743
0.031306
0.031533
0.031552
0.031566
0.031580
0.031594
0.031607
0.031620
0.031634
0.031647
0.031660
0.025257
0.025491
0.025520
0.025534
0.025548
0.025562
0.025575
0.025588
0.025602
0.025615
0.025629
0.024573
0.024786
0.024812
0.024828
0.024842
0.024855
0.024868
0.024882
0.024894
0.024908
0.024920
0.024859
0.025081
0.025099
0.025114
