1.863364
0.041364
0.041679
0.041701
0.041731
0.041751
0.041770
0.041790
0.041809
0.041829
0.041848
0.041867
0.029994
0.030245
0.030263
0.030279
0.030293
0.030308
0.030322
0.030336
0.030350
0.030364
0.030378
0.024208
0.024447
0.024464
0.024479
0.024496
0.024511
0.024526
0.024539
0.024553
0.024574
0.024588
0.024083
0.024312
0.024328
0.024341
0.024354
0.024370
0.024384
0.024399
0.024415
0.024428
0.024444
0.024113
0.024338
0.024355
0.024369
0.024382
0.024397
0.024411
0.024425
0.024439
0.024452
0.024466
0.023895
0.024120
0.024137
0.024153
0.024168
0.024181
0.024195
0.024208
0.024221
0.024235
0.024248
0.023411
0.023634
0.023652
0.023666
0.023680
0.023694
0.023710
0.023723
0.023737
0.023751
0.023764
0.023836
0.024049
0.024077
0.024093
0.024107
0.024121
0.024134
0.024148
0.024161
0.024174
0.024187
0.023781
0.024000
0.024017
0.024032
0.024046
0.024059
0.024072
0.024086
0.024099
0.024113
0.024126
0.048180
0.048398
0.048415
0.048429
0.048442
0.048455
0.048469
0.048484
0.048498
0.048511
0.048524
0.023914
0.024139
