1.071781
0.027131
0.027348
0.027363
0.027375
0.027401
0.027415
0.027428
0.027442
0.027456
0.027469
0.027482
0.032430
0.032681
0.032701
0.032727
0.032746
0.032765
0.032783
0.032801
0.032819
0.032837
0.032855
0.026900
0.027129
0.027147
0.027162
0.027178
0.027193
0.027207
0.027220
0.027233
0.027247
0.027261
0.025166
0.025388
0.025406
0.025421
0.025435
0.025448
0.025462
0.025476
0.025490
0.025503
0.025517
0.026296
0.026523
0.026541
0.026556
0.026570
0.026584
0.026597
0.026611
0.026624
0.026638
0.026651
0.025204
0.025416
0.025442
0.025458
0.025472
0.025486
0.025499
0.025513
0.025526
0.025540
0.025553
0.026329
0.026542
0.026568
0.026583
0.026596
0.026610
0.026626
0.026639
0.026653
0.026667
0.026680
0.026135
0.026360
0.026378
0.026392
0.026406
0.026419
0.026432
0.026446
0.026459
0.026473
0.026486
0.026313
0.026535
0.026553
0.026567
0.026582
0.026595
0.026609
0.026623
0.026637
0.026651
0.026664
0.050205
0.050427
0.050444
0.050458
0.050472
0.050485
0.050499
0.050514
0.050528
0.050542
0.050555
0.026357
0.026627
0.026654
0.026685
0.026707
0.026730
0.026752
0.026773
0.026793
0.026814
0.026836
0.025313
0.025584
0.025609
0.025640
0.025661
0.025682
0.025699
0.025717
0.025735
0.025754
0.025773
0.025523
0.025749
0.025767
0.025781
0.025797
0.025816
0.025836
0.025855
0.025874
0.025893
0.025912
0.026795
0.027012
0.027038
0.027053
0.027066
0.027082
0.027096
0.027108
0.027122
0.027135
0.027148
0.026396
0.026617
0.026634
0.026649
0.026663
0.026676
0.026690
0.026703
0.026716
0.026730
0.026743
0.025981
0.026205
0.026222
0.026236
0.026250
0.026263
0.026277
0.026290
0.026305
0.026318
0.026331
0.025605
0.025821
0.025848
0.025863
0.025877
0.025890
0.025903
0.025917
0.025930
0.025943
0.025957
0.027517
0.027747
0.027765
0.027781
0.027794
0.027808
0.027822
0.027835
0.027848
0.027861
0.027874
0.025316
0.025527
0.025554
0.025570
0.025584
0.025597
0.025611
0.025625
0.025639
0.025652
0.025666
0.050366
0.050587
0.050608
0.050623
0.050637
0.050651
0.050664
0.050678
0.050691
0.050704
0.050718
0.025125
0.025346
0.025363
0.025378
0.025392
0.025406
0.025419
0.025433
0.025446
0.025459
0.025472
0.025266
0.025488
0.025507
0.025522
0.025536
0.025550
0.025563
0.025576
0.025589
0.025603
0.025615
0.025651
0.025876
0.025893
0.025908
0.025921
0.025934
0.025948
0.025960
0.025977
0.025994
0.026011
0.025176
0.025407
0.025427
0.025443
0.025459
0.025476
0.025492
0.025508
0.025523
0.025540
0.025556
0.025229
0.025457
0.025476
0.025492
0.025508
0.025527
0.025542
0.025558
0.025573
0.025589
0.025604
0.025773
0.026002
0.026021
0.026037
0.026052
0.026068
0.026083
0.026098
0.026114
0.026130
0.026145
0.026102
0.026333
0.026352
0.026368
0.026384
0.026399
0.026416
0.026432
0.026447
0.026462
0.026478
0.026073
0.026285
0.026312
0.026326
0.026340
0.026354
0.026367
0.026381
0.026395
0.026408
0.026422
0.026264
0.026492
0.026510
0.026525
0.026539
0.026553
0.026567
0.026580
0.026593
0.026607
0.026620
0.050892
0.051112
0.051129
0.051144
0.051158
0.051172
0.051186
0.051199
0.051212
0.051225
0.051238
0.024579
0.024827
0.024847
0.024861
0.024877
0.024897
0.024920
0.024935
0.024948
0.024961
0.024975
0.022962
0.023186
0.023204
0.023218
0.023232
0.023246
0.023260
0.023273
0.023287
0.023300
0.023313
0.023836
0.024059
0.024079
0.024094
0.024108
0.024122
0.024135
0.024148
0.024162
0.024174
0.024188
0.022847
0.023069
0.023087
0.023102
0.023116
0.023130
0.023143
0.023157
0.023170
0.023184
0.023197
0.021898
0.022116
0.022134
0.022148
0.022163
0.022176
0.022189
0.022203
0.022216
0.022229
0.022243
0.024420
0.024642
0.024661
0.024675
0.024689
0.024703
0.024716
0.024729
0.024742
0.024756
0.024769
0.024667
0.024890
0.024909
0.024923
0.024937
0.024951
0.024964
0.024978
0.024991
0.025008
0.025021
0.022861
0.023082
0.023099
0.023114
0.023128
0.023142
0.023155
0.023168
0.023181
0.023195
0.023208
0.024450
0.024673
0.024704
0.024734
0.024765
0.024790
0.024817
0.024843
0.024869
0.024893
0.024917
0.049684
0.049914
0.049934
0.049951
0.049968
0.049984
0.050000
0.050015
0.050031
0.050048
0.050063
0.022899
0.023127
0.023146
0.023163
0.023180
0.023195
0.023211
0.023226
0.023242
0.023257
0.023273
0.023061
0.023291
0.023312
0.023328
0.023344
0.023360
0.023376
0.023392
0.023407
0.023423
0.023440
0.024631
0.024859
0.024879
0.024897
0.024914
0.024930
0.024946
0.024961
0.024977
0.024993
0.025009
0.024652
0.024886
0.024904
0.024919
0.024933
0.024947
0.024961
0.024974
0.024987
0.025001
0.025014
0.023048
0.023273
0.023291
0.023306
0.023320
0.023333
0.023347
0.023360
0.023374
0.023388
0.023401
0.023374
0.023585
0.023612
0.023626
0.023641
0.023654
0.023668
0.023681
0.023695
0.023708
0.023721
0.023968
0.024197
0.024214
0.024229
0.024242
0.024256
0.024270
0.024284
0.024298
0.024311
0.024324
0.024091
0.024322
0.024340
0.024355
0.024369
0.024382
0.024395
0.024409
0.024422
0.024438
0.024452
0.023296
0.023550
0.023568
0.023582
0.023596
0.023610
0.023623
0.023637
0.023651
0.023664
0.023677
0.049709
0.049937
0.049955
0.049969
0.049983
0.049997
0.050010
0.050024
0.050037
0.050050
0.050064
0.022311
0.022536
0.022553
0.022568
0.022582
0.022596
0.022609
0.022623
0.022637
0.022650
0.022664
0.023038
0.023259
0.023277
0.023291
0.023305
0.023318
0.023331
0.023345
0.023358
0.023371
0.023384
0.023113
0.023334
0.023352
0.023366
0.023381
0.023394
0.023408
0.023421
0.023434
0.023448
0.023461
0.023168
0.023393
0.023411
0.023426
0.023439
0.023453
0.023466
0.023480
0.023494
0.023507
0.023520
0.023204
0.023424
0.023442
0.023457
0.023474
0.023488
0.023502
0.023516
0.023529
0.023543
0.023556
0.023555
0.023767
0.023793
0.023808
0.023822
0.023835
0.023849
0.023862
0.023875
0.023889
0.023902
0.023467
0.023690
0.023707
0.023722
0.023736
0.023751
0.023765
0.023778
0.023792
0.023805
0.023818
0.022837
0.023061
0.023078
0.023093
0.023108
0.023121
0.023135
0.023149
0.023162
0.023175
0.023189
0.023608
0.023819
0.023846
0.023860
0.023875
0.023888
0.023902
0.023915
0.023929
0.023942
0.023955
0.051279
0.051489
0.051506
0.051520
0.051543
0.051557
0.051570
0.051584
0.051597
0.051610
0.051623
0.024058
0.024287
0.024305
0.024320
0.024334
0.024348
0.024362
0.024375
0.024389
0.024402
0.024416
0.024351
0.024575
0.024593
0.024608
0.024621
0.024635
0.024648
0.024661
0.024678
0.024692
0.024706
0.024897
0.025110
0.025137
0.025151
0.025165
0.025178
0.025192
0.025205
0.025219
0.025232
0.025245
0.024899
0.025125
0.025142
0.025157
0.025171
0.025184
0.025198
0.025211
0.025224
0.025238
0.025251
0.025847
0.026062
0.026089
0.026104
0.026117
0.026131
0.026144
0.026157
0.026171
0.026184
0.026197
0.024588
0.024815
0.024832
0.024846
0.024860
0.024873
0.024887
0.024900
0.024914
0.024927
0.024940
0.024791
0.025018
0.025044
0.025059
0.025074
0.025087
0.025101
0.025114
0.025128
0.025141
0.025154
0.025604
0.025824
0.025843
0.025858
0.025872
0.025886
0.025899
0.025913
0.025927
0.025940
0.025954
0.026222
0.026442
0.026460
0.026474
0.026489
0.026502
0.026515
0.026529
0.026542
0.026556
0.026568
0.053094
0.053324
0.053342
0.053356
0.053370
0.053383
0.053397
0.053411
0.053424
0.053438
0.053451
0.025452
0.025724
0.025759
0.025779
0.025799
0.025818
0.025838
0.025858
0.025877
0.025898
0.025918
0.024467
0.024690
0.024707
0.024722
0.024736
0.024750
0.024764
0.024778
0.024791
0.024804
0.024817
0.024055
0.024281
0.024299
0.024313
0.024328
0.024341
0.024355
0.024368
0.024382
0.024395
0.024409
0.026265
0.026511
0.026529
0.026544
0.026558
0.026572
0.026586
0.026599
0.026612
0.026626
0.026639
0.024860
0.025081
0.025099
0.025114
0.025128
0.025142
0.025155
0.025168
0.025182
0.025195
0.025208
0.024952
0.025174
0.025191
0.025206
0.025220
0.025234
0.025247
0.025261
0.025274
0.025287
0.025301
0.024725
0.024947
0.024965
0.024979
0.024993
0.025007
0.025021
0.025034
0.025048
0.025062
0.025075
0.024713
0.024935
0.024952
0.024967
0.024981
0.024995
0.025008
0.025022
0.025035
0.025048
0.025062
0.024843
0.025067
0.025084
0.025099
0.025113
0.025127
0.025141
0.025155
0.025168
0.025182
0.025195
0.051672
0.051898
0.051916
0.051931
0.051945
0.051960
0.051974
0.051987
0.052004
0.052021
0.052037
0.024037
0.024254
0.024283
0.024300
0.024318
0.024334
0.024350
0.024367
0.024384
0.024401
0.024417
0.024133
0.024358
0.024377
0.024392
0.024407
0.024420
0.024434
0.024447
0.024461
0.024475
0.024505
0.024005
0.024233
0.024251
0.024265
0.024280
0.024293
0.024307
0.024320
0.024334
0.024347
0.024361
0.024060
0.024281
0.024299
0.024313
0.024327
0.024340
0.024354
0.024367
0.024380
0.024394
0.024407
0.024659
0.024882
0.024900
0.024915
0.024929
0.024942
0.024956
0.024969
0.024982
0.024995
0.025009
0.024791
0.025014
0.025032
0.025046
0.025060
0.025074
0.025087
0.025101
0.025115
0.025128
0.025141
0.025016
0.025230
0.025257
0.025272
0.025286
0.025299
0.025313
0.025326
0.025340
0.025354
0.025367
0.024977
0.025198
0.025215
0.025230
0.025244
0.025257
0.025271
0.025284
0.025297
0.025311
0.025324
0.025662
0.025887
0.025904
0.025919
0.025933
0.025947
0.025960
0.025974
0.025987
0.026001
0.026014
0.051390
0.051615
0.051633
0.051647
0.051661
0.051674
0.051688
0.051701
0.051714
0.051728
0.051741
0.024477
0.024743
0.024781
0.024805
0.024826
0.024846
0.024866
0.024885
0.024905
0.024923
0.024943
0.024027
0.024254
0.024272
0.024287
0.024300
0.024313
0.024327
0.024340
0.024353
0.024366
0.024379
0.024112
0.024335
0.024353
0.024368
0.024382
0.024396
0.024409
0.024423
0.024436
0.024449
0.024462
0.024443
0.024665
0.024682
0.024697
0.024711
0.024724
0.024738
0.024751
0.024765
0.024778
0.024791
0.025820
0.026111
0.026139
0.026173
0.026196
0.026220
0.026243
0.026266
0.026289
0.026312
0.026334
0.038639
0.038975
0.039010
0.039035
0.039068
0.039092
0.039116
0.039141
0.039166
0.039191
0.039213
0.033363
0.033588
0.033606
0.033621
0.033635
0.033648
0.033662
0.033676
0.033689
0.033703
0.033716
0.025383
0.025606
0.025624
0.025639
0.025653
0.025666
0.025680
0.025693
0.025707
0.025720
0.025734
0.024954
0.025175
0.025192
0.025207
0.025221
0.025235
0.025248
0.025262
0.025275
0.025288
0.025301
0.051599
0.051820
0.051837
0.051852
0.051866
0.051879
0.051893
0.051906
0.051919
0.051933
0.051945
0.025442
0.025692
0.025713
0.025730
0.025748
0.025764
0.025782
0.025798
0.025816
0.025834
0.025847
0.026568
0.026813
0.026832
0.026847
0.026860
0.026874
0.026887
0.026900
0.026913
0.026931
0.026944
0.023909
0.024131
0.024148
0.024162
0.024176
0.024189
0.024203
0.024217
0.024230
0.024243
0.024256
0.023974
0.024196
0.024214
0.024228
0.024242
0.024255
0.024268
0.024282
0.024295
0.024308
0.024321
0.024395
0.024629
0.024658
0.024684
0.024710
0.024736
0.024760
0.024785
0.024809
0.024834
0.024857
0.025644
0.025887
0.025904
0.025923
0.025937
0.025951
0.025968
0.025982
0.025999
0.026014
0.026028
0.026524
0.026767
0.026796
0.026813
0.026830
0.026847
0.026864
0.026880
0.026897
0.026913
0.026930
0.023839
0.024060
0.024078
0.024093
0.024107
0.024125
0.024138
0.024152
0.024166
0.024179
0.024193
0.024088
0.024302
0.024328
0.024343
0.024357
0.024371
0.024384
0.024397
0.024410
0.024424
0.024437
0.052007
0.052238
0.052267
0.052285
0.052303
0.052320
0.052336
0.052353
0.052371
0.052387
0.052403
0.026599
0.026838
0.026857
0.026874
0.026888
0.026906
0.026921
0.026936
0.026952
0.026966
0.026983
0.031789
0.032049
0.032072
0.032091
0.032109
0.032127
0.032146
0.032164
0.032182
0.032200
0.032218
0.031938
0.032205
0.032227
0.032249
0.032267
0.032286
0.032304
0.032322
0.032340
0.032358
0.032376
0.031362
0.031617
0.031648
0.031667
0.031686
0.031705
0.031723
0.031743
0.031760
0.031778
0.031796
0.031237
0.031500
0.031523
0.031542
0.031561
0.031579
0.031597
0.031615
0.031634
0.031651
0.031669
0.031358
0.031607
0.031643
0.031663
0.031682
0.031700
0.031718
0.031736
0.031754
0.031771
0.031790
0.031301
0.031524
0.031542
0.031556
0.031570
0.031583
0.031597
0.031610
0.031624
0.031637
0.031650
0.024894
0.025116
0.025133
0.025148
0.025162
0.025176
0.025189
0.025203
0.025216
0.025230
0.025243
0.024091
0.024315
0.024333
0.024347
0.024361
0.024374
0.024388
0.024401
0.024415
0.024427
0.024441
0.051652
0.051866
0.051893
0.051908
0.051922
0.051935
0.051949
0.051962
0.051975
0.051988
0.052001
0.024075
0.024301
0.024319
0.024333
0.024348
0.024361
0.024374
0.024388
0.024401
0.024415
0.024428
0.023949
0.024177
0.024195
0.024209
