1.752337
0.036403
0.036680
0.036699
0.036715
0.036731
0.036746
0.036761
0.036775
0.036790
0.036804
0.036819
0.021624
0.021871
0.021889
0.021904
0.021918
0.021933
0.021946
0.021960
0.021975
0.021988
0.022002
0.020964
0.021184
0.021203
0.021218
0.021232
0.021247
0.021261
0.021275
0.021288
0.021302
0.021315
0.024383
0.024607
0.024625
0.024640
0.024654
0.024668
0.024681
0.024695
0.024708
0.024721
0.024734
0.022948
0.023161
0.023179
0.023194
0.023207
0.023221
0.023235
0.023248
0.023262
0.023277
0.023290
0.019788
0.019991
0.020009
0.020024
0.020038
0.020052
0.020066
0.020084
0.020097
0.020111
0.020124
0.019750
0.019932
0.019958
0.019973
0.019986
0.020000
0.020015
0.020029
0.020042
0.020056
0.020069
0.019695
0.019892
0.019909
0.019924
0.019937
0.019950
0.019964
0.019977
0.019990
0.020004
0.020016
0.019429
0.019609
0.019635
0.019650
0.019664
0.019678
0.019691
0.019705
0.019718
0.019731
0.019744
0.042000
0.042197
0.042215
0.042229
0.042242
0.042256
0.042269
0.042284
0.042297
0.042310
0.042324
0.020143
0.020341
0.020359
0.020375
0.020388
0.020402
0.020415
0.020428
0.020442
0.020455
0.020468
0.019540
0.019732
0.019754
0.019769
0.019783
0.019798
0.019811
0.019825
0.019838
0.019851
0.019864
0.021561
0.021763
0.021782
0.021809
0.021825
0.021849
0.021868
0.021887
0.021901
0.021922
0.021947
0.020791
0.021001
0.021019
0.021033
0.021046
0.021062
0.021075
0.021089
0.021102
0.021117
0.021130
0.019918
0.020123
0.020152
0.020175
0.020200
0.020225
0.020248
0.020272
0.020295
0.020319
0.020343
0.019569
0.019774
0.019803
0.019831
0.019858
0.019885
0.019911
0.019937
0.019964
0.019989
0.020013
0.021473
0.021668
0.021709
0.021735
0.021761
0.021785
0.021811
0.021836
0.021859
0.021883
0.021907
0.020511
0.020712
0.020740
0.020764
0.020789
0.020812
0.020836
0.020859
0.020888
0.020912
0.020936
0.020346
0.020549
0.020581
0.020610
0.020636
0.020660
0.020685
0.020709
0.020733
0.020757
0.020781
0.043177
0.043372
0.043402
0.043429
0.043463
0.043489
0.043513
0.043537
0.043561
0.043583
0.043607
0.021778
0.021986
0.022018
0.022043
0.022070
0.022093
0.022118
0.022142
0.022165
0.022190
0.022214
0.020384
0.020582
0.020624
0.020650
0.020675
0.020699
0.020723
0.020747
0.020770
0.020794
0.020818
0.021484
0.021679
0.021720
0.021746
0.021771
0.021796
0.021820
0.021844
0.021868
0.021891
0.021916
0.020467
0.020673
0.020705
0.020732
0.020758
0.020782
0.020807
0.020830
0.020854
0.020885
0.020910
0.020406
0.020587
0.020624
0.020651
0.020676
0.020703
0.020727
0.020751
0.020776
0.020800
0.020823
0.022002
0.022201
0.022225
0.022249
0.022274
0.022299
0.022323
0.022348
0.022372
0.022397
0.022420
0.020896
0.021107
0.021140
0.021168
0.021194
0.021218
0.021243
0.021266
0.021290
0.021314
0.021338
0.020359
0.020548
0.020576
0.020613
0.020638
0.020664
0.020689
0.020714
0.020737
0.020762
0.020785
0.020871
0.021077
0.021095
0.021109
0.021123
0.021137
0.021150
0.021163
0.021177
0.021190
0.021203
0.043757
0.043958
0.043976
0.043990
0.044003
0.044017
0.044030
0.044044
0.044057
0.044070
0.044083
0.021462
0.021659
0.021677
0.021691
0.021705
0.021718
0.021731
0.021745
0.021758
0.021771
0.021784
0.020779
0.020965
0.020992
0.021006
0.021020
0.021034
0.021048
0.021061
0.021075
0.021087
0.021100
0.022039
0.022233
0.022253
0.022268
0.022282
0.022296
0.022309
0.022323
0.022336
0.022349
0.022362
0.020410
0.020605
0.020622
0.020637
0.020651
0.020664
0.020678
0.020693
0.020714
0.020735
0.020755
0.020588
0.020792
0.020810
0.020825
0.020839
0.020853
0.020867
0.020880
0.020893
0.020906
0.020920
0.021375
0.021568
0.021586
0.021601
0.021614
0.021628
0.021641
0.021654
0.021667
0.021681
0.021694
0.020861
0.021061
0.021079
0.021094
0.021107
0.021121
0.021134
0.021147
0.021161
0.021177
0.021190
0.020652
0.020832
0.020858
0.020873
0.020887
0.020900
0.020913
0.020926
0.020940
0.020953
0.020966
0.020627
0.020822
0.020840
0.020854
0.020868
0.020882
0.020896
0.020909
0.020923
0.020936
0.020950
0.044179
0.044376
0.044394
0.044408
0.044422
0.044436
0.044449
0.044462
0.044476
0.044489
0.044502
0.021423
0.021617
0.021634
0.021649
0.021662
0.021676
0.021689
0.021703
0.021716
0.021729
0.021742
0.020460
0.020652
0.020679
0.020694
0.020708
0.020722
0.020735
0.020749
0.020761
0.020775
0.020788
0.021748
0.021930
0.021957
0.021971
0.021985
0.021999
0.022012
0.022026
0.022039
0.022053
0.022067
0.020453
0.020650
0.020667
0.020681
0.020695
0.020709
0.020722
0.020735
0.020748
0.020761
0.020774
0.020730
0.020924
0.020942
0.020956
0.020970
0.020983
0.020997
0.021010
0.021023
0.021037
0.021050
0.021362
0.021566
0.021584
0.021598
0.021612
0.021626
0.021640
0.021653
0.021666
0.021680
0.021693
0.020654
0.020857
0.020874
0.020889
0.020903
0.020916
0.020929
0.020943
0.020957
0.020970
0.020983
0.020471
0.020662
0.020680
0.020694
0.020709
0.020722
0.020736
0.020749
0.020762
0.020778
0.020792
0.020625
0.020818
0.020836
0.020850
0.020864
0.020887
0.020905
0.020919
0.020945
0.020965
0.020980
0.044478
0.044677
0.044694
0.044708
0.044722
0.044735
0.044749
0.044761
0.044775
0.044796
0.044815
0.020739
0.020936
0.020953
0.020967
0.020981
0.020994
0.021008
0.021022
0.021035
0.021048
0.021062
0.021817
0.022014
0.022031
0.022046
0.022059
0.022073
0.022086
0.022099
0.022113
0.022126
0.022139
0.020874
0.021069
0.021087
0.021101
0.021115
0.021129
0.021143
0.021157
0.021170
0.021184
0.021197
0.021263
0.021472
0.021490
0.021504
0.021518
0.021532
0.021545
0.021558
0.021572
0.021585
0.021598
0.021199
0.021392
0.021418
0.021432
0.021449
0.021463
0.021477
0.021490
0.021504
0.021517
0.021530
0.022093
0.022289
0.022315
0.022330
0.022343
0.022357
0.022371
0.022384
0.022397
0.022423
0.022453
0.020847
0.021039
0.021067
0.021082
0.021096
0.021110
0.021123
0.021137
0.021150
0.021163
0.021176
0.020757
0.020954
0.020971
0.020986
0.021000
0.021013
0.021026
0.021040
0.021053
0.021066
0.021079
0.021044
0.021228
0.021245
0.021259
0.021282
0.021295
0.021309
0.021322
0.021335
0.021348
0.021361
0.044489
0.044686
0.044704
0.044718
0.044732
0.044746
0.044759
0.044772
0.044785
0.044798
0.044811
0.022065
0.022262
0.022280
0.022295
0.022309
0.022323
0.022336
0.022350
0.022369
0.022383
0.022396
0.021216
0.021413
0.021430
0.021445
0.021458
0.021472
0.021485
0.021498
0.021515
0.021528
0.021541
0.021996
0.022192
0.022210
0.022224
0.022238
0.022252
0.022265
0.022278
0.022291
0.022305
0.022317
0.020741
0.020938
0.020956
0.020970
0.020983
0.020996
0.021010
0.021024
0.021036
0.021050
0.021064
0.020902
0.021090
0.021107
0.021122
0.021136
0.021149
0.021165
0.021183
0.021199
0.021216
0.021232
0.020744
0.020947
0.020967
0.020985
0.021000
0.021016
0.021031
0.021047
0.021063
0.021079
0.021094
0.020956
0.021154
0.021175
0.021192
0.021210
0.021226
0.021243
0.021258
0.021274
0.021290
0.021305
0.021059
0.021252
0.021269
0.021283
0.021297
0.021310
0.021322
0.021336
0.021349
0.021363
0.021376
0.020595
0.020778
0.020795
0.020809
0.020832
0.020846
0.020859
0.020872
0.020885
0.020899
0.020911
0.044304
0.044503
0.044520
0.044534
0.044548
0.044561
0.044575
0.044589
0.044602
0.044616
0.044629
0.021775
0.021973
0.021991
0.022005
0.022019
0.022032
0.022045
0.022059
0.022072
0.022085
0.022099
0.020626
0.020813
0.020839
0.020854
0.020867
0.020881
0.020895
0.020909
0.020921
0.020935
0.020948
0.021496
0.021697
0.021715
0.021730
0.021744
0.021757
0.021770
0.021784
0.021797
0.021810
0.021823
0.020654
0.020849
0.020867
0.020881
0.020895
0.020910
0.020923
0.020937
0.020950
0.020964
0.020977
0.020599
0.020793
0.020810
0.020825
0.020838
0.020852
0.020866
0.020883
0.020897
0.020910
0.020923
0.020971
0.021151
0.021177
0.021192
0.021206
0.021219
0.021233
0.021246
0.021259
0.021273
0.021286
0.020561
0.020761
0.020779
0.020793
0.020807
0.020821
0.020834
0.020848
0.020861
0.020874
0.020888
0.020424
0.020605
0.020632
0.020647
0.020661
0.020674
0.020687
0.020700
0.020713
0.020726
0.020740
0.020848
0.021041
0.021059
0.021074
0.021088
0.021102
0.021115
0.021139
0.021153
0.021167
0.021180
0.044578
0.044773
0.044791
0.044805
0.044819
0.044839
0.044856
0.044871
0.044886
0.044902
0.044917
0.021557
0.021755
0.021775
0.021791
0.021809
0.021823
0.021838
0.021854
0.021869
0.021884
0.021898
0.020498
0.020704
0.020723
0.020739
0.020755
0.020770
0.020785
0.020801
0.020816
0.020831
0.020847
0.021690
0.021893
0.021914
0.021931
0.021949
0.021964
0.021980
0.021996
0.022012
0.022027
0.022043
0.020516
0.020712
0.020731
0.020748
0.020763
0.020780
0.020797
0.020812
0.020827
0.020842
0.020857
0.020633
0.020831
0.020850
0.020866
0.020883
0.020900
0.020916
0.020931
0.020947
0.020963
0.020979
0.021597
0.021809
0.021829
0.021847
0.021862
0.021878
0.021893
0.021909
0.021924
0.021940
0.021955
0.020582
0.020777
0.020807
0.020824
0.020841
0.020859
0.020874
0.020888
0.020902
0.020916
0.020930
0.020623
0.020829
0.020847
0.020862
0.020875
0.020889
0.020902
0.020916
0.020929
0.020942
0.020955
0.020844
0.021027
0.021053
0.021068
0.021081
0.021098
0.021114
0.021130
0.021145
0.021160
0.021176
0.044212
0.044418
0.044438
0.044456
0.044472
0.044488
0.044504
0.044519
0.044534
0.044550
0.044566
0.022041
0.022246
0.022263
0.022277
0.022291
0.022304
0.022318
0.022332
0.022345
