1.793954
0.046742
0.047035
0.047058
0.047088
0.047107
0.047127
0.047146
0.047165
0.047184
0.047203
0.047223
0.034399
0.034661
0.034680
0.034708
0.034728
0.034747
0.034765
0.034784
0.034803
0.034821
0.034840
0.031182
0.031419
0.031437
0.031452
0.031467
0.031482
0.031495
0.031509
0.031523
0.031536
0.031550
0.024615
0.024832
0.024859
0.024874
0.024889
0.024902
0.024915
0.024929
0.024942
0.024955
0.024968
0.024264
0.024481
0.024499
0.024514
0.024528
0.024541
0.024555
0.024568
0.024581
0.024595
0.024610
0.025012
0.025225
0.025242
0.025258
0.025271
0.025285
0.025298
0.025312
0.025325
0.025338
0.025352
0.023991
0.024212
0.024230
0.024244
0.024258
0.024271
0.024287
0.024301
0.024315
0.024329
0.024343
0.024307
0.024523
0.024541
0.024555
0.024569
0.024582
0.024595
0.024608
0.024621
0.024635
0.024648
0.024388
0.024594
0.024611
0.024624
0.024648
0.024662
0.024675
0.024688
0.024703
0.024716
0.024729
0.049707
0.049934
0.049952
0.049966
0.049980
0.049993
0.050006
0.050022
0.050035
0.050049
0.050063
0.024274
0.024494
0.024512
0.024526
0.024540
0.024553
0.024567
0.024580
0.024593
0.024606
0.024620
0.024305
0.024526
0.024544
0.024558
0.024571
0.024587
0.024601
0.024614
0.024627
0.024640
0.024653
0.024042
0.024261
0.024278
0.024292
0.024306
0.024319
0.024333
0.024347
0.024360
0.024373
0.024387
0.023928
0.024138
0.024165
0.024179
0.024198
0.024215
0.024228
0.024241
0.024255
0.024268
0.024281
0.024708
0.024932
0.024949
0.024963
0.024977
0.024992
0.025006
0.025019
0.025032
0.025045
0.025059
0.024052
0.024338
0.024374
0.024394
0.024414
0.024432
0.024450
0.024469
0.024491
0.024511
0.024529
0.023742
0.023965
0.023982
0.023997
0.024011
0.024025
0.024038
0.024051
0.024064
0.024077
0.024091
0.024254
0.024473
0.024491
0.024505
0.024519
0.024532
0.024545
0.024559
0.024572
0.024586
0.024599
0.024609
0.024828
0.024846
0.024864
0.024878
0.024891
0.024904
0.024917
0.024930
0.024944
0.024956
0.050468
0.050683
0.050710
0.050724
0.050738
0.050751
0.050764
0.050777
0.050790
0.050803
0.050817
0.024454
0.024674
0.024692
0.024706
0.024720
0.024733
0.024747
0.024760
0.024773
0.024786
0.024799
0.024084
0.024304
0.024324
0.024338
0.024352
0.024365
0.024378
0.024391
0.024404
0.024418
0.024431
0.024478
0.024699
0.024716
0.024730
0.024744
0.024758
0.024771
0.024785
0.024798
0.024811
0.024824
0.024534
0.024756
0.024773
0.024788
0.024801
0.024815
0.024828
0.024842
0.024856
0.024870
0.024883
0.024366
0.024595
0.024612
0.024627
0.024641
0.024657
0.024671
0.024684
0.024698
0.024711
0.024724
0.024542
0.024758
0.024775
0.024789
0.024802
0.024816
0.024829
0.024843
0.024856
0.024869
0.024883
0.024948
0.025166
0.025188
0.025203
0.025217
0.025231
0.025244
0.025258
0.025271
0.025284
0.025297
0.025002
0.025223
0.025239
0.025254
0.025267
0.025280
0.025294
0.025308
0.025322
0.025335
0.025348
0.025203
0.025429
0.025448
0.025462
0.025476
0.025490
0.025504
0.025517
0.025530
0.025543
0.025556
0.051538
0.051759
0.051776
0.051790
0.051804
0.051818
0.051832
0.051845
0.051858
0.051872
0.051885
0.025479
0.025766
0.025798
0.025824
0.025859
0.025885
0.025911
0.025936
0.025962
0.025987
0.026010
0.025620
0.025829
0.025856
0.025870
0.025884
0.025899
0.025913
0.025926
0.025940
0.025953
0.025966
0.026001
0.026219
0.026240
0.026255
0.026268
0.026282
0.026295
0.026309
0.026322
0.026335
0.026348
0.026326
0.026541
0.026567
0.026582
0.026597
0.026611
0.026624
0.026638
0.026651
0.026665
0.026678
0.026216
0.026439
0.026457
0.026471
0.026485
0.026499
0.026512
0.026526
0.026539
0.026553
0.026566
0.025962
0.026183
0.026201
0.026216
0.026230
0.026243
0.026257
0.026270
0.026284
0.026297
0.026311
0.026159
0.026381
0.026399
0.026413
0.026427
0.026441
0.026454
0.026467
0.026481
0.026496
0.026510
0.025427
0.025652
0.025671
0.025686
0.025700
0.025713
0.025727
0.025740
0.025753
0.025766
0.025779
0.024509
0.024730
0.024748
0.024764
0.024778
0.024791
0.024804
0.024817
0.024831
0.024844
0.024857
0.050883
0.051101
0.051119
0.051134
0.051148
