1.103987
0.022908
0.023137
0.023157
0.023173
0.023190
0.023205
0.023221
0.023237
0.023252
0.023268
0.023284
0.022369
0.022590
0.022609
0.022624
0.022639
0.022655
0.022670
0.022686
0.022701
0.022716
0.022730
0.022803
0.023019
0.023038
0.023055
0.023071
0.023086
0.023102
0.023116
0.023132
0.023148
0.023163
0.021966
0.022170
0.022191
0.022218
0.022235
0.022251
0.022267
0.022282
0.022299
0.022315
0.022330
0.022341
0.022542
0.022571
0.022589
0.022605
0.022621
0.022638
0.022654
0.022668
0.022681
0.022694
0.022350
0.022565
0.022582
0.022597
0.022611
0.022624
0.022637
0.022650
0.022664
0.022677
0.022691
0.022957
0.023171
0.023188
0.023202
0.023216
0.023229
0.023245
0.023258
0.023271
0.023284
0.023298
0.022128
0.022334
0.022386
0.022412
0.022430
0.022452
0.022468
0.022490
0.022507
0.022528
0.022543
0.022123
0.022333
0.022350
0.022364
0.022378
0.022392
0.022405
0.022418
0.022431
0.022444
0.022458
0.046877
0.047090
0.047107
0.047121
0.047134
0.047148
0.047162
0.047177
0.047190
0.047203
0.047216
0.022933
0.023147
0.023164
0.023178
0.023191
0.023205
0.023218
0.023231
0.023244
0.023258
0.023271
0.022255
0.022468
0.022485
0.022500
0.022514
0.022529
0.022542
0.022555
0.022569
0.022582
0.022595
0.022627
0.022839
0.022855
0.022870
0.022884
0.022897
0.022910
0.022924
0.022937
0.022951
0.022964
0.022102
0.022312
0.022329
0.022343
0.022357
0.022372
0.022386
0.022399
0.022412
0.022425
0.022439
0.022214
0.022421
0.022438
0.022452
0.022466
0.022479
0.022492
0.022506
0.022519
0.022532
0.022546
0.022914
0.023114
0.023139
0.023153
0.023167
0.023180
0.023193
0.023206
0.023222
0.023235
0.023248
0.022830
0.023041
0.023059
0.023073
0.023087
0.023101
0.023114
0.023128
0.023142
0.023156
0.023169
0.022428
0.022638
0.022655
0.022669
0.022682
0.022696
0.022709
0.022722
0.022736
0.022749
0.022762
0.022004
0.022213
0.022231
0.022248
0.022262
0.022276
0.022289
0.022303
0.022316
0.022329
0.022342
0.047042
0.047251
0.047268
0.047283
0.047296
0.047309
0.047323
0.047336
0.047349
0.047362
0.047375
0.023018
0.023229
0.023247
0.023261
0.023275
0.023288
0.023302
0.023315
0.023329
0.023342
0.023355
0.021972
0.022186
0.022205
0.022219
0.022233
0.022246
0.022259
0.022273
0.022286
0.022299
0.022312
0.022727
0.022942
0.022959
0.022974
0.022988
0.023007
0.023021
0.023035
0.023048
0.023062
0.023075
0.022182
0.022395
0.022412
0.022426
0.022440
0.022453
0.022467
0.022480
0.022493
0.022507
0.022520
0.022112
0.022320
0.022337
0.022351
0.022365
0.022382
0.022395
0.022409
0.022422
0.022436
0.022449
0.022022
0.022230
0.022248
0.022263
0.022276
0.022290
0.022303
0.022317
0.022331
0.022344
0.022357
0.022764
0.022963
0.022990
0.023004
0.023018
0.023032
0.023045
0.023058
0.023072
0.023085
0.023098
0.021929
0.022135
0.022152
0.022166
0.022180
0.022193
0.022207
0.022221
0.022234
0.022247
0.022261
0.021800
0.022011
0.022028
0.022043
0.022064
0.022080
0.022096
0.022112
0.022127
0.022143
0.022158
0.047363
0.047650
0.047686
0.047722
0.047750
0.047783
0.047819
0.047857
0.047887
0.047912
0.047938
0.023009
0.023231
0.023251
0.023268
0.023286
0.023302
0.023318
0.023333
0.023349
0.023364
0.023379
0.023345
0.023566
0.023586
0.023602
0.023619
0.023635
0.023652
0.023667
0.023683
0.023700
0.023714
0.022845
0.023054
0.023075
0.023090
0.023104
0.023118
0.023131
0.023144
0.023158
0.023171
0.023185
0.022081
0.022280
0.022297
0.022311
0.022335
0.022349
0.022362
0.022376
0.022389
0.022403
0.022416
0.022209
0.022423
0.022442
0.022460
0.022477
0.022493
0.022508
0.022524
0.022539
0.022554
0.022570
0.023462
0.023680
0.023697
0.023713
0.023726
0.023740
0.023754
0.023767
0.023780
0.023793
0.023807
0.023057
0.023276
0.023293
0.023309
0.023322
0.023336
0.023349
0.023362
0.023376
0.023392
0.023405
0.022233
0.022448
0.022466
0.022480
0.022494
0.022508
0.022521
0.022534
0.022547
0.022561
0.022574
0.022923
0.023125
0.023152
0.023167
0.023181
0.023195
0.023208
0.023222
0.023235
0.023248
0.023262
0.048866
0.049081
0.049098
0.049113
0.049127
0.049140
0.049154
0.049167
0.049180
0.049193
0.049207
0.024683
0.024902
0.024920
0.024934
0.024948
0.024962
0.024975
0.024988
0.025002
0.025015
0.025028
0.023507
0.023715
0.023742
0.023756
0.023770
0.023783
0.023796
0.023809
0.023823
0.023836
0.023849
0.028418
0.028634
0.028651
0.028666
0.028680
0.028693
0.028707
0.028720
0.028733
0.028746
0.028760
0.022576
0.022780
0.022798
0.022812
0.022826
0.022840
0.022853
0.022866
0.022880
0.022893
0.022906
0.022622
0.022834
0.022851
0.022866
0.022880
0.022893
0.022907
0.022920
0.022934
0.022948
0.022962
0.023225
0.023438
0.023456
0.023470
0.023484
0.023498
0.023511
0.023525
0.023537
0.023551
0.023564
0.023036
0.023244
0.023262
0.023276
0.023290
0.023303
0.023316
0.023330
0.023344
0.023357
0.023371
0.022596
0.022800
0.022818
0.022841
0.022855
0.022869
0.022882
0.022895
0.022908
0.022923
0.022936
0.022701
0.022908
0.022925
0.022939
0.022953
0.022967
0.022980
0.022995
0.023008
0.023021
0.023041
0.047707
0.047913
0.047940
0.047954
0.047968
0.047981
0.047994
0.048007
0.048020
0.048033
0.048046
0.023630
0.023839
0.023856
0.023871
0.023885
0.023898
0.023912
0.023926
0.023939
0.023952
0.023966
0.023001
0.023215
0.023233
0.023247
0.023261
0.023274
0.023288
0.023301
0.023314
0.023327
0.023340
0.023064
0.023272
0.023290
0.023304
0.023318
0.023332
0.023345
0.023359
0.023371
0.023385
0.023398
0.023272
0.023483
0.023502
0.023520
0.023537
0.023553
0.023570
0.023585
0.023601
0.023616
0.023631
0.022445
0.022657
0.022676
0.022694
0.022713
0.022729
0.022744
0.022760
0.022776
0.022791
0.022807
0.022886
0.023093
0.023110
0.023125
0.023138
0.023152
0.023165
0.023179
0.023192
0.023205
0.023218
0.022777
0.022990
0.023009
0.023025
0.023039
0.023052
0.023066
0.023079
0.023093
0.023106
0.023119
0.023511
0.023726
0.023744
0.023759
0.023773
0.023787
0.023800
0.023814
0.023828
0.023841
0.023854
0.022748
0.022964
0.022982
0.022997
0.023010
0.023031
0.023063
0.023087
0.023110
0.023129
0.023142
0.049245
0.049465
0.049483
0.049497
0.049512
0.049525
0.049539
0.049553
0.049566
0.049580
0.049593
0.023161
0.023366
0.023393
0.023408
0.023422
0.023436
0.023449
0.023463
0.023476
0.023489
0.023502
0.023028
0.023245
0.023262
0.023277
0.023291
0.023305
0.023318
0.023332
0.023349
0.023362
0.023376
0.022287
0.022496
0.022514
0.022529
0.022543
0.022556
0.022569
0.022583
0.022596
0.022609
0.022622
0.022673
0.022885
0.022903
0.022917
0.022930
0.022943
0.022957
0.022970
0.022983
0.022996
0.023010
0.022843
0.023061
0.023090
0.023117
0.023144
0.023169
0.023196
0.023222
0.023247
0.023273
0.023298
0.023142
0.023365
0.023398
0.023423
0.023450
0.023475
0.023499
0.023523
0.023547
0.023573
0.023596
0.022707
0.022927
0.022956
0.022981
0.023006
0.023030
0.023055
0.023079
0.023104
0.023128
0.023152
0.022540
0.022757
0.022787
0.022813
0.022838
0.022864
0.022888
0.022912
0.022936
0.022960
0.022985
0.024531
0.024738
0.024764
0.024779
0.024793
0.024806
0.024820
0.024833
0.024847
0.024860
0.024873
0.050255
0.050455
0.050481
0.050495
0.050508
0.050521
0.050535
0.050549
0.050562
0.050575
0.050588
0.024475
0.024690
0.024708
0.024722
0.024736
0.024749
0.024763
0.024776
0.024789
0.024802
0.024815
0.023159
0.023371
0.023388
0.023402
0.023416
0.023429
0.023443
0.023457
0.023470
0.023483
0.023496
0.023558
0.023774
0.023792
0.023807
0.023821
0.023834
0.023848
0.023861
0.023875
0.023887
0.023901
0.024242
0.024455
0.024472
0.024486
0.024500
0.024513
0.024527
0.024540
0.024554
0.024567
0.024580
0.023130
0.023348
0.023366
0.023381
0.023395
0.023409
0.023422
0.023435
0.023448
0.023461
0.023475
0.023269
0.023481
0.023498
0.023513
0.023528
0.023541
0.023555
0.023568
0.023582
0.023595
0.023609
0.023371
0.023585
0.023602
0.023617
0.023631
0.023645
0.023658
0.023671
0.023685
0.023698
0.023711
0.024206
0.024419
0.024436
0.024451
0.024466
0.024479
0.024492
0.024506
0.024519
0.024532
0.024546
0.023919
0.024133
0.024151
0.024165
0.024179
0.024193
0.024206
0.024220
0.024233
0.024246
0.024259
0.050585
0.050790
0.050817
0.050831
0.050845
0.050862
0.050875
0.050888
0.050901
0.050915
0.050928
0.023425
0.023639
0.023657
0.023672
0.023686
0.023700
0.023713
0.023727
0.023740
0.023753
0.023766
0.024240
0.024450
0.024467
0.024482
0.024495
0.024509
0.024522
0.024535
0.024549
0.024562
0.024575
0.025006
0.025218
0.025236
0.025251
0.025265
0.025279
0.025292
0.025306
0.025319
0.025333
0.025347
0.023921
0.024130
0.024148
0.024162
0.024176
0.024190
0.024204
0.024217
0.024230
0.024243
0.024256
0.024007
0.024220
0.024237
0.024252
0.024266
0.024279
0.024293
0.024306
0.024320
0.024333
0.024352
0.024007
0.024209
0.024236
0.024251
0.024265
0.024278
0.024292
0.024305
0.024318
0.024331
0.024344
0.023965
0.024163
0.024180
0.024204
0.024218
0.024231
0.024245
0.024258
0.024271
0.024285
0.024299
0.025254
0.025461
0.025478
0.025492
0.025506
0.025520
0.025533
0.025546
0.025560
0.025573
0.025586
0.023615
0.023825
0.023842
0.023857
0.023871
0.023884
0.023897
0.023911
0.023925
0.023938
0.023952
0.050952
0.051150
0.051177
0.051191
0.051205
0.051218
0.051231
0.051244
0.051258
0.051271
0.051284
0.024661
0.024875
0.024893
0.024908
0.024921
0.024935
0.024949
0.024963
0.024976
0.024989
0.025003
0.024764
0.024976
0.024993
0.025008
0.025022
0.025035
0.025048
0.025062
0.025075
0.025088
0.025101
0.025206
0.025418
0.025435
0.025449
0.025463
0.025476
0.025490
0.025504
0.025517
0.025530
0.025543
0.024137
0.024347
0.024365
0.024379
0.024393
0.024407
0.024420
0.024434
0.024447
0.024461
0.024474
0.024453
0.024669
0.024687
0.024701
0.024714
0.024729
0.024742
0.024755
0.024769
0.024782
0.024795
0.024414
0.024625
0.024642
0.024657
0.024671
0.024684
0.024698
0.024711
0.024724
0.024738
0.024751
0.024654
0.024870
0.024888
0.024903
0.024917
0.024931
0.024945
0.024958
0.024972
0.024985
0.024998
0.025862
0.026079
0.026096
0.026111
0.026124
0.026138
0.026151
0.026165
0.026178
0.026192
0.026205
0.025179
0.025393
0.025410
0.025425
0.025439
0.025452
0.025466
0.025479
0.025492
0.025511
0.025524
0.052457
0.052672
0.052689
0.052704
0.052718
0.052731
0.052745
0.052758
0.052771
0.052784
0.052797
0.024951
0.025166
0.025185
0.025200
0.025214
0.025228
0.025241
0.025254
0.025268
0.025281
0.025294
0.024641
0.024855
0.024872
0.024887
0.024900
0.024914
0.024927
0.024940
0.024953
0.024971
0.024984
0.024891
0.025108
0.025126
0.025141
0.025155
0.025168
0.025182
0.025196
0.025209
0.025223
0.025236
0.026093
0.026316
0.026333
0.026347
0.026361
0.026375
0.026388
0.026401
0.026414
0.026428
0.026441
0.025714
0.025932
0.025949
0.025964
0.025978
0.025991
0.026005
0.026018
0.026032
0.026045
0.026058
0.024685
0.024900
0.024917
0.024931
0.024944
0.024958
0.024971
0.024984
0.024997
0.025011
0.025025
0.025092
0.025304
0.025322
0.025337
0.025351
0.025365
0.025383
0.025397
0.025410
0.025424
0.025438
0.025603
0.025804
0.025830
0.025844
0.025857
0.025871
0.025884
0.025898
0.025911
0.025925
0.025939
0.024780
0.025000
0.025017
0.025032
0.025046
0.025060
0.025073
0.025087
0.025100
0.025113
0.025126
0.051261
0.051477
0.051494
0.051508
0.051522
0.051535
0.051548
0.051562
0.051576
0.051589
0.051602
0.025093
0.025345
0.025363
0.025378
0.025391
0.025405
0.025419
0.025432
0.025445
0.025459
0.025472
0.024184
0.024398
0.024415
0.024429
0.024443
0.024457
0.024471
0.024484
0.024498
0.024512
0.024525
0.024827
0.025041
0.025059
0.025073
0.025087
0.025100
0.025114
0.025127
0.025141
0.025154
0.025167
0.025059
0.025269
0.025286
0.025301
0.025314
0.025328
0.025342
0.025355
0.025368
0.025382
0.025395
0.024824
0.025031
0.025048
0.025064
0.025077
0.025090
0.025104
0.025117
0.025130
0.025143
0.025156
0.023651
0.023862
0.023880
0.023894
0.023908
0.023922
0.023936
0.023950
0.023962
0.023976
0.023989
0.023882
0.024095
0.024113
0.024127
0.024142
0.024155
0.024169
0.024182
0.024195
0.024209
0.024222
0.024119
0.024336
0.024353
0.024367
0.024381
0.024395
0.024408
0.024421
0.024434
0.024451
0.024467
0.024502
0.024708
0.024727
0.024754
0.024771
0.024788
0.024804
0.024821
0.024838
0.024854
0.024869
0.050993
0.051210
0.051230
0.051248
0.051265
0.051281
0.051296
0.051312
0.051327
0.051342
0.051358
0.024447
0.024662
0.024681
0.024697
0.024713
0.024728
0.024744
0.024759
0.024774
0.024789
0.024804
0.022889
0.023108
0.023127
0.023144
0.023160
0.023176
0.023193
0.023209
0.023225
0.023241
0.023257
0.024246
0.024462
