32	60	68	78
38	63	65	74
38	63	65	74
38	64	66	75
39	64	66	76
39	65	67	76
39	66	68	77
40	66	68	78
40	67	69	79
41	67	70	79
41	68	70	80
41	69	71	81
126	93	67	77
133	95	67	77
141	98	67	77
149	101	67	77
157	103	67	78
165	106	67	78
173	109	68	78
181	112	68	78
189	114	68	79
197	117	68	79
205	120	68	79
241	68	70	81
249	70	70	81
258	69	70	81
268	68	70	81
278	68	70	82
287	67	71	82
297	67	71	82
306	66	71	83
316	66	71	83
326	65	72	83
335	65	72	84
230	62	70	81
239	61	70	81
242	60	70	81
245	60	70	81
249	59	70	81
252	58	70	81
255	58	70	81
258	57	70	82
261	56	70	82
264	55	71	82
267	55	71	82
125	81	73	84
128	80	73	84
123	81	73	84
118	81	73	84
113	82	73	84
108	83	73	84
103	84	74	85
98	84	74	85
93	85	74	85
88	86	74	85
83	87	74	85
186	76	70	81
180	76	70	81
181	76	70	81
183	77	70	81
184	77	69	80
185	77	69	80
186	77	69	80
187	77	69	80
188	77	69	80
189	77	69	80
190	77	69	80
302	60	73	84
302	60	72	83
310	59	73	84
317	58	73	84
324	57	73	84
331	56	73	84
338	55	73	84
345	54	73	84
353	53	73	84
360	53	73	84
367	52	73	84
310	44	70	81
317	43	70	81
320	41	70	81
324	40	69	80
327	39	69	80
331	37	69	80
335	36	69	80
338	35	69	80
342	34	69	80
345	32	69	80
349	31	69	80
311	42	70	81
314	40	69	80
315	40	69	80
317	39	69	80
318	38	69	80
319	38	69	80
320	37	69	80
322	36	69	80
323	36	69	80
324	35	69	80
325	34	69	80
309	44	70	81
310	43	69	80
310	43	69	80
310	43	69	80
310	43	69	80
311	42	69	80
311	42	69	80
311	42	69	80
311	42	69	80
312	42	69	80
312	42	69	80
318	107	73	84
318	106	72	83
318	110	73	84
319	113	73	84
319	117	73	84
320	120	73	84
320	124	73	84
321	127	73	84
322	131	74	85
322	134	74	85
323	138	74	85
283	76	76	87
283	79	76	87
281	79	76	87
280	79	76	87
278	79	76	87
276	78	77	88
274	78	77	88
273	78	77	88
271	78	77	88
269	78	78	89
268	78	78	89
250	104	78	89
248	103	78	89
245	105	78	89
243	106	78	89
240	107	78	89
237	108	79	90
235	110	79	90
232	111	79	90
229	112	79	90
227	114	79	90
224	115	80	91
251	95	76	87
248	96	76	87
247	96	76	87
246	96	76	87
245	96	76	87
244	96	76	87
243	96	76	87
242	96	76	87
241	96	75	86
240	96	75	86
239	97	75	86
288	80	75	86
286	80	74	85
288	79	74	85
290	78	74	85
292	77	74	85
293	76	74	85
295	75	74	85
297	74	74	85
299	74	74	85
300	73	74	85
302	72	74	85
266	103	76	87
267	102	75	86
267	103	75	86
266	103	75	86
266	104	75	86
266	105	76	87
265	106	76	87
265	107	76	87
265	108	76	87
264	109	76	87
264	110	76	87
183	66	79	91
182	66	79	91
177	65	79	91
172	63	79	91
168	62	79	91
163	60	79	91
158	58	79	92
153	57	80	92
148	55	80	92
143	54	80	92
138	52	80	93
205	76	79	91
200	74	79	91
199	74	79	91
198	73	79	91
197	73	79	91
196	73	79	91
195	73	79	91
194	73	79	91
193	72	79	91
192	72	79	92
191	72	79	92
221	65	82	95
220	64	82	95
220	64	82	95
221	63	82	95
222	62	82	95
223	62	82	96
223	61	83	96
224	61	83	96
225	60	83	96
226	59	83	97
226	59	83	97
239	82	84	96
239	81	84	96
241	82	84	96
242	82	84	96
243	83	84	96
245	84	84	96
246	84	85	97
248	85	85	97
249	86	85	97
250	86	85	97
252	87	85	97
167	92	87	100
168	92	87	100
165	93	87	100
161	94	87	100
158	95	87	101
154	96	88	101
151	97	88	101
147	98	88	101
144	98	88	102
141	99	89	102
137	100	89	102
208	73	91	104
204	73	91	104
205	73	91	104
205	72	91	104
206	71	92	105
207	71	92	105
207	70	92	105
208	69	93	106
209	69	93	106
209	68	93	106
210	67	94	107
216	61	87	100
216	60	87	100
217	59	87	100
218	58	87	100
219	57	87	100
220	56	86	99
221	55	86	99
222	54	86	99
223	53	86	99
224	52	86	99
225	51	86	99
200	102	84	96
200	100	83	95
200	102	83	95
199	104	83	95
199	106	83	95
198	108	83	94
198	110	82	94
197	112	82	94
197	113	82	93
196	115	82	93
196	117	81	93
191	62	86	98
190	63	85	97
189	62	85	97
188	61	85	97
188	59	85	97
187	58	85	97
186	57	85	97
185	55	85	97
185	54	85	97
184	53	85	97
183	51	85	97
156	63	82	95
155	61	82	94
152	61	81	94
150	60	81	94
148	59	81	94
146	59	81	94
143	58	81	94
141	57	80	94
139	57	80	93
137	56	80	93
134	55	80	93
243	66	84	96
240	65	83	95
244	65	83	95
248	65	83	95
252	65	83	95
256	65	83	95
260	65	83	95
263	65	83	95
267	65	83	95
271	64	83	95
275	64	83	95
226	66	87	100
229	65	87	99
230	65	87	100
231	65	87	100
232	66	87	100
233	66	87	100
234	66	87	101
235	66	88	101
236	66	88	101
237	66	88	101
238	66	88	102
240	81	86	98
240	81	86	98
241	81	86	98
242	82	86	98
243	83	86	98
244	84	86	98
245	85	86	98
246	86	86	98
247	86	86	98
248	87	86	98
249	88	86	98
276	60	89	102
276	60	89	101
279	60	89	102
281	59	89	102
284	58	89	102
286	57	89	102
288	56	89	103
291	56	90	103
293	55	90	103
295	54	90	103
298	53	90	103
217	74	91	104
219	73	91	104
217	73	91	104
214	73	91	104
212	74	91	104
210	74	91	105
208	75	92	105
205	75	92	105
203	75	92	105
201	76	92	105
198	76	92	106
318	88	89	102
315	88	89	102
320	89	89	102
324	90	89	102
329	91	89	102
333	92	89	102
337	93	88	102
342	94	88	102
346	95	88	101
351	96	88	101
355	97	88	101
307	36	86	98
311	37	85	97
312	34	85	97
314	32	85	97
316	29	85	97
317	27	85	96
319	24	84	96
320	22	84	96
322	19	84	96
323	17	84	95
325	14	84	95
307	38	82	95
