1.791586
0.037558
0.037846
0.037881
0.037909
0.037938
0.037965
0.037992
0.038018
0.038045
0.038072
0.038098
0.023888
0.024155
0.024187
0.024216
0.024243
0.024271
0.024298
0.024325
0.024351
0.024377
0.024402
0.022851
0.023098
0.023128
0.023152
0.023173
0.023196
0.023218
0.023240
0.023263
0.023287
0.023309
0.022270
0.022498
0.022527
0.022563
0.022588
0.022614
0.022638
0.022663
0.022687
0.022711
0.022737
0.023798
0.024017
0.024045
0.024059
0.024074
0.024087
0.024101
0.024115
0.024128
0.024142
0.024155
0.022683
0.022896
0.022914
0.022929
0.022943
0.022957
0.022970
0.022983
0.022997
0.023010
0.023023
0.021736
0.021941
0.021967
0.021982
0.021996
0.022009
0.022024
0.022038
0.022051
0.022064
0.022077
0.021729
0.021928
0.021955
0.021969
0.021983
0.021996
0.022010
0.022023
0.022036
0.022049
0.022063
0.023531
0.023745
0.023763
0.023777
0.023791
0.023805
0.023818
0.023831
0.023845
0.023858
0.023872
0.048382
0.048595
0.048612
0.048627
0.048640
0.048654
0.048667
0.048682
0.048696
0.048710
0.048723
0.023594
0.023805
0.023822
0.023836
0.023850
0.023863
0.023877
0.023890
0.023903
0.023916
0.023929
0.023136
0.023349
0.023366
0.023381
0.023394
0.023410
0.023424
0.023438
0.023451
0.023464
0.023478
0.023242
0.023463
0.023480
0.023494
0.023509
0.023522
0.023536
0.023549
0.023562
0.023576
0.023589
0.026627
0.026845
0.026862
0.026877
0.026891
0.026907
0.026921
0.026934
0.026947
0.026960
0.026973
0.023197
0.023412
0.023429
0.023444
0.023458
0.023472
0.023485
0.023499
0.023512
0.023525
0.023538
0.023457
0.023665
0.023691
0.023706
0.023720
0.023733
0.023746
0.023759
0.023774
0.023787
0.023801
0.023610
0.023828
0.023845
0.023859
0.023873
0.023886
0.023899
0.023912
0.023925
0.023938
0.023952
0.024142
0.024357
0.024374
0.024389
0.024402
0.024415
0.024429
0.024442
0.024455
0.024468
0.024481
0.025189
0.025404
0.025422
0.025438
0.025451
0.025465
0.025478
0.025491
0.025505
0.025518
0.025532
0.049803
0.050018
0.050035
0.050049
0.050062
0.050076
0.050089
0.050102
0.050115
0.050128
0.050141
0.023900
0.024113
0.024130
0.024144
0.024158
0.024172
0.024185
0.024199
0.024212
0.024225
0.024238
0.023727
0.023934
0.023962
0.023977
0.023990
0.024003
0.024017
0.024039
0.024054
0.024067
0.024080
0.024267
0.024481
0.024498
0.024513
0.024527
0.024540
0.024553
0.024566
0.024580
0.024592
0.024606
0.023629
0.023846
0.023864
0.023878
0.023891
0.023905
0.023918
0.023932
0.023945
0.023958
0.023971
0.023470
0.023670
0.023698
0.023712
0.023726
0.023742
