1.729082
0.041195
0.041486
0.041521
0.041541
0.041562
0.041581
0.041599
0.041618
0.041638
0.041656
0.041675
0.028699
0.028969
0.029000
0.029020
0.029039
0.029058
0.029076
0.029094
0.029112
0.029131
0.029149
0.024637
0.024868
0.024891
0.024907
0.024921
0.024936
0.024951
0.024965
0.024979
0.024992
0.025006
0.020699
0.020911
0.020930
0.020945
0.020959
0.020972
0.020986
0.021000
0.021013
0.021028
0.021042
0.021057
0.021256
0.021284
0.021299
0.021313
0.021327
0.021340
0.021353
0.021367
0.021380
0.021393
0.020829
0.021036
0.021053
0.021069
0.021082
0.021096
0.021109
0.021122
0.021136
0.021149
0.021163
0.021878
0.022071
0.022097
0.022112
0.022125
0.022139
0.022154
0.022167
0.022180
0.022193
0.022207
0.020687
0.020895
0.020912
0.020926
0.020939
0.020952
0.020965
0.020978
0.020992
0.021005
0.021018
0.020690
0.020892
0.020910
0.020924
0.020938
0.020951
0.020965
0.020978
0.020991
0.021005
0.021018
0.042524
0.042732
0.042758
0.042772
0.042786
0.042799
0.042813
0.042829
0.042842
0.042855
0.042868
0.020984
0.021190
0.021208
0.021222
0.021235
0.021249
0.021262
0.021275
0.021288
0.021302
0.021315
0.020527
0.020729
0.020746
0.020760
0.020774
0.020791
0.020804
0.020817
0.020830
0.020844
0.020857
0.020889
0.021093
0.021111
0.021125
0.021139
0.021152
0.021165
0.021179
0.021192
0.021205
0.021219
0.020333
0.020604
0.020645
0.020669
0.020690
0.020713
0.020733
0.020753
0.020774
0.020793
0.020813
0.019897
0.020082
0.020108
0.020123
0.020136
0.020150
0.020163
0.020176
0.020190
0.020204
0.020217
0.021128
0.021326
0.021344
0.021358
0.021371
0.021385
0.021398
0.021411
0.021426
0.021440
0.021452
0.021021
0.021227
0.021244
0.021258
0.021272
0.021286
0.021299
0.021313
0.021327
0.021341
0.021354
0.020177
0.020362
0.020387
0.020401
0.020415
0.020429
0.020442
0.020455
0.020468
0.020482
0.020495
0.020761
0.020956
0.020973
0.020989
0.021003
0.021016
0.021030
0.021044
0.021056
0.021069
0.021082
0.044062
0.044275
0.044292
0.044307
0.044320
0.044333
0.044347
0.044360
0.044373
0.044386
0.044399
0.021772
0.021976
0.021994
0.022008
0.022023
0.022037
0.022050
0.022064
0.022077
0.022090
0.022103
0.021339
0.021544
0.021564
0.021578
0.021592
0.021605
0.021618
0.021631
0.021644
0.021657
0.021670
0.021774
0.021966
0.021992
0.022007
0.022033
0.022064
0.022080
0.022094
0.022108
0.022121
0.022134
0.021688
0.021894
0.021912
0.021926
0.021940
0.021953
0.021966
0.021980
0.021992
0.022006
0.022020
0.020834
0.021038
0.021055
0.021070
0.021083
0.021099
0.021112
0.021126
0.021139
0.021152
0.021165
0.021447
0.021647
0.021664
0.021678
0.021692
0.021705
0.021718
0.021732
0.021746
0.021759
0.021772
0.021493
0.021695
0.021726
0.021752
0.021776
0.021801
0.021824
0.021849
0.021873
0.021895
0.021920
0.021045
0.021248
0.021276
0.021301
0.021326
0.021350
0.021374
0.021399
0.021423
0.021447
0.021471
0.020881
0.021081
0.021121
0.021147
0.021172
0.021196
0.021220
0.021244
0.021268
0.021291
0.021314
0.044302
0.044504
0.044521
0.044536
0.044549
0.044564
0.044577
0.044591
0.044604
0.044617
0.044630
0.022069
0.022269
0.022286
0.022301
0.022315
0.022329
0.022342
0.022356
0.022369
0.022384
0.022411
0.021614
0.021816
0.021833
0.021847
0.021861
0.021874
0.021888
0.021901
0.021915
0.021928
0.021941
0.021968
0.022156
0.022186
0.022201
0.022214
0.022228
0.022241
0.022255
0.022268
0.022281
0.022295
0.020972
0.021173
0.021190
0.021204
0.021219
0.021233
0.021246
0.021260
0.021273
0.021286
0.021300
0.021071
0.021274
0.021291
0.021306
0.021320
0.021334
0.021347
0.021361
0.021374
0.021387
0.021400
0.021512
0.021717
0.021735
0.021749
0.021763
0.021777
0.021790
0.021804
0.021816
0.021829
0.021842
0.022439
0.022645
0.022663
0.022678
0.022692
0.022706
0.022719
0.022732
0.022746
0.022762
0.022775
0.021558
0.021768
0.021786
0.021801
0.021815
0.021828
0.021842
0.021855
0.021868
0.021882
0.021895
0.020823
0.021020
0.021038
0.021053
0.021067
0.021080
0.021094
0.021107
0.021120
0.021133
0.021146
0.045188
0.045400
0.045418
0.045432
0.045446
0.045460
0.045474
0.045487
0.045500
0.045514
0.045527
0.021947
0.022157
0.022174
0.022189
0.022202
0.022216
0.022230
0.022243
0.022256
0.022269
0.022283
0.021610
0.021804
0.021830
0.021845
0.021859
0.021873
0.021886
0.021899
0.021913
0.021926
0.021939
0.021689
0.021878
0.021904
0.021919
0.021932
0.021946
0.021959
0.021972
0.021986
0.021999
0.022013
0.021515
0.021721
0.021739
0.021754
0.021767
0.021781
0.021794
0.021807
0.021821
0.021833
0.021846
0.021152
0.021347
0.021364
0.021379
0.021392
0.021406
0.021419
0.021432
0.021446
0.021459
0.021473
0.021821
0.022013
0.022040
0.022055
0.022069
0.022082
0.022096
0.022109
0.022123
0.022136
0.022149
0.022005
0.022202
0.022219
0.022234
0.022247
0.022261
0.022274
0.022287
0.022301
0.022315
0.022328
0.022290
0.022491
0.022508
0.022523
0.022537
0.022550
0.022563
0.022577
0.022590
0.022606
0.022620
0.020818
0.021019
0.021045
0.021067
0.021087
0.021107
0.021127
0.021147
0.021166
0.021185
0.021204
0.046114
0.046331
0.046349
0.046364
0.046377
0.046391
0.046404
0.046417
0.046430
0.046443
0.046456
0.021978
0.022178
0.022205
0.022220
0.022234
0.022248
0.022262
0.022276
0.022289
0.022302
0.022316
0.021674
0.021885
0.021903
0.021917
0.021931
0.021945
0.021958
0.021971
0.021984
0.021997
0.022011
0.021030
0.021217
0.021243
0.021258
0.021272
0.021286
0.021299
0.021313
0.021326
0.021339
0.021353
0.021672
0.021869
0.021886
0.021901
0.021915
0.021928
0.021941
0.021955
0.021968
0.021982
0.021995
0.022339
0.022526
